data/pcas/pca_proj_current/PC12.asc
NCOLS 494 
NROWS 529 
XLLCORNER -117.166666666667 
YLLCORNER -55.5 
CELLSIZE 0.166666666666667 
NODATA_value -9999 
[rows 120 to 143 of 529, columns 275 to 329 of 494]
-9999 -9999 -9999 -9999 -9999 -9999 -9999 0.150333704054708 0.153723489697244 -9999 -9999 -9999 -9999 -9999 -9999 -9999 -9999 -9999 -9999 -9999 -9999 -9999 -9999 -9999 -9999 -9999 -9999 -9999 -9999 -9999 -9999 -9999 -9999 -9999 -9999 -9999 -9999 -9999 -9999 -9999 -9999 -9999 -9999 -9999 -9999 -9999 -9999 -9999 -9999 -9999 -9999 -9999 -9999 -9999 -9999
0.214883109051772 -9999 -9999 -9999 -9999 -9999 -9999 0.14197634454928 0.148751663554281 -9999 -9999 -9999 -9999 0.136085878909239 -9999 -9999 -9999 -9999 -9999 -9999 -9999 -9999 -9999 -9999 -9999 -9999 -9999 -9999 -9999 -9999 -9999 -9999 -9999 -9999 -9999 -9999 -9999 -9999 -9999 -9999 -9999 -9999 -9999 -9999 -9999 -9999 -9999 -9999 -9999 -9999 -9999 -9999 -9999 -9999 -9999
0.179159774997982 -9999 -9999 -9999 -9999 -9999 -9999 0.148160941332088 0.155868046417407 -9999 -9999 -9999 -9999 0.130890464239325 0.110339333154517 -9999 -9999 0.0146950599803762 0.00250997933330899 -9999 -9999 -9999 -9999 -9999 -9999 -9999 -9999 -9999 -9999 -9999 -9999 -9999 -9999 -9999 -9999 -9999 -9999 -9999 -9999 -9999 -9999 -9999 -9999 -9999 -9999 -9999 -9999 -9999 -9999 -9999 -9999 -9999 -9999 -9999 -9999
0.161492331175337 0.218539676215676 -9999 -9999 -9999 -9999 0.17071395235273 0.156971240017251 0.161103935487278 0.133500737222998 -9999 -9999 -9999 0.121945091569251 0.116811959757653 0.139717776517913 -9999 -9999 0.0208048844820471 -9999 -9999 -9999 -9999 -9999 -9999 -9999 -9999 -9999 -9999 -9999 -9999 -9999 -9999 -9999 -9999 -9999 -9999 -9999 -9999 -9999 -9999 -9999 -9999 -9999 -9999 -9999 -9999 -9999 -9999 -9999 -9999 -9999 -9999 -9999 -9999
0.202113879356083 0.23638228097674 -9999 -9999 -9999 -9999 0.178829011506541 0.145873159866876 0.152669865353274 0.112259691642451 -9999 -9999 -9999 -9999 -9999 -9999 0.03505799053574 -9999 -9999 -9999 -9999 0.0896451605562061 0.070047499846196 0.0862835849827733 -9999 -9999 0.0156741499550455 0.141677959771217 0.131355335966567 -9999 -9999 0.175866623516532 -9999 -9999 -9999 -9999 -9999 -9999 -9999 -9999 0.191081770252165 -9999 -9999 -9999 -9999 -9999 -9999 -9999 -9999 -9999 -9999 -9999 -9999 -9999 -9999
-9999 -9999 -9999 -9999 -9999 -9999 0.151022676627413 0.143809451876585 0.157931187290036 0.144880183480159 -9999 -9999 -9999 -9999 -9999 -9999 -9999 -9999 -9999 -9999 -9999 -9999 -9999 -9999 -9999 -9999 0.0737902299002676 0.112698209371262 0.0944233041759078 -9999 0.0655597352350401 0.143626821672979 -9999 -9999 -9999 -9999 -9999 -9999 -9999 -9999 0.26046557525278 0.192652155864877 -9999 -9999 -9999 -9999 -9999 -9999 -9999 -9999 -9999 -9999 -9999 -9999 -9999
-9999 -9999 -9999 -9999 -9999 -9999 0.133123692999523 0.139129719924751 0.151782776937582 0.120139166481569 0.144459593179981 -9999 0.112054664208165 -9999 -9999 -9999 -9999 -9999 -9999 -9999 -9999 -9999 -9999 -9999 -9999 -9999 -9999 -9999 -9999 -9999 -9999 -9999 -9999 -9999 -9999 -9999 -9999 -9999 -9999 -9999 -9999 -9999 -9999 -9999 -9999 -9999 -9999 -9999 -9999 -9999 -9999 -9999 -9999 -9999 -9999
-9999 -9999 -9999 -9999 -9999 -9999 0.158615427678228 0.155318915138907 0.194080887589836 0.181970865655001 0.174588243596607 0.139203858075242 0.131206148535966 0.156053068222983 0.176519356560315 0.199067961499349 0.192366449644779 -9999 -9999 -9999 -9999 -9999 -9999 -9999 -9999 -9999 -9999 -9999 -9999 -9999 -9999 -9999 -9999 -9999 -9999 -9999 -9999 -9999 -9999 -9999 -9999 -9999 -9999 -9999 -9999 -9999 -9999 -9999 -9999 0.157628434667712 -9999 -9999 -9999 -9999 -9999
-9999 -9999 0.17697423825096 0.191221213482829 0.17086674736976 0.14235883883917 0.13173962085953 0.181654660366173 0.182065315306011 0.182845385932287 0.173021383662768 0.151760850804471 0.184669414775866 0.210908393025549 0.234391694894864 0.207881174869 0.197478651013795 0.203386759098279 -9999 -9999 -9999 -9999 -9999 -9999 -9999 -9999 -9999 -9999 -9999 -9999 -9999 -9999 -9999 -9999 -9999 -9999 -9999 -9999 -9999 -9999 -9999 -9999 -9999 -9999 0.152930678217854 0.190197110383047 -9999 -9999 -9999 -9999 -9999 -9999 -9999 -9999 -9999
0.183048083204091 0.24084681356127 0.249052093063018 0.223760779528387 0.193130456503217 0.176021739363109 0.17673740800466 0.198577130283868 0.196810580636503 0.193101134595572 0.176441215056944 0.260036972570196 0.284012963155381 0.316149807246289 0.31647989132375 0.282477746171438 0.247578721635552 0.212135291495942 0.111318157588613 -9999 -9999 -9999 -9999 -9999 -9999 -9999 -9999 -9999 -9999 -9999 -9999 -9999 -9999 -9999 -9999 -9999 -9999 -9999 -9999 -9999 -9999 0.288331161484816 0.278865566122913 0.220096081421741 0.280981237826143 0.277098342502473 -9999 -9999 -9999 -9999 -9999 -9999 -9999 -9999 -9999
0.248682702720503 0.277496220526454 0.256464222143394 0.249845858482002 0.22858133485154 0.208411270647396 0.203175238366118 0.226445529155274 0.249962498631534 0.254781968177288 0.185064010445056 0.275326554995487 0.303614501667476 0.284650986126629 0.343277498276991 0.372204717043314 0.329632689409178 0.251587336325439 0.190453588003816 -9999 -9999 -9999 -9999 -9999 -9999 -9999 -9999 -9999 -9999 -9999 -9999 -9999 -9999 -9999 -9999 0.289363081170043 0.306533357915725 -9999 -9999 -9999 -9999 0.270541177420355 0.296365202678592 0.232029982795376 0.290016926177526 0.257071186919417 -9999 -9999 -9999 -9999 -9999 -9999 -9999 -9999 -9999
0.277834107392291 0.30334752002985 0.263580433012489 0.25373781365363 0.249160119212664 0.259829765302113 0.258734108372247 0.245392211005151 0.252618413838189 0.21256591164022 0.229783148874419 0.259631130609322 0.308338162279609 0.358936882416981 0.343822304512883 0.386752611514635 0.375322462575652 0.333666587358558 0.286412594684645 -9999 -9999 -9999 -9999 -9999 -9999 -9999 -9999 -9999 -9999 -9999 -9999 -9999 -9999 -9999 -9999 -9999 -9999 -9999 -9999 -9999 -9999 -9999 0.247570406556965 0.304562414669938 0.339910126280365 0.271987727137801 -9999 0.333475968831597 0.320234304464998 0.294970100549106 0.331231786438174 0.348637648796094 0.290889574236843 0.365613474059507 0.393790450448054
0.305214149608612 0.317833861810303 0.283549657004389 0.288435628215785 0.250400782412524 0.284562173497666 0.277301683867605 0.270871810294807 0.278550202975345 0.293186520997214 0.273857587744388 0.323070365089291 0.387162303394037 0.414485811951761 0.39055569903016 0.417341787841517 0.389689663310519 0.424886713048779 0.344432353037666 -9999 -9999 -9999 0.249654062711936 0.302549249420018 0.356387312683447 0.327847819630722 0.329267943755083 0.308544295000927 0.342042178786817 0.29344491793241 0.249134053777903 0.218748750982973 -9999 -9999 -9999 -9999 -9999 -9999 -9999 -9999 -9999 -9999 0.316018965451397 0.27620127213112 0.338811147167826 0.366049873740443 0.33678190454726 0.344445932896424 0.339159427774853 0.327446860581959 0.337740275421274 0.390965920257105 0.405211334014099 0.399903554833611 0.411599059884597
0.28474554490653 0.275582588638102 0.275098096269399 0.273918317272778 0.257992572275282 0.240175644103661 0.288258810465925 0.251210672048302 0.247389597732556 0.27384902426403 0.331628904070737 0.341497151860088 0.375724215104252 0.380786748216598 0.360364399440226 0.406708984545356 0.423584435734271 0.412205203236438 0.417393740629992 0.406338708246834 0.419401026569191 0.376837216191786 0.367894389936812 0.362023136565792 0.333775171803562 0.328666122505977 0.341068178184259 0.357814962151458 0.336025443908095 0.300657733431979 0.267608089893348 0.276261726929777 0.334399101350943 -9999 -9999 -9999 -9999 -9999 -9999 -9999 0.232481090609066 0.357361148348756 0.405491915994753 0.397851714827994 0.413054761423116 0.399793323898521 0.385572930525755 0.36488138716204 0.311287933708542 0.332065693307468 0.349723510080778 0.368015384027767 0.280775821361126 -9999 -9999
0.251827436241006 0.264380121939199 0.242790117332166 0.291076051418654 0.218662357032707 0.233110540669684 0.305393891308641 0.278678586445664 0.216886043117855 0.290423014758972 0.37806692370741 0.375875773834719 0.352031391961222 0.385019501808024 0.402434884149199 0.431728146484615 0.426353980431895 0.403204527388564 0.421668450805907 0.426350274691837 0.421393977744378 0.351700331349366 0.413470602418826 0.409330210535691 0.396542509006503 0.369380011819445 0.374364251053239 0.255869824378334 0.295203907741624 0.256317354766734 0.204956399259348 0.280548904143042 0.377637753250247 0.343577241053719 0.306112425977842 -9999 -9999 -9999 -9999 0.40191630441693 0.408185845820454 0.45076841479162 0.474082518365561 0.451878995936851 0.417907967216102 0.436341090101581 0.395850830916351 0.403847164597188 0.374709383644778 0.339649454125845 0.367871424543661 0.378738195356946 0.373860256256187 -9999 -9999
0.272004444538104 0.304501414256097 0.323890198759511 0.242951640690854 0.21647132964286 0.222392187619036 0.27851309551103 0.286115678764677 0.24335202145222 0.266935858864804 0.394158377011575 0.349474329679706 0.362070738609047 0.399581578547286 0.389051885088246 0.386633835207408 0.374998408315406 0.446711360189016 0.464569194213372 0.443334332618395 0.267561581687257 0.405207833369368 0.424789531775352 0.425496715168245 0.399633311888102 0.376826986634867 0.379797875187634 0.383099042626862 0.401236629524914 0.345813159664053 0.359293752937071 0.409825336280004 0.410340748753693 0.406793522954312 0.410718015360607 0.400856396733407 0.40505519480781 0.437210739382398 0.414901248064013 0.409687743277709 0.39536839228929 0.477344748898972 0.463567536261278 0.500802962296312 0.447532803136562 0.372001015507218 0.35748542696109 0.373470149717456 0.359161121559751 0.340725418405131 0.359404109648303 0.361780238674723 0.37437798771291 0.345371738446819 0.371091361226061
0.259876340261815 0.285043574360723 0.327728237615262 0.264870026109018 0.279669807227554 0.231150641986051 0.237328449863563 0.300769907358972 0.296649106138549 0.413618474389654 0.399502222474294 0.380213435415762 0.410418825245165 0.42942479411684 0.391903221857207 0.37355584338654 0.421051028208594 0.384564188139682 0.423113203014725 0.419525582031789 0.394543548979301 0.426345882005758 0.435723221166755 0.418473958708219 0.402622220131345 0.41715736566667 0.435775813243656 0.395649670132289 0.404676051757115 0.430802642138789 0.427307401311711 0.41609974102556 0.423319858235221 0.428071523622909 0.395457802966239 0.452028756179669 0.422717886776936 0.411530230153538 0.438663684837561 0.404916179145768 0.367961468795492 0.418703537380402 0.435699803496739 0.443322028788425 0.41930045587971 0.340842898994157 0.311356338715495 0.300392742790069 0.29990821106444 0.311799967063197 0.337181801848972 0.342303030872566 0.359701879359029 0.351381738787759 0.398977999869936
-9999 0.28937794433079 0.366026916121113 0.364981015919351 0.269050286568222 0.256129351502577 0.293338683609199 0.341959377845372 0.406926224540502 0.415547513431515 0.33743453799597 0.323060269709031 0.414587230950709 0.190794428553413 0.195283760426519 0.177631954486924 0.22177144863215 0.218982692707835 0.238028686368291 0.408741457567459 0.385111922206333 0.385361924333705 0.345622360289799 0.392647748236617 0.384450912395778 0.435140208903533 0.437762624567848 0.4513178190471 0.467919191305312 0.479102230399632 0.493375571819089 0.502304339293607 0.47569660772008 0.465167129534933 0.414433460843515 0.478130768920194 0.443367906763162 0.419703267612786 0.417643422089913 0.412285475510411 0.406449757943034 0.39551171278342 0.415597630295936 0.406193276056258 0.385375676246217 0.366823994158717 0.336740009152578 0.335449466011697 0.405567236315985 0.370993083680198 0.317036326767941 0.310277207182777 0.303417531413184 0.324096720472485 0.342547223632547
-9999 0.383618375691646 0.402514109004556 0.421078803485033 0.343431921246413 0.295037820891584 0.329154287384681 0.384209755656631 0.387609310085875 0.376599811856076 0.356999395390694 0.395121909066748 0.258907077800872 0.183722256732061 0.253769535226084 0.211605350183194 0.20577917202514 0.21588262684463 0.250007778657924 0.225355093733665 0.207018898899832 0.219270486497155 0.226532989572365 0.24903629175212 0.257212483977481 0.263219701622893 0.411786101116329 0.437241210035851 0.458087302748798 0.481510171027051 0.468271781168761 0.465620654292211 0.475965511119728 0.485866914594029 0.457080716247469 0.457101662082858 0.438285501533146 0.446830645033703 0.438135086203557 0.441159438255651 0.436478197342063 0.396798196406527 0.400624949321472 0.36889474856272 0.364877138941645 0.350563588494403 0.361497808576969 0.394405842594847 0.393542027212629 0.330089640908547 0.271810992887531 0.2729197744207 0.293466072047943 0.318419334658182 0.335433550100218
-9999 0.334551591606096 0.436057723505686 0.410217596392557 0.312555036443545 0.332065897005239 0.414719831648621 0.366754796192795 0.391618341667178 0.394266021987108 0.424332791337416 0.238415790675116 0.185130253151255 0.270220443558879 0.235511726301218 0.239513949180683 0.236821216341069 0.243797206819222 0.215812921197069 0.227154767012942 0.223385735155766 0.228443182433785 0.237152674310129 0.239136625901262 0.240806837097787 0.243508411056507 0.25239069668643 0.408223582463052 0.456022879670976 0.464395050536571 0.460417758519772 0.456059260965544 0.455586934422405 0.270788512880573 0.276252698536387 0.275804611421883 0.24224907254249 0.433499153604151 0.428930232507751 0.431738317294397 0.436183254637325 0.430496530169073 0.43448493078834 0.382409706299888 0.359327907944409 0.361242660961823 0.355412239863014 0.416238096677101 0.391710360091438 0.387532931449981 0.308012594244517 0.249415263420399 0.290157050015102 0.283662713567146 0.30954349410977
0.331737488347553 0.364646700421468 0.42037761651462 0.378136914069399 0.349074548027763 0.405947152574431 0.407693625174894 0.392974158501141 0.523849734430951 0.255553689899078 0.20531162130234 0.225489859296993 0.190942204632523 0.223071614141234 0.1829251661245 0.184800737357755 0.236081030944089 0.206401852142895 0.24810362412368 0.236964188437221 0.213142173766223 0.225577962491382 0.236104803033098 0.23839226333783 0.239032561549994 0.244582517141385 0.259024735910817 0.438635377605446 0.457141427088412 0.445771487431835 0.435098430601751 0.258281629513836 0.256270765943827 0.256279765764018 0.26720589251847 0.256039139849444 0.272281955978392 0.409538840325468 0.42944201999423 0.427475146894649 0.427106483076402 0.442944706136696 0.427183290168061 0.423715827711026 0.415707560959731 0.363734864890183 0.393118338525246 0.395596651057392 0.402766396382058 0.389024795435748 0.390924365445543 0.328529133830838 0.278238230096654 0.236787835404821 0.242660006258162
0.370887815677247 0.417048619401049 0.379346220964729 0.400394008998841 0.449533699791333 0.385954847049259 0.401721871728956 0.433317079551964 0.318881223943691 0.269062884060667 0.228323157848135 0.198382106356694 0.207634663220857 0.213824250879249 0.150835945517137 0.182096104999952 0.214697895806827 0.187261308547487 0.223761608982982 0.230339877957918 0.25028462754753 0.230413864982981 0.249135654587057 0.276869300454231 0.244038263498023 0.251586010150324 0.26859155175106 0.239276873113028 0.464278781410758 0.438593635983961 0.430642045283835 0.279567479384851 0.257462677356919 0.270009808131814 0.257057449596506 0.263915062612679 0.276896744231271 0.458341011912166 0.460778112899748 0.471426520039601 0.456127587740604 0.439723198933879 0.416759822386336 0.413687515996219 0.404654770992648 0.416776870021455 0.425608412299225 0.391922942562338 0.405557391669216 0.361297921389114 0.361738474378926 0.377940878542239 0.384669649535588 0.232874742494097 0.189121399809273
0.378954041967398 0.365142482787801 0.413544726862008 0.386382114664328 0.398403241409548 0.392917612683323 0.482396090863803 0.390057064182026 0.313743535386616 0.240259869900764 0.237381877694577 0.212048622287301 0.214655455413314 0.204630701647677 0.173395547879343 0.240740399070282 0.250196105679312 0.183501030464448 0.211258701884833 0.249480545181151 0.206449513573779 0.237315290534817 0.256448320347671 0.264195679228689 0.228219736027626 0.248136270012111 0.231393362496492 0.241222974075756 0.457747025551426 0.478117243665753 0.480587423188214 0.273149523857321 0.265996456123075 0.279493613159322 0.428623831686959 0.441010003682577 0.470890808224072 0.460194662445026 0.454293253156245 0.470203584198308 0.460615287840274 0.407658330118616 0.403378825479346 0.398364989824502 0.39368984634408 0.427602289162551 0.395148131292782 0.386045903700716 0.353229031508845 0.360590867240464 0.301575157781041 0.367844649068286 0.37038655193635 0.314579506450888 0.241602567600674
0.350645647332444 0.438943216940704 0.382808263206225 0.346699686190119 0.39321822530648 0.539249099810637 0.363945362723787 0.319800704872747 0.280490526038858 0.260871865850759 0.241113470421145 0.239843859023055 0.240330562031678 0.215803121682608 0.196514250808653 0.208309925988024 0.225413179782526 0.215519917817371 0.223766636974645 0.224151218770599 0.205580768722482 0.250917213504182 0.265557341283051 0.248873617628665 0.217890063317159 0.210538725899301 0.204134155279948 0.207528038581413 0.247691488326641 0.48793285911271 0.256667070800796 0.281045358258768 0.259584334579381 0.439691895276357 0.451267046531576 0.455908124258941 0.457877832256589 0.457301371100159 0.461336396774993 0.459913763683758 0.476033155218519 0.439903730191377 0.402642860906223 0.408138640528516 0.394739682120082 0.405021773983812 0.409494814968188 0.351004949800228 0.367634510313915 0.357760958393245 0.358549132668724 0.36974396090069 0.339506131550245 0.355565949443803 0.319078503842972
