data/pcas/pca_proj_current/PC12.asc
NCOLS 494 
NROWS 529 
XLLCORNER -117.166666666667 
YLLCORNER -55.5 
CELLSIZE 0.166666666666667 
NODATA_value -9999 
[rows 240 to 263 of 529, columns 385 to 439 of 494]
0.313885299613324 0.337071049996342 0.328628799339303 0.334199467258472 0.313964546389081 0.331014658877298 0.320389224175096 0.314834076831343 0.326258815595491 0.334975084723053 0.346640580737963 0.353016257275941 0.360663032347774 0.362099075574091 0.357319191159506 0.352375901960813 0.336017036298018 0.321992353007074 0.325265854927581 0.316912385861743 0.307748964964185 0.292213491485558 0.276649879032849 0.277480006035621 0.259790248163529 0.245605596871298 0.236759668577444 0.234550440458896 0.236405880587498 0.252019868718123 0.233406535138183 0.233573642432998 0.21398757380908 0.18742227281741 0.15986054831257 0.158526379747413 0.169058087663655 0.177514245872283 0.19198593549262 0.221334037560339 0.241459008669582 0.412087729793449 0.393265363982465 0.375161497462822 0.363405111188949 0.194151232544673 0.386029851304543 0.388567565047255 0.369434372616078 0.365439995261692 0.344438936047723 0.363761463430739 0.386804053710475 0.390504498142347 0.389812684195104
0.319745875410711 0.328761561400245 0.339668954670313 0.339395585670453 0.342413113797055 0.340330526261098 0.332021762467343 0.333117328330493 0.344536748196094 0.355602330959645 0.359611410287348 0.372188606577147 0.370014078464411 0.360768727410082 0.354219532015805 0.356864739865747 0.342777500680168 0.333425569752815 0.322896953334485 0.308118681635933 0.307809231716437 0.314084462522076 0.275849946676665 0.267093861916927 0.246071208091802 0.214996033527368 0.233027113822622 0.205536369955879 0.230326216237255 0.245099151196047 0.234953533503779 0.223786505255476 0.227621520444797 0.200296389575938 0.180967707613383 0.172942671661265 0.176776724473098 0.17460355917924 0.21203701567794 0.239556366157685 0.254522448575139 0.22704045407062 0.207466894792227 0.210831537501077 0.209731381857753 0.391997123921286 0.407430031040612 0.394682677371302 0.376789566333169 0.335153676538579 0.342519576800531 0.354163198738561 0.381643233973475 0.391748895770933 0.398654499550133
0.305709180365271 0.31992173998068 0.330998548042463 0.341981413234785 0.347948937896109 0.343732713631272 0.343794846922784 0.347802509698549 0.356304867030084 0.364196229395298 0.374387456546412 0.374994195164795 0.373912509419079 0.361270462814927 0.354496513737914 0.352330738208052 0.353441112529518 0.338375660380157 0.325512805612944 0.321340437832181 0.314513675039527 0.31610791336713 0.294556239355889 0.2717839442529 0.232488657136204 0.204569978665783 0.202172526143068 0.193117377382718 0.222096931704026 0.240131164277042 0.235667654847906 0.236870339478374 0.246794672795982 0.222952306101469 0.197803512416912 0.186448227029998 0.180152080108676 0.190586807417383 0.2137930466746 0.243890435412268 0.255205789827017 0.243087985420549 0.228609460127963 0.230396411725838 0.228589138092222 0.414773140354215 0.415577561298016 0.393306912472338 0.379883409578221 0.370931645959573 0.344144210638103 0.361508990147343 0.372593107046041 0.379260414693188 0.38814578920818
0.296017376975381 0.309151906791671 0.322790308353589 0.336577894399716 0.351935119803255 0.362309863785433 0.357545093047492 0.359976254808203 0.363928495123277 0.374044892906228 0.377996753062208 0.375227171355098 0.361792091288652 0.35470503801124 0.353005478733279 0.346772005737098 0.340599580327126 0.333689967917662 0.324513035751807 0.317464932585234 0.321306972037982 0.320399647033153 0.306316270662627 0.271784755627072 0.245037640123128 0.215214138704866 0.18503388711224 0.182746207723709 0.218079041628307 0.230104793767543 0.234433363410098 0.239600399432257 0.250058534188024 0.243824643650512 0.217860837615671 0.202042715247391 0.202380385981617 0.210006152096002 0.22214487828598 0.237784825281367 0.250418256788964 0.258863248363574 0.238338249115422 0.240535617074298 0.426547534607767 0.433904549665059 0.41587027706043 0.403771991583814 0.391018757513655 0.384199415763932 0.364974199848976 0.374381360966808 0.377795183419034 0.378674744851205 0.379415492123624
0.296330910030702 0.300545870540906 0.31857596402889 0.338366604549593 0.351192505760984 0.365052370808618 0.365581397624709 0.373058573869803 0.374301646684908 0.376861587051907 0.372766855847756 0.366822125740258 0.346772463020593 0.352726521684185 0.352420788396271 0.349712307789388 0.334912529350669 0.336380973865463 0.326505126678855 0.321223345332384 0.318548056161081 0.320496771014376 0.31632592437597 0.281826958842371 0.242314241364458 0.220699909915434 0.200969058132335 0.189473409172322 0.221926292014607 0.222927908625323 0.219217328228658 0.234703159428208 0.240260323024209 0.240438910883991 0.229261289376088 0.21979140214011 0.219405217892392 0.221941235454524 0.227777985744549 0.239287872756598 0.252842309263395 0.258768992850045 0.245279885338829 0.245296923013757 0.428418498835537 0.436760859675684 0.236907551093118 0.405942787929785 0.402787816523169 0.400078326148893 0.412513418049633 0.389428414202019 0.387358046108557 0.377377883061909 0.376412964511223
0.276475809866558 0.286861562020614 0.313370868422466 0.329279216198247 0.34642837242596 0.350158763454144 0.37274618545652 0.377235797071142 0.368463903895574 0.36118784512368 0.351918413698848 0.350636790936206 0.357497532370931 0.348671430083707 0.332029449753502 0.328891115329704 0.32368438669382 0.330758410254342 0.322085847231275 0.315795241765806 0.311985693400491 0.314524316769366 0.316550901807559 0.304924422890542 0.265308045947424 0.246232405078787 0.2365140009897 0.226865226879053 0.235818240214186 0.219514716736214 0.215034847156696 0.218247126616618 0.225273695269445 0.223211290912886 0.225179074659454 0.234104173227382 0.237269546528186 0.228813971470183 0.232260810139649 0.242335279790712 0.251403178032887 0.460109701784978 0.444793913326554 0.442417198680177 0.442770849405194 0.44139308923716 0.243451621829582 0.411445160570917 0.400810732790797 0.401788119546516 0.410912810666098 0.410622615840182 0.380249833101269 0.381808336862343 0.378559330871698
0.265728823085532 0.279338718918159 0.297656589467213 0.31192723290122 0.339933424167318 0.352881588496705 0.363172488651814 0.375326256869779 0.35466443328051 0.343411501232659 0.336907964635795 0.327205763237606 0.326592127568902 0.323751148284259 0.308646719707628 0.311809045586908 0.312595508164737 0.317478976229299 0.320801655465928 0.319596597379232 0.319079937722344 0.308656283631225 0.322462754782165 0.312182443714759 0.284591850280746 0.274276639853134 0.265436629847327 0.251661010585323 0.237566440584821 0.221515198193807 0.211218733242473 0.206189436565655 0.201934755667552 0.205266427808373 0.209605705017734 0.211750028205843 0.224452823763647 0.242073041855864 0.239674394326117 0.241459173429031 0.449768923056208 0.253293273737602 0.441969938760041 0.439016110296246 0.451638015643433 0.45318922888232 0.430645787078585 0.414797997133226 0.405651617546211 0.389217921993155 0.385076229346727 0.399948089994226 0.371291373815664 0.373934504643048 0.376522481788353
0.258036141234691 0.274975743763947 0.283334271677945 0.299309438025369 0.321267724404479 0.335229484885533 0.349436171339817 0.352988465934477 0.33443065952739 0.323825117380178 0.329323677810167 0.326211703852688 0.303156083133872 0.308357905592154 0.307763678238846 0.299071532322313 0.301949398787628 0.301787012039564 0.311922937544952 0.315054679443326 0.309762452106999 0.314967460311331 0.323373393555335 0.322383228104017 0.310758220663042 0.288669804921462 0.275584433139684 0.254586724034954 0.245313613164697 0.225654445445695 0.200691308850673 0.197624731623751 0.19073229777331 0.193675354660612 0.189387313247823 0.18941558306476 0.191242567411434 0.207450401164185 0.234140678410193 0.439667559804863 0.435229281958535 0.437009492698074 0.435592718631954 0.442821408964594 0.462080931297047 0.459458884473098 0.439485213858936 0.415182494978011 0.40374139310401 0.398496616441315 0.382718668222466 0.398455934695869 0.39992748088543 0.401663214267455 0.37594497146691
0.246986525120296 0.259025524207506 0.276967174928753 0.29802469191488 0.312993011220652 0.323981131709028 0.332456373777296 0.331541880170223 0.320793641622418 0.595752443726216 0.316436564980075 0.32024738051114 0.300917772787962 0.302703029919111 0.29376144452177 0.29288307974958 0.293213994890325 0.297650735315644 0.297833130711577 0.304397688173744 0.306608222221857 0.3114015126035 0.321451324354623 0.331846996752852 0.310769563860862 0.294361100949073 0.276754607854684 0.254788947510052 0.235756204229088 0.213957051088573 0.201829719550895 0.198527730182075 0.188663960786652 0.181147603132007 0.173711970253135 0.158972442459208 0.160731379808507 0.385253710708995 0.397425431001539 0.406521462793877 0.408503842515293 0.404757664820555 0.423680949063731 0.450316889249473 0.475416270837514 0.478909267934527 0.443720831679026 0.427996574808207 0.402705365821995 0.400730261818988 0.394550081072403 0.398446167136026 0.402665875619544 0.407897918428562 0.410658642304152
0.24546410152125 0.258197416210776 0.273320882601261 0.289951771036061 0.301741014497211 0.311316156701097 0.323915079190552 0.318041811306512 0.604762279975653 0.594431158455733 0.588544559026997 0.597912936620981 0.581193067238066 0.573785205604695 0.292363218160864 0.283554074035645 0.286675683758539 0.56637965729559 0.290174721740849 0.292707530478575 0.307293075357841 0.313361007119082 0.317792723190086 0.327155571935545 0.303493716724457 0.288981088805596 0.26939666734417 0.25140023989372 0.231351493683149 0.217603288248613 0.194776242182428 0.445291846667166 0.434215011435869 0.419194329897576 0.398346813628441 0.378535937189137 0.369115390391289 0.364707438462938 0.385511839158984 0.392356666610535 0.384033399234288 0.381849924426534 0.420090754185957 0.467027311560722 0.422162908360471 0.457199332127967 0.456014606584158 0.393783759533853 0.40460497189239 0.406039201756893 0.393262065460962 0.398901755599693 0.420057252796777 0.428429142835561 0.424491039073802
0.23372486270993 0.249217029881829 0.267290113535162 0.591855552716571 0.599721789922173 0.598881132291799 0.606132173102009 0.601918750032805 0.595004095293404 0.581790448533521 0.574706482488685 0.574109053790101 0.567893927471054 0.564351019435854 0.558640200878163 0.56032883222911 0.558889625285761 0.560335083329125 0.555045493235482 0.559750711037682 0.294662541873762 0.576980843101343 0.589186013313892 0.593571141307308 0.57037181386581 0.560838865383114 0.534897100267519 0.527467391289249 0.50339104374908 0.485107738946555 0.463741400888069 0.449735919091728 0.433242326303927 0.418996505429795 0.399297534426151 0.3905421693345 0.381545262443051 0.386302047004626 0.396454310335061 0.385025980438139 0.388199885431387 0.355879183509158 0.385985367705223 0.403799156013534 0.383405654754468 0.397233664245773 0.421313897504805 0.402499883687077 0.377426237952537 0.373352792766758 0.396419807475435 0.404685540986014 0.44203254908693 0.452105975641231 0.404479062868164
0.230274150730149 0.246697000779572 0.578848611315547 0.589231694743018 0.592507209014456 0.59665186896908 0.596865401568665 0.585953736133715 0.588573167488268 0.575724850090306 0.569247745332413 0.56543601808331 0.56277362889796 0.563584581902711 0.552562046447243 0.547639011382443 0.550553026050927 0.550401419786923 0.548113642520859 0.557295568394876 0.557721692917146 0.578680342331264 0.583717859443931 0.589045128868083 0.569733850274521 0.555813251083859 0.532543769285133 0.523617180594206 0.503511912353128 0.49443062974032 0.464919768166351 0.445848004247665 0.433813760331545 0.41996801345142 0.407690605886344 0.400209063538542 0.406724356162867 0.418848601970798 0.399752562517402 0.350325193722874 0.356965158301437 0.382852692584837 0.410842101117014 0.329426177537725 0.341331015815345 0.381048045739363 0.407475170782497 0.410507389421064 0.393547736764071 0.38494652864531 0.356783197703357 0.397183755675397 0.435164100399746 0.440106794098706 0.388042637384103
0.225389450555174 0.557381619544292 0.56872025054423 0.58371141448253 0.588075861491137 0.59491051849597 0.597565205381773 0.581032403375055 0.585598087984702 0.577464924834463 0.567162055336459 0.565805952765893 0.550019079785765 0.552843555677171 0.552065535836472 0.549264533855005 0.548645009701613 0.546650005165813 0.552946603998925 0.556401575668146 0.567168255339413 0.573442388994019 0.582728453509637 0.58157867167939 0.567323633776774 0.554320377275451 0.530924074795076 0.512534414123593 0.494377202869384 0.484148878857371 0.45838542311885 0.438957944567016 0.433705498528557 0.421913282481363 0.412954801821737 0.41650602818368 0.40966753259446 0.418919205407188 0.375649675137092 0.354339728559645 0.351948015134343 0.375877864983985 0.356123650375338 0.328738225497746 0.341048278780043 0.373295360662662 0.390249070632217 0.392618802734545 0.411162380641001 0.397778515914967 0.379095530115199 0.383395100575311 0.398688827967486 0.401924527271316 0.383975607695851
0.549670881167565 0.562204592486634 0.568395115576377 0.575435163721044 0.582425582746213 0.58810294691209 0.59509501950693 0.57821781844336 0.570751721497296 0.575754489000743 0.566797511469635 0.550319627878382 0.541931204669279 0.545043365096724 0.5022796586229 0.503542374383907 0.506612497391491 0.50759674369449 0.557113090206943 0.558012336200549 0.565395978471999 0.576448971305627 0.578363418123592 0.568807702266177 0.563322919606131 0.546681152302933 0.520691304228307 0.514826308678155 0.496865743627144 0.46786608252325 0.451775268725083 0.438675367613015 0.437178701926563 0.425417209355668 0.418365955252222 0.414507712696107 0.415249405913439 0.371449653793926 0.375927213878616 0.361122269990618 0.358551518181896 0.378083009878352 0.356078370509945 0.344707658373135 0.355648752593951 0.380844090270166 0.356451585849862 0.368315453546397 0.411291316063902 0.424931968188653 0.428501030391284 0.416104049056282 0.414584250426896 0.407778955632576 0.386029468659691
0.55963281629841 0.562810048062328 0.571332824113778 0.572524178473806 0.578786299612205 0.579582548833858 0.579584399100669 0.580827173771953 0.572607082123882 0.56423171296463 0.556999537203287 0.494476677795026 0.493078544161822 0.493685497670545 0.500747164329234 0.496832905984796 0.499096106339804 0.50087717087158 0.550092692932215 0.556238872311107 0.562283406188463 0.57799830074992 0.571708906640618 0.562020689070607 0.556871958349936 0.545244946457282 0.520024303759786 0.513190147658079 0.495108836594729 0.468106781517463 0.453141413317938 0.446607226088782 0.436779745385539 0.428973887627426 0.38231275483298 0.372409483283521 0.375788534665856 0.385402219500757 0.381300264102345 0.367182363332975 0.367434938976626 0.371988802006516 0.356529366007903 0.350266642879615 0.362456993165267 0.326519124130157 0.307512617394898 0.323179594026251 0.39267631829391 0.419357222888705 0.417877830766632 0.411073449180842 0.410272508525292 0.410639010396701 0.417917059869363
0.555036581092259 0.564547799619337 0.571310420611986 0.572861596131017 0.530808644440547 0.539022974723093 0.530364258799187 0.566123660797957 0.567265188989454 0.511441160888806 0.497782702575915 0.483737834729109 0.486712763734089 0.494025942728474 0.500253244185131 0.496650825483449 0.485013913355897 0.492720739305487 0.498889072614268 0.505848179186204 0.512750921870648 0.519707512127268 0.507700469425112 0.546301949734729 0.542133169012561 0.54583699775085 0.519903073391183 0.512444478418586 0.502271786896503 0.478469668646192 0.412175033023915 0.398394142899043 0.386156551547113 0.389125850740921 0.383417309800321 0.376714924579417 0.374930036829279 0.378648422894315 0.37963319581599 0.375463523319633 0.378320253701604 0.374600181658354 0.371349693857361 0.366611054480807 0.348980612131002 0.313844328414251 0.296345332062064 0.318154053858922 0.357303956737584 0.390204249437022 0.400914751187039 0.382274705935162 0.362293656856463 0.373634938725393 0.399471713791385
0.562827118273068 0.570753179114904 0.573441211963296 0.573296335585141 0.527128407211366 0.529936101471396 0.520531664856978 0.512673348602093 0.497858044560549 0.495461245112353 0.487197627902183 0.481924339275204 0.483115057456903 0.484591837883942 0.489516227824443 0.481986409661739 0.481253139870957 0.485530471990676 0.494512268585677 0.500543111200462 0.503405899887678 0.512324251274132 0.512507710926447 0.500777499378817 0.54504108153184 0.491019773569766 0.480765943115041 0.46308762687605 0.507653561580948 0.438606288293615 0.422482707551425 0.401079365712238 0.39305736070852 0.387035311084035 0.38133122727025 0.37336542246205 0.377536233765082 0.373436821947432 0.373153741817492 0.375882840319673 0.376348682358852 0.383161246789231 0.370795769482892 0.369867647571225 0.362468276850022 0.349002768308821 0.336565440552042 0.335629008672123 0.349052244382883 0.382084826161144 0.384205524637037 0.369792181828714 0.348649895477692 0.35856148405537 0.376068819589794
0.561200975740135 0.563247624565632 0.572099789840431 0.527776904873879 0.529066547801477 0.526334489127468 0.514425395709797 0.505573721846593 0.501874661492858 0.491936385749506 0.481240126346372 0.478670940665656 0.475086115710299 0.481072334991315 0.477090107683445 0.467149023413095 0.478561758642358 0.479713418334022 0.48287789522596 0.484041520687706 0.49648146506177 0.505343359204877 0.510992596437393 0.499702196385232 0.490149477287912 0.481344264862051 0.477340862876654 0.461533735803327 0.453310959641816 0.439458580737075 0.417521165866839 0.394228080963244 0.390923773727776 0.384417286033873 0.376719969576199 0.377053666209506 0.377805281496739 0.370974865841599 0.374741098257338 0.377549293152115 0.386042091161857 0.390983012815948 0.383564233084283 0.384448577389122 0.389207740838228 0.376719733706043 0.369686886666595 0.354261712163254 0.361350331361142 0.373880300495492 0.369544837787745 0.383367592115774 0.359473835268293 0.367751976988108 0.383973395080614
0.514618611105343 0.514253176649314 0.520013330112867 0.522620719142707 0.524575391328364 0.517558156358359 0.507573002159849 0.492744467099899 0.486799119529113 0.490680950945887 0.486244868688295 0.476225867125974 0.476376157920325 0.481814937955274 0.472637216821341 0.463593617102898 0.470753803722592 0.478067486594974 0.471972584975847 0.475547446683952 0.488451352612632 0.493657428196769 0.503647846312366 0.485873696779013 0.473030546472614 0.466527646720892 0.473728589137146 0.457413857158821 0.437188697513643 0.42917906614623 0.414827409766591 0.389550869053847 0.377790467590131 0.380289885513083 0.377528523511515 0.377692609451221 0.37065749420591 0.373175564525725 0.377522652452109 0.378725193808608 0.382756173101938 0.39200869480107 0.393361362606289 0.400936766854395 0.40211719105762 0.397672710249464 0.386023804884151 0.374145933175451 0.370202108516313 0.373509895055805 0.376842486792325 0.377804069645093 0.36703629200152 0.373059418637968 0.395162497087918
0.516689286283396 0.521586708924289 0.524918128013081 0.517136148636853 0.513720565271406 0.503390551016036 0.492577012086673 0.485385889430392 0.484270124979854 0.481480752640987 0.487464812506745 0.476364073061162 0.467792597853018 0.470584266819048 0.46337452275706 0.457369889455436 0.461927372047849 0.460333043939478 0.457251108447928 0.466141791740929 0.478844761045082 0.492029208145797 0.498163453293293 0.492250177598952 0.475704888141769 0.471342101793261 0.464620906004464 0.44902650154612 0.432148382192159 0.418512787603053 0.409277175012691 0.392182637368085 0.376474238768819 0.376702979833862 0.376829355734544 0.37620986979268 0.377922965582792 0.372556362997133 0.382047360152378 0.376262233900151 0.38673043153179 0.392360275834681 0.399710942425799 0.399708057749157 0.40645622804717 0.403760026982389 0.397834587030705 0.380534183455673 0.372925233191433 0.35863801678254 0.372536720515667 0.368440830814069 0.371507185664669 0.384554489633214 0.386732566943252
0.514004293858706 0.5251138720944 0.524040799381899 0.514097084655306 0.504284433929992 0.488666654988052 0.47467537145812 0.469763303937479 0.471099935327584 0.469909399276265 0.469986695163978 0.452290523639423 0.444044831732386 0.434464624577487 0.439160490575157 0.448169799537315 0.454381862125221 0.455943462166958 0.454286408681216 0.462411391618094 0.477198718788885 0.486936647977839 0.484005548377984 0.480627103344354 0.478038910983872 0.469732804762236 0.453334206325297 0.43818589977226 0.419833146028573 0.423359730163392 0.401714831243512 0.385101679771136 0.374280643494816 0.373013509849593 0.373297100819622 0.375673650220665 0.375796821570608 0.376037950378655 0.386031400267944 0.387787043878145 0.385767269121183 0.390604189560685 0.391890895228985 0.402182657181134 0.399879658829285 0.39982289620569 0.391015048835533 0.385299939997652 0.379331746448 0.379967779893902 0.369428986427081 0.365779155927477 0.370375392241761 0.376614489344654 0.397251168567899
0.500542527292413 0.510312058942488 0.512723045993566 0.508743657663484 0.497791186658081 0.480166958084474 0.462328435438019 0.468480674157212 0.460660840308629 0.444924836608155 0.441050475026771 0.43377998510485 0.428978284149331 0.422393694824272 0.42606308260984 0.437218049883034 0.461900224256015 0.45709698055473 0.436839827428536 0.445653298882968 0.455784158691115 0.471648256166598 0.471445380707526 0.467187954628169 0.45743549870869 0.447170709654418 0.434993274172306 0.425038354279093 0.411118753379689 0.404989526813046 0.399051947332613 0.379871796144268 0.369135291866291 0.371124515894203 0.374207045893477 0.37909727354974 0.376446811912224 0.376558647980642 0.376392477963038 0.380145065784975 0.382872444574304 0.386081977528909 0.3953697078532 0.387769671992565 0.372044950178367 0.356273648820202 0.341060414392563 0.338633515880301 0.353053929591299 0.353934955527067 0.349202905815753 0.351529117932987 0.377305337378672 0.391847249355316 0.403954062269689
0.491423982360707 0.493115609768688 0.497873948527018 0.496322102887232 0.487412703753111 0.477746682777334 0.459641342230133 0.458626184114487 0.443819976138338 0.425411826956061 0.425787937006609 0.41079389479018 0.423331645688792 0.417718387494707 0.416656131578987 0.424418284329392 0.432716660944642 0.43496064250709 0.42608429947454 0.448972742333083 0.454385994110112 0.463708348497475 0.466465105499061 0.459252232740629 0.450191896349326 0.439211477259041 0.419221394019775 0.415046755418077 0.405847432498597 0.394286708478537 0.384648697028044 0.380069132180689 0.373063414613545 0.370998501192335 0.375681254981846 0.374070033761956 0.377034663909021 0.380624091637956 0.380480493888522 0.387424261574138 0.391823501079721 0.376519179021039 0.384905949427719 0.373271501974784 0.351623914702017 0.318846399427234 0.299240167001232 0.312205084557591 0.331527279363073 0.339671008468591 0.34146547899281 0.349169317368914 0.379937704960384 0.396732675545327 0.392492948349685
0.479009908777375 0.481252938919793 0.484602941308907 0.484030400875516 0.472158332392673 0.464078906208489 0.458769845767212 0.44960945815374 0.451035941202663 0.438254627626786 0.427780930688879 0.411977428515009 0.415494408729301 0.409242041658218 0.403479412249624 0.411698968505783 0.410711078929208 0.42218189534895 0.415325736019315 0.42598210262935 0.440673971423574 0.456211100554586 0.461278771130227 0.451758021331875 0.444267214170977 0.430304172724258 0.418843761316753 0.401085173125954 0.395387893671306 0.387370568888494 0.382938925854232 0.383541968342356 0.384724908876328 0.378853165157169 0.380651944110254 0.373763538780756 0.376853957382388 0.377824651161535 0.383558127577365 0.376079641346252 0.373852122612464 0.37609976443608 0.385466689755987 0.361705690911509 0.339479892865657 0.328984794131384 0.318950448405282 0.309708366086777 0.323100740646457 0.327882067247624 0.340543361045845 0.349912566614101 0.365119658631807 0.38625444998358 0.374632591768453
