data/pcas/pca_proj_current/PC12.asc
NCOLS 494 
NROWS 529 
XLLCORNER -117.166666666667 
YLLCORNER -55.5 
CELLSIZE 0.166666666666667 
NODATA_value -9999 
[rows 264 to 287 of 529, columns 275 to 329 of 494]
0.456037452365451 0.466511127120444 0.465181883800984 0.464447426394227 0.47021819983383 0.476718939166483 0.464513451245244 0.448188329479544 0.430395870012279 0.403209247146866 0.385368277661934 0.387865051417923 0.4059938481206 0.419285548853692 0.400991048955842 0.378769850935407 0.357136140406851 0.338221957532994 0.322509250348584 0.307692321097993 0.293214856747821 0.292328254349593 0.274821937646504 0.274466532588201 0.267544931194451 0.304120447295402 0.297656427586026 0.280797476107783 0.258075658305675 0.268301155651046 0.304101122415865 0.338951661651129 0.35996567543921 0.369431356050719 0.385920614588788 0.400773591838487 0.422542619045555 0.449089716028562 0.468661063869852 0.476148125414429 0.471237833599707 0.458207927868567 0.449629639972628 0.441023572437274 0.434609821010014 0.435421999822057 0.430866642798349 0.431282196830593 0.422629865285775 0.445900566428697 0.440158795190472 0.434739046586202 0.431128215897999 0.414773255105081 0.400678864890479
0.436558131412393 0.444618444841292 0.447116045004493 0.449631133907896 0.457086616898021 0.462240206472127 0.456529887362865 0.441540927642914 0.416423842881294 0.399848548776718 0.386636308841954 0.387847150492619 0.394807492295699 0.407182341469498 0.391906992716478 0.374509263660749 0.354936148170485 0.334715749001311 0.318411821037712 0.302244842034013 0.289099005062816 0.269397224929846 0.262710204277696 0.259333503082269 0.255580663095471 0.283591750429807 0.271755169719678 0.249241772103978 0.232433232462669 0.24089819885624 0.272633411202316 0.306336466073711 0.332134681103415 0.348025661440849 0.370820478245552 0.393547579206188 0.405206423695961 0.431587932486444 0.442926474545828 0.454936530750683 0.457759935662008 0.450690510254275 0.446416870019799 0.437052633505616 0.435859916647869 0.429185376225519 0.42634399093988 0.427879334659019 0.418557596250232 0.415558933189469 0.435274608509649 0.435356134496173 0.432724444048885 0.430905472132379 0.428529979174987
0.420068440067182 0.425531238800683 0.431187010327585 0.441729204682941 0.444306236359532 0.442585784248019 0.443509818906409 0.432156731248981 0.416869191024738 0.399099689949935 0.388312057679625 0.38673378298143 0.400601186095074 0.398921279655905 0.378455007997652 0.363134500078002 0.344761330561877 0.330292046393559 0.318229492448639 0.299392182688916 0.273997522583888 0.265453753045779 0.257213016569695 0.251590773502532 0.244141070283498 0.268718126697416 0.258635008343636 0.243731508584045 0.243367924300751 0.248985570689315 0.265495390118533 0.297117491206821 0.321231303396311 0.338511551894958 0.346880837390412 0.372547502576336 0.388013753631227 0.406276912477668 0.424777806711558 0.435171608927109 0.441415278367763 0.441774709526991 0.436088668751665 0.43237555771078 0.427280936460033 0.424753194661478 0.426761053821173 0.422957886629278 0.412792631012381 0.4106205835669 0.440578689945063 0.436113553393862 0.438452413730638 0.44424605336352 0.445678605092592
0.391923096022073 0.400879427007809 0.412678983064079 0.417619913035696 0.420777870372864 0.430031774164119 0.427085575729759 0.425213750679017 0.4174685540662 0.395492403397138 0.384579067649956 0.382308706832017 0.389411270482595 0.38333253746062 0.369346481025773 0.349581682296456 0.334141929967255 0.320042242981657 0.306715285647393 0.292155868950843 0.276867808327445 0.273758542243436 0.258521279827874 0.242617706135212 0.231018206000887 0.220352298902514 0.251135464815524 0.248872992186037 0.246626375444925 0.256846941982121 0.270493790812094 0.286062285418134 0.31082241132895 0.330748824126417 0.342073779847359 0.364503785205462 0.376994694050923 0.387935609175046 0.401349226737078 0.42078914989498 0.43053039950474 0.43235370675124 0.425391822959537 0.424303509586236 0.415220186287707 0.411710692244312 0.414446093321919 0.410510099095693 0.406668542230708 0.402367198714631 0.402552376739974 0.437972645498505 0.444607122898054 0.442422509916123 0.453976582116439
0.352414370755505 0.356439790513773 0.367644369550349 0.380041730443801 0.385275580504208 0.394645867642294 0.397717489675279 0.396951061474706 0.39606147764103 0.398004553531012 0.392713990891223 0.364921165287256 0.366192678455214 0.352548822506186 0.341852785625192 0.320434212431359 0.308290211888022 0.298759410148492 0.296562057627888 0.277606521852283 0.281133962678963 0.272233146635112 0.248300093055618 0.23685241312081 0.228900544772152 0.223752038800647 0.215894653579612 0.257351342435952 0.257270030676066 0.263078232316326 0.27209532528413 0.285029285368978 0.305122827352865 0.321845501283316 0.335244889055746 0.352047706530175 0.362965912613794 0.380972175409276 0.379948785202524 0.395413152627818 0.413648243325601 0.418825082124244 0.423734908578205 0.417160877565619 0.406831279509085 0.407560433431353 0.406025530574622 0.408802686509819 0.411621456126965 0.407921919056766 0.40841428936391 0.410259908006643 0.413988455556207 0.418679743126507 0.46012182165057
0.32548860228534 0.317510021030179 0.32909731516244 0.347143873821561 0.349704155381269 0.358518684905162 0.361802584452742 0.364164314654562 0.354451705956003 0.357272974360673 0.351542881227859 0.346439206872325 0.342736094375149 0.332987756787591 0.321622490238361 0.310281413448232 0.296078492566577 0.287963431515434 0.276770420549428 0.26956460555329 0.280315050382118 0.258314274425573 0.262999715182261 0.241331569209126 0.233617920937901 0.229213148219991 0.219471455496312 0.261044492468241 0.260704219727128 0.267811422380449 0.269886986225545 0.282411408420109 0.301297525236723 0.311953116739505 0.324608031679742 0.341183271449959 0.343670413100601 0.370516418969771 0.380023192489002 0.386728819975909 0.396727955994242 0.405582879034494 0.408524210532546 0.411173037644048 0.409485857778622 0.406478105311656 0.408467579018593 0.40637624946792 0.410334887808775 0.407892674098865 0.412139524742904 0.41615584170225 0.411592570990242 0.404939121856627 0.410495906967214
0.300995069476592 0.280912841282359 0.25998920148755 0.278150873538725 0.292478810318335 0.302355816226958 0.29275118558781 0.304339166691159 0.316053561500965 0.318957400059803 0.317561459791455 0.316344796417031 0.317538388302448 0.315174933506801 0.302853297856275 0.296431479936232 0.287773093448744 0.276543311840202 0.267443392633679 0.259368365075763 0.265147236251962 0.262218101599782 0.254157916132779 0.23980834732341 0.236253041839623 0.232890622956684 0.226964525065542 0.262158490795143 0.266766315538915 0.272241704537874 0.275855482387868 0.288606503405075 0.293250956865918 0.308533976805902 0.314602878068766 0.333621203877453 0.33099056205171 0.358898030238147 0.371286065884491 0.377683924399993 0.385706141307115 0.39096527666671 0.402747415303976 0.409687647895342 0.410619548963614 0.409765872167237 0.404276293889919 0.402151478067205 0.406142475799165 0.405253321025921 0.417234148433683 0.407917892568705 0.403607700371831 0.399006597211748 0.401532961638188
0.270612662797595 0.243248290673493 0.219180804369201 0.204385178283136 0.207877252765246 0.223666138042456 0.231695965977981 0.248247882104339 0.26879650799894 0.28669534325346 0.282313610766543 0.288470931905253 0.304853923558305 0.305879900285527 0.296246253579383 0.283290117403119 0.27705724142479 0.269801474185696 0.267934963807398 0.25881762302756 0.262174208346963 0.256915254561493 0.238693409517573 0.238503189280838 0.239033656234676 0.232422463704388 0.226540359080726 0.22923612377372 0.265289165707345 0.272284661087957 0.276204661279893 0.288886779790487 0.293331297144056 0.308272474126925 0.315620571934056 0.32627929371187 0.324063362916129 0.340725850026883 0.357145491878465 0.372378840633207 0.377152841189058 0.378840906802365 0.388265594404043 0.384622413765001 0.397491853333182 0.409050364276784 0.406764926685132 0.40516881344428 0.399728702846012 0.401598583514561 0.412760881273657 0.402705530400629 0.397777576573971 0.396653003982242 0.391402051449682
0.267053513119306 0.205092987023622 0.161376537923796 0.140091338457192 0.133617767680133 0.144563141666313 0.16619651547517 0.18664762184131 0.226944544710806 0.251605195237213 0.261954350181957 0.267809628042599 0.278863419071146 0.279333199695557 0.275575289321833 0.270523175559905 0.278765742386325 0.269581607036778 0.278624883082921 0.267371994645014 0.248069344996069 0.24124792238366 0.247285258901886 0.252119505961327 0.249870773913313 0.23176477070402 0.238297169033545 0.237703927354988 0.235113920110309 0.276521290908246 0.281756753749257 0.281762697414221 0.290322707187151 0.300605960646278 0.315629004216159 0.327294492849244 0.316846105405717 0.33096723783449 0.349154438235332 0.359953375027234 0.36357271537076 0.37108147881868 0.378581174937366 0.383767599034457 0.390688418215824 0.397849580855923 0.398886547025035 0.402336372800763 0.40810058820167 0.411070928242354 0.407703483727178 0.402025680876869 0.393660251515278 0.39087952400033 0.382122246738321
0.29698617349864 0.246645617853917 0.133386674040682 0.0743804954596824 0.0562871170615287 0.0655208552550449 0.110549061952486 0.13595478235331 0.178915417150264 0.208297794961961 0.225055456479331 0.240452254858301 0.250673259222278 0.257171148076555 0.258521308759692 0.259364642107496 0.263458963514809 0.275079229925125 0.268539687496821 0.268383508886817 0.260564952295383 0.25784038001802 0.248814484171613 0.244903523241418 0.247475246650997 0.248469526830161 0.235856370898067 0.236674351045865 0.235415981954962 0.24875205781327 0.28887127466508 0.285929623939465 0.29739728876632 0.30359035251374 0.317948139601073 0.32484415429995 0.318985623510698 0.321734561082075 0.339302989786599 0.359114986229275 0.360030896303474 0.363037115177614 0.367063741358036 0.38312942599084 0.386209843551554 0.390204286211096 0.391985185472052 0.39777965438895 0.401929132756186 0.402982781538644 0.408730933163095 0.35152858041575 0.342201628800721 0.338547256333001 0.330283409720502
0.298345800744543 0.278852578409979 0.171827381146722 0.0163840710803617 -0.0465123993658181 -0.0156962472888462 0.0501927744256963 0.103984050131429 0.142183079146663 0.174409047680673 0.198469926124876 0.220366558804692 0.232063650321187 0.238040223288838 0.244979230180945 0.24584306811143 0.259567974664006 0.267397789629596 0.274659214923838 0.271708481348996 0.261000067574355 0.258968906400104 0.251532939915035 0.251530856812511 0.255600326767996 0.255020085039331 0.241603816937998 0.242604433070664 0.245944443331147 0.250732692836984 0.291705815400338 0.287793750578468 0.300223202423352 0.307370910633054 0.30827723501811 0.30955208389988 0.318329410845881 0.330230766607267 0.320261222507589 0.330659665399182 0.354385726518469 0.354535715829055 0.353477594597625 0.364907800848974 0.379272797165513 0.37524038137113 0.389067002994841 0.393163611971511 0.389348950611191 0.388393412882848 0.395301759982856 0.390993105506572 0.34227528455739 0.332288950910566 0.327342467133822
0.225111484234196 0.201629109003787 0.208706550152615 -0.00563340094329334 -0.157525005098644 -0.0472641790556252 0.0196676581673806 0.0693078279903591 0.103512879045713 0.152368597223792 0.178335771351411 0.203240118332813 0.21325776423766 0.217456403944248 0.224110457360393 0.238836413995607 0.245292766778221 0.251882426230685 0.256376838899073 0.256280717025079 0.255538636301421 0.255057640628064 0.252982950407642 0.248569073940352 0.2590880976539 0.260349932595548 0.248407609229264 0.246719306364865 0.254188790736184 0.253614628644981 0.259139016463188 0.281882899074243 0.296909875656693 0.301460149000135 0.305924223569194 0.307949279212448 0.320232719422823 0.317449499188749 0.315819895871159 0.323316699427608 0.337755224148639 0.349107906402427 0.345865327245156 0.352354517462235 0.364639159148561 0.360354825742296 0.379251309187557 0.345712921574132 0.345011035566458 0.33988918271784 0.342676673844317 0.339476533339003 0.331219534043082 0.322607020889094 0.312764676857231
0.267232721862183 0.231118287791519 0.214195073139308 0.169415869901361 0.0830359770412933 0.0682106095303606 0.0709804340111843 0.077899136865893 0.0617005853158409 0.115919201105815 0.150484424541507 0.178918562325778 0.202539024634767 0.224478483721802 0.22656657692659 0.228537350260493 0.235974704118813 0.244509238083302 0.248860541155043 0.240323000613216 0.228563640122028 0.237707796241012 0.236644419518522 0.235984479179965 0.242521415219791 0.252810090605083 0.259881286283385 0.245392723147042 0.252778426405975 0.254702118003551 0.260145259562797 0.253445366752246 0.288877337938729 0.304452167090099 0.311081115811961 0.310509861407529 0.316529398260804 0.306868485067896 0.311816528285653 0.314677737285722 0.292603076187179 0.299729182304387 0.312654034644819 0.344339137858029 0.342499988940222 0.341902566087256 0.353495823548773 0.320036380242549 0.325543246247259 0.323465002942696 0.318901705251223 0.327180507006806 0.319028052819703 0.316790179309331 0.302714984829699
0.242104480501748 0.227624573002353 0.25913323251748 0.22557375132269 0.223844777667998 0.185209863573387 0.151149756531753 0.1338409826421 0.118042743629284 0.129968112672576 0.15464353990018 0.170981243172966 0.193761584970344 0.21431165716444 0.222388604604441 0.229319902082453 0.237909009393912 0.2465701197732 0.229882764875562 0.214762461507454 0.211670334586919 0.207281088064324 0.20282641742295 0.207749925390285 0.217307511401513 0.228100364123734 0.242161817699172 0.258937116588194 0.248397386708564 0.249441016834897 0.259012560509012 0.261205107355727 0.291964986414825 0.300385626598667 0.305608959218322 0.308603735354936 0.309788688127917 0.311372746894345 0.283532477172609 0.276776171755596 0.283511283667228 0.292687594968243 0.30329626998702 0.306161082443491 0.302531824895327 0.335195977674259 0.302135683562611 0.310167657326414 0.319134436491415 0.311585403553986 0.302303392138941 0.311638815671917 0.314857359757662 0.305044510259242 0.302085148768309
0.223769506239461 0.227596119544585 0.225974544517456 0.233729699756179 0.241871176609685 0.243817520196026 0.222028939251197 0.226766466699885 0.173514887866345 0.157917476083009 0.154419122358194 0.173466078503311 0.182405298761439 0.201995899077876 0.205389880464421 0.23240840044495 0.240876858448463 0.229357106156349 0.209554021701683 0.201327799085944 0.191369285405586 0.187390437227253 0.182148071412494 0.177423812706385 0.194883429972266 0.208416776009157 0.218019975041015 0.238323730543906 0.256086845510728 0.26229699168197 0.261106939068475 0.260957558065406 0.269165612777494 0.299198576412369 0.302652922133267 0.304059453514543 0.2736844705491 0.272566924818037 0.275840549123378 0.278928767239257 0.284301929340379 0.288186577994622 0.292728709315551 0.293724940414904 0.296510872641203 0.296987159306781 0.299224189378546 0.299304432426618 0.301012543942501 0.296323104441409 0.293541713127255 0.295205776735183 0.303483491311139 0.298616804587154 0.291531030230826
0.217802659417573 0.218741185405801 0.21888680272262 0.225379145916459 0.248653291792391 0.247745555247594 0.247747037836026 0.246834322747088 0.227242981289221 0.207804316864269 0.194981683655252 0.198076693932984 0.200480553286332 0.204757075744854 0.227294950858921 0.234584037729472 0.238718289873616 0.233481218937818 0.216113843739296 0.186211665610638 0.16650914557768 0.152741134731803 0.149264784165375 0.15667360026344 0.17017641598552 0.180542472940995 0.196855454554155 0.22090999244936 0.237629112537908 0.249028399378571 0.247756409897229 0.250140080923414 0.259827036978614 0.271029438672122 0.276490196054639 0.273335526135806 0.263398926931175 0.264267581652533 0.267836546237458 0.271910611052919 0.276163001458561 0.279385137831505 0.28293021037058 0.280840699388334 0.287292281249005 0.285877786219098 0.291380980894041 0.290053869228715 0.285614982920389 0.287086260182193 0.28560625589799 0.283743571569732 0.284641625053329 0.285806397170736 0.28131720374832
0.218625145654243 0.213050344018165 0.219260082865262 0.222965353782009 0.222256672414251 0.262613588378471 0.240074839991617 0.242616699832765 0.245010927584621 0.234354525452248 0.238107015842979 0.220332817378293 0.213024031659386 0.212023638774227 0.229970782367997 0.241762183132638 0.247810121993891 0.247695545607248 0.212203663644688 0.192205274561908 0.163655287967328 0.0984347238152755 0.0896617031588995 0.123017713805755 0.137036041080623 0.160634891938866 0.180514929940325 0.203275437361142 0.224357044524161 0.242474953845687 0.258035941365228 0.265722071064537 0.255572563396548 0.258486020717192 0.263518025564161 0.262869595995576 0.260845185232371 0.261799728029043 0.261177552494647 0.262733542987078 0.2695792401316 0.273732000705054 0.271403020216215 0.270272084887562 0.271987755333369 0.275943793870395 0.275579237642849 0.275777405190714 0.276962074478222 0.276485783378838 0.27906116787989 0.276218615338493 0.268579425220734 0.265090106136922 0.267686579458331
0.268449945778933 0.222680618227736 0.212197674932826 0.214485324559007 0.21662150242618 0.239844458093914 0.23988744689995 0.245631895461185 0.245039963549084 0.245811137786079 0.260948140390727 0.256145761647676 0.232409191198148 0.225668209729732 0.228796026639768 0.247891821394059 0.263524974045639 0.272756431941515 0.264491591815338 0.207130317232538 0.169313333761111 0.0999849292637888 0.0688584930761 0.0666594617571171 0.113884838020955 0.142741412921004 0.165215208845342 0.196276940893004 0.209786142585604 0.229443548035112 0.249497381116342 0.260995743304245 0.268190180128848 0.265377482155719 0.252521795968793 0.247360073402687 0.244962227566626 0.270640254878548 0.255513644503514 0.259450818269419 0.25946981754703 0.264409640172886 0.259149142460413 0.26373053188661 0.26906126686163 0.265503182469911 0.256784316399415 0.263382882521537 0.262497883875609 0.257178677534055 0.25788543101912 0.258610981089939 0.255488343728613 0.258798926421565 0.25466863942003
0.213571194647714 0.211419206929584 0.209842644545443 0.209863040931991 0.22920996739384 0.229013021230851 0.230935590762716 0.240086597945799 0.261698230655928 0.260803616722698 0.261759728958275 0.258562730900364 0.24867152867044 0.225536711505042 0.224587747681434 0.240496961606996 0.275089011744362 0.273490793787696 0.27774351307096 0.268503576052725 0.125991821182464 0.103383916495935 0.0801626954853873 0.054581477865461 0.108093738075617 0.133156702457847 0.159163045942946 0.181923668837516 0.210125515195946 0.223374119313517 0.24972294528796 0.256414923859627 0.259681239961082 0.253788002284901 0.250305033949057 0.257274358827855 0.263531358088072 0.271257027304249 0.266033186883852 0.258322328462109 0.255270872924401 0.253261054303062 0.251701684462616 0.25223718407564 0.257106760972836 0.250854098825508 0.247601542657243 0.243414560733424 0.247435040956571 0.25039033365336 0.251037241228443 0.246870354789012 0.248127377735985 0.248812940996238 0.249156192228975
0.206924156758165 0.201891021096287 0.200958630143327 0.200413215310332 0.217326998396732 0.218682004169539 0.219788733926904 0.228765153026297 0.231209285924579 0.252643076937998 0.262529489560882 0.23716592108834 0.235272036803678 0.247622068473439 0.258069235254958 0.291342184712155 0.287239727280558 0.2996240955925 0.270191750163953 0.290474310025418 0.182925561291534 0.101364123191047 0.0836053031703878 0.125822937229338 0.120467717948754 0.139943826961313 0.163087299476324 0.187137387161751 0.206684012636478 0.22523883609249 0.246043133546917 0.243689786746707 0.24588096732578 0.244954784858192 0.243202019306042 0.246885269164021 0.256253386795435 0.260925633776178 0.270140063458572 0.250248096133349 0.249371432464611 0.244379824680847 0.244651899082123 0.241015414441773 0.24235198180074 0.240225465543378 0.235898374883498 0.231250581566211 0.233330599330858 0.236991970560287 0.239562230098247 0.234729660627443 0.237013829207492 0.234129696944254 0.241475082790153
0.204254564168569 0.190560645046151 0.193289893068692 0.195128572671431 0.213328769566878 0.217526004085011 0.216686841964347 0.23881882932146 0.237455502291264 0.24157866699375 0.248748110648127 0.254782351065375 0.234943238317352 0.255337584758851 0.239572371101956 0.272143034056986 0.291892134043576 0.32890205048614 0.283053549595426 0.275251477607983 0.281110438735653 0.160978887082617 0.117009130912863 0.113840266200587 0.158499612113694 0.15194219333163 0.172928714066236 0.192105970096539 0.205893704184943 0.225471568754102 0.23776763216613 0.234654041289611 0.235382219034268 0.230262728083631 0.199210724127154 0.240504107117425 0.247063696528113 0.246507599149379 0.270442840732821 0.267127600633612 0.240754128495317 0.237392935291143 0.231428692695667 0.235890970949846 0.228946599809983 0.228611833332691 0.230043172708373 0.221911465407066 0.227397318524924 0.22698239267941 0.224595357391624 0.228979320687141 0.22468218882764 0.229832338017711 0.235156662958323
0.200308957062239 0.193831037723303 0.192312648985948 0.191783386490866 0.21054951648977 0.207773139582316 0.240649912547509 0.233641599560402 0.232010009139699 0.22044216512729 0.239748413624602 0.244743943473894 0.25381102669949 0.233855109053788 0.24524230043152 0.225459485572053 0.301028155058341 0.324983798559526 0.319684090897352 0.280057587178302 0.250459469257541 0.238743308055356 0.188003841936517 0.146447573114226 0.183482959027784 0.185295975488037 0.191060524189764 0.208635042318003 0.223104113070435 0.234452017095102 0.231146281282414 0.225890045715144 0.227654082101625 0.218791858543894 0.183861545489451 0.228111743694229 0.229853965943639 0.243564509011342 0.266451873883428 0.262688173481798 0.232182884668582 0.227890972330468 0.22634657444178 0.224920357925315 0.222027587853865 0.211779363230206 0.215039056044502 0.217335812204519 0.214659649278537 0.215382913779007 0.216102282508893 0.21244696557298 0.216853821274757 0.22048245060527 0.230339812905246
0.199885712021174 0.197677849731983 0.198709065702569 0.204485655305136 0.198977216045156 0.212230489666722 0.229052517518066 0.224983025095001 0.220909174799684 0.216712760248151 0.228383190274795 0.239157042481708 0.248808862376596 0.248284949143024 0.245866713934124 0.192653682057968 0.230553911310996 0.295282258729803 0.295301778479349 0.27708385825137 0.24531905859539 0.203105852577132 0.267521057678586 0.224439650014613 0.236933715475302 0.228501533284151 0.224560138511661 0.229495895589849 0.234774908713108 0.239062089409692 0.234419725003758 0.185209745071076 0.179833617641669 0.170527691340433 0.178252497034952 0.174886855212407 0.183135588725858 0.242350796653137 0.245718079927384 0.246734466472416 0.223567911960122 0.212244984093193 0.216596621882127 0.214655831780037 0.207787433254306 0.197720824247052 0.198039753879343 0.198937136093435 0.199256574328067 0.194087799112858 0.197845391124186 0.204601016617284 0.206685588703353 0.21332981790952 0.21814040473694
0.212749878042146 0.216482287229902 0.214417887640386 0.221346933250311 0.213578732124852 0.243906689888768 0.229611182784536 0.221444558002392 0.218802716668968 0.219606379789444 0.227683957049521 0.229357679123803 0.24939990344576 0.247018847640727 0.241873838995083 0.189757495142476 0.194750783347713 0.270297002942869 0.268605864951676 0.284899003976547 0.251674047465207 0.183901203203561 0.175637151665037 0.25513523196464 0.271360119084298 0.268414328358781 0.255776572676163 0.245437236461041 0.235652092631052 0.236336831729111 0.194224268917841 0.185605313569852 0.175330598135771 0.208319809166203 0.168296989148289 0.171935909919707 0.223901599723367 0.230216190442343 0.235872838070252 0.23545047744306 0.215628119851725 0.211074051910846 0.204987898229977 0.203921418952034 0.192852752258444 0.184505504380751 0.184235983799208 0.183713865671213 0.181415705589667 0.179475936936108 0.183302110834807 0.192578386155357 0.199647425417641 0.206451726603033 0.210571514149232
