data/pcas/pca_proj_current/PC13.asc
NCOLS 494 
NROWS 529 
XLLCORNER -117.166666666667 
YLLCORNER -55.5 
CELLSIZE 0.166666666666667 
NODATA_value -9999 
[rows 168 to 191 of 529, columns 324 to 377 of 494]
0.409541890745383 0.41408254020661 0.316310274611129 0.35874400957207 0.382656055254689 0.346756473708918 0.307033538915262 0.237551487104786 0.256817802999205 0.289781526446642 0.292856188906167 0.273790996955621 0.312083217804162 0.337833106428914 0.354376130312473 0.323289207847063 0.216408106680057 0.205252708571477 0.234510425759723 0.2192142917548 0.213037196243533 0.153840419601307 0.150437039130555 0.191900334323282 0.162619796921617 0.198049830178239 0.145981278438997 0.180789576609672 0.197307711189032 0.150111788247052 0.148080712419085 0.187584029084485 0.188286668829263 0.188387800230334 0.206249776061714 0.216900208783103 0.198784041552389 0.143758771563926 0.155121813877679 0.162343268086473 0.149460998373424 0.157226432025826 0.160449107102395 0.133169878690102 0.101960586794935 0.137516480318633 0.149348971320007 0.0531584514163411 0.0367893138932004 0.0453308966959087 0.0763736886243005 0.125538284658696 0.126198735959427 0.063877886078762
0.356720892941743 0.324017645333617 0.333219810007768 0.38343923261573 0.357285017259751 0.29033366222155 0.318275926820009 0.297631134393339 0.254095861872993 0.31424501614693 0.249103669104297 0.239470468705737 0.227733630506852 0.288217361495441 0.267405025406879 0.207303509031015 0.245628328076864 0.227348411891216 0.203610874092929 0.229448937626934 0.268063898183463 0.234283891092128 0.145631704666972 0.158167751551604 0.184160158581194 0.16144014918782 0.160574542145368 0.136610278186578 0.151535885841506 0.153165867960964 0.147024913487272 0.164027969815648 0.188877833293276 0.233580417553356 0.197806746901902 0.166497779928432 0.154617657852201 0.125001442280221 0.128252987434257 0.139043682873436 0.140157799425941 0.136422509296761 0.114821372570731 0.131061225514797 0.113250414114883 0.124951508619715 0.121048637096528 0.0879760051758273 0.070080070037344 0.058087595012383 0.0553136941079211 0.0802853894912607 0.0692615692860637 0.0511624945128887
0.256794693601962 0.24201933438783 0.273577048483112 0.384045317247119 0.330842948795946 0.320209943595769 0.331575867686886 0.227966891686319 0.245522122201958 0.227748750720393 0.264255376935255 0.215324443845426 0.275842469747532 0.29277539981571 0.280753191808286 0.218660089257017 0.29031670580014 0.285505023765254 0.230844188286322 0.212059358897785 0.238759893310539 0.279749758251225 0.161876717095473 0.119857758267464 0.203197308807573 0.150075288332825 0.134989121787325 0.110671015127683 0.106296979148819 0.167530895519938 0.171741363760621 0.149739535635392 0.129290096454769 0.223923561156793 0.184725938741476 0.147281695344878 0.161490882269987 0.125218184958794 0.131345499588194 0.1235060912719 0.0927425251640337 0.1142188955893 0.0922442388679074 0.103852407346659 0.0861706466832228 0.106705903008813 0.0850770862640919 0.0801153912217644 0.0762956808631592 0.084712320824828 0.0656690449764412 0.0804309669155431 0.0129255410158797 0.0163904327690133
0.181500100392005 0.241406288687203 0.291932089239558 0.390802072300684 0.28850739970418 0.238298332001364 0.256331701831909 0.24017857203474 0.223330064962579 0.184798515255522 0.226491011106201 0.282944010782374 0.277812839747624 0.272447671807417 0.290196366671181 0.2620579241643 0.297466507365741 0.28692645519992 0.246759735702556 0.276978541608613 0.255732429884969 0.244063475796962 0.225176850582287 0.144506405978999 0.193755079530939 0.129001345971399 0.107913694605295 0.0712795300145712 0.0872038686403797 0.10032025724297 0.209170022550422 0.176777766358477 0.126447452508593 0.201079530266451 0.174107270897365 0.157268962957611 0.132953544407548 0.0998599174314114 0.101492066890521 0.100655164680313 0.0693940783986135 0.0752318204068153 0.0601342566039665 0.0696604950015877 0.0618700822216093 0.0808739463710982 0.061825729062299 0.0722499214358052 0.0675240141279767 0.0555235523718993 0.0905030423477035 0.0751203251096321 0.0657105651818616 0.070401171216472
0.264253440155683 0.342963824362388 0.290193903839598 0.30056516976013 0.262269341039259 0.327742591480711 0.242807503141138 0.284759032269319 0.226758379852619 0.202698735968501 0.274367283097283 0.26516419169614 0.264488327695951 0.310118326944085 0.273633261996521 0.297581566622301 0.303684198464863 0.352510437020406 0.300004376720153 0.270434946259159 0.29020442893989 0.253347123818117 0.241685988186925 0.242718239986323 0.143526260778635 0.0902177596000515 0.0883550638367611 0.118496175478693 0.028424265824695 0.0764813174780735 0.18866259722916 0.165685978364268 0.129878185736105 0.167115003576824 0.129475126152427 0.106283550870459 0.104456879541987 0.0915986984900398 0.0788735684546622 0.0637325590197036 0.0561475917732605 0.0654553167750668 0.0849626350903124 0.0544468329639785 0.047225167063041 0.0465106795867779 0.0382421620986372 0.0686971513117409 0.0684710449942867 0.0531778077821217 0.0408508759883121 0.057401550285674 0.064338707142665 0.0824426572295396
0.369709020057155 0.37746987086709 0.392570655121707 0.288863730315812 0.302456343654372 0.31723501521808 0.220637635623629 0.225106422005258 0.309163828335866 0.347955612553072 0.336679667485941 0.286174594208258 0.298110465124789 0.302970129413103 0.213792858754775 0.227822259413706 0.287877648338998 0.325153311471942 0.332267591289383 0.320736883853439 0.322722525755867 0.221942044350754 0.226058925497792 0.151560529320236 0.246925842147968 0.17126037232396 0.172261210535842 0.0979553598832605 0.0487915360591934 0.0688192220301512 0.164082735604592 0.202367076573823 0.165498225901953 0.133537364856869 0.11065709356192 0.105456641093487 0.120552249150476 0.0943772919478636 0.0891613559937537 0.123860116485418 0.0826465495360848 0.0539771383529116 0.0360048015330811 0.0432770139201773 0.0348488634162372 0.0406222449355908 0.0434960586930817 0.0350790415018405 0.0521671751947427 0.065851950617841 0.0670810841508744 0.0608369730408983 0.0627938087884787 0.0490274153365733
0.426660885649791 0.397515847315774 0.366669921807214 0.328813934061126 0.209934397630591 0.318854457787527 0.296863442144419 0.343412397180188 0.306041809030913 0.340701349266603 0.325402937243353 0.336130609873871 0.366227518900633 0.358975146593111 0.29454953487939 0.243195127666126 0.315255550698768 0.3057081596734 0.304851135027821 0.288683409312913 0.299999891862368 0.252628314302406 0.286339273016332 0.206785873921149 0.139107994702709 0.203412351355345 0.206170925176458 0.175655977587403 0.0870836294914251 0.122488435813518 0.165218739313662 0.200109931162484 0.151392555527491 0.141615266476866 0.11256410196554 0.109349761000041 0.0817181540519286 0.0814385233390431 0.0552343125310489 0.0464190163315106 0.0252387249847443 0.0559317294620843 0.0412339115891873 0.00734535987787779 0.0342016308983698 0.0492426533273214 0.0424747441378432 0.044311051256495 0.0455052519681184 0.0470668486824926 0.0471074172692175 0.0478527078794397 0.0615974933784312 0.0634551345107713
0.262720538841463 0.305960736243425 0.365932568021811 0.375414175025467 0.402628226736358 0.315958818601116 0.289229260791486 0.265679975600256 0.283273563644877 0.377994203807278 0.350743493413098 0.335907993637179 0.344551329327796 0.331409979460232 0.325454010678957 0.304981624442057 0.295090895543603 0.275739446689916 0.262993785151403 0.298131202086945 0.32298904137808 0.280639224653121 0.212423061952253 0.253057129519115 0.264701180236809 0.265485230433413 0.220366343305297 0.222422020418984 0.208898540487416 0.135895819098528 0.167914303805285 0.176067013436044 0.152496350287877 0.144433952138438 0.122482292655339 0.100240364505041 0.067669638169175 0.0526106964960001 0.0359278744535759 0.0295401047345355 0.0209440918400126 0.00941827829189937 0.044256885540026 0.0552408261827923 0.045286763387385 0.0468842176154522 0.0398910497770414 0.0393262025597148 0.0384411201980488 0.0432934764847792 0.0351841702707719 0.0429492660675029 0.0568450970679931 0.0802753878868786
0.292362757955137 0.282657275263165 0.315271374461135 0.341186340460323 0.373517785183125 0.319860052766759 0.334073587290291 0.343938272561798 0.370906250686781 0.361854920205902 0.355679411356525 0.332636970892608 0.313682076069038 0.359561540228754 0.332580659749046 0.305366214234128 0.268485706120312 0.322517884504119 0.324991496220448 0.322122940084444 0.306054168036494 0.322440536279166 0.282837251185487 0.27798816001094 0.314718991993353 0.257090442102339 0.256709324662854 0.235342721707994 0.267191895231398 0.283750615560693 0.186049201599927 0.164674546206747 0.16592549510165 0.185371057168497 0.151232492784008 0.0956215613820203 0.062756873887519 0.050018083187795 0.0362244997948871 0.0119618080347001 0.0482252281567686 0.0501570619624974 0.0521449571616636 0.101153031026161 0.0329363187689773 0.0619596046612631 0.0655987933005282 0.0470962540051263 0.0503747791968744 0.0644998856405709 0.0757843806493753 0.0606918028828293 0.0637657259688519 0.037243145489529
0.408572508308682 0.403138828707429 0.396899774055376 0.391338777891292 0.374257323513856 0.39065375106977 0.423452816370154 0.354097415174432 0.387929292342208 0.324994092058669 0.347387448611428 0.343570036530521 0.366378351514427 0.351533786978594 0.312285859425978 0.30107206385848 0.297590026805556 0.29927217716156 0.298737208987857 0.298578491936779 0.300955836986501 0.300898605853015 0.277323484826444 0.294289858870202 0.296256601294467 0.282209073794939 0.284590344796818 0.257926830618205 0.288396360030441 0.265041583043372 0.248254458038169 0.174691384489775 0.185813380273281 0.181352114007385 0.131194938409709 0.0911316741046207 0.0779941269011664 0.0543136771224846 0.0287161812925742 0.026514201174094 0.0286593816027942 0.0217946371594628 0.0353490239291886 0.0449106725327021 0.0198440105199666 0.0545863617884731 0.0658996579826693 0.0753919399843628 0.0675045271736122 0.061370908382693 0.0590766562706393 0.0765475718399426 0.079036933376961 0.0582064945880524
0.383262331205235 0.416830857985569 0.433542300501518 0.402716333618369 0.377610387908456 0.402788466621284 0.41333576202106 0.414777689943635 0.309457158696921 0.308338991599742 0.351555798841698 0.353470377388595 0.358485934617875 0.343839596901389 0.326291221882491 0.288663669670322 0.290316645138198 0.268365330172967 0.302732995992712 0.333107867482531 0.329195358435287 0.291298413401013 0.269639944036147 0.291508007969088 0.277342093021406 0.263874388595469 0.262940837107012 0.277454986114252 0.271908453547816 0.242000845642019 0.257934875193033 0.258892559117491 0.184856409738652 0.183273996182112 0.12214977653053 0.100282285215178 0.0676495580879937 0.0364396317899214 0.019008111730298 0.0113209600213291 0.0171080078958525 0.0310772749051181 0.0404403495277074 0.0820484920458303 0.0292569691790417 0.0430252261261771 0.0609949607070025 0.0731188370469917 0.0673817222091044 0.0600098759679488 0.0689241471566602 0.0802512747264341 0.0820946587171694 0.0755516572388584
0.384621534474847 0.389995842265114 0.362066606980798 0.385385485996651 0.383174908615434 0.359241522546997 0.393936017228286 0.370860368206481 0.347412437916415 0.342202176676659 0.337902141811872 0.348591981927273 0.351052400110597 0.358290415421704 0.331550363448227 0.340488511183725 0.304694566073202 0.305062153818122 0.294027167253106 0.34227350801948 0.331827984138733 0.326846770478903 0.299370060030241 0.308164178155874 0.281230049485708 0.262333056884003 0.261580787240799 0.272587252404572 0.285615129854779 0.257330748573813 0.246878965940448 0.245556299901968 0.1948235441621 0.174721992879773 0.124962204063635 0.0818605914182361 0.050228791037215 0.0261230323046704 0.0185156338792518 0.0156293022559882 0.0379119050124216 0.0448054766008046 0.0267505679814915 0.0553551620883408 0.0362746183596899 0.0332502818024811 0.056890898704157 0.0586026804114175 0.0585622919921891 0.0550366654166824 0.0624513562955634 0.0567896509730379 0.0708849000123775 0.0950217095898558
0.37688315202826 0.394666600850659 0.366108633533427 0.429509260325023 0.380329718806243 0.380032479866408 0.402377132702691 0.348932118826487 0.352289524641998 0.339364443912334 0.345538010354002 0.359301443927619 0.346456222044344 0.354237773188142 0.32774145518197 0.356409278104205 0.324626353891017 0.336781869690042 0.37612128015423 0.378184095897583 0.360028288849112 0.356408420856706 0.319238130514592 0.28009775346372 0.278771851452519 0.273815388583016 0.258773932096504 0.26028281247021 0.29094637258784 0.274117833648282 0.251786339476618 0.273999244933581 0.266589052799777 0.171273387627207 0.116603036624798 0.0687671487374464 0.0439130708580957 0.0450857685852329 0.0312182904651448 0.0173559386139118 0.0384556079602836 0.0369090940196197 0.035644912139199 0.0225132947415529 0.0237847777130953 0.0297640253914855 0.0446485551090821 0.0550300956756045 0.0619278623705424 0.0695130495171114 0.0601520004211367 0.0510669743376372 0.0587163488614801 0.0961325544779959
0.375881225118717 0.405346601570221 0.409990113444324 0.440533675654138 0.410936643696809 0.40471746800612 0.39347182005278 0.372948276210747 0.338854878005313 0.365240526686397 0.379414886512818 0.384211500371782 0.362092029044953 0.354207336532745 0.360638045321101 0.384995477142963 0.376464844684141 0.337050370911145 0.365037521951174 0.376915514372462 0.346939147296958 0.342759407514925 0.308386921459956 0.285425153164255 0.283434190946827 0.28754487578962 0.253178072963959 0.264203046506874 0.27594443571832 0.275149934594625 0.290205038251373 0.268357200104325 0.257331186966177 0.17955238492909 0.116819603627892 0.0678109712606503 0.0434796447456782 0.03794392923687 0.0266515036731843 0.0159932899776275 0.0234229183240576 0.0150381842898159 0.0146819258545018 0.0261971282091327 0.0311866418747525 0.0340286478564455 0.0414196576800819 0.0577189477196761 0.076427836679382 0.0748668906247399 0.057000442186448 0.048782475685719 0.0605853813462321 0.0873597019175286
0.348432726239543 0.390313701605834 0.429713261511195 0.445932743400817 0.444125064544418 0.426961103190633 0.415731338874251 0.398895994186875 0.366847987979779 0.354724518055965 0.370447763910589 0.392505437808139 0.379419891313039 0.375407945916656 0.391439542884292 0.385388371631873 0.371874316354425 0.358224165394992 0.334590474314494 0.335866988950581 0.329819226445173 0.346666765106735 0.292558172490979 0.291898045441219 0.312523109652125 0.298722630474577 0.265944097187316 0.264684006551477 0.280687990053038 0.292828724817912 0.281969829814351 0.273780880085235 0.252427609232165 0.142827683564854 0.114343092638844 0.0661218921973054 0.0464737360459413 0.0290984153421021 0.0227685500306556 -0.00108936365076038 0.00196244688791168 0.0198608645164624 0.0310395540153758 0.046596500142842 0.0270001441569541 0.0350148642876754 0.0442440893758802 0.0460079952710677 0.0696189404722926 0.0725347956971326 0.0610794178351441 0.0623908719209354 0.0689726983933522 0.105148143092229
0.38406067352588 0.410227844482506 0.451120999878451 0.462286203854622 0.436397322361817 0.453156445397263 0.422698514279294 0.40154712726503 0.379692013802792 0.362609636950835 0.369989190115585 0.416472583661305 0.386377106073053 0.414562958443564 0.409010829868797 0.368768487826267 0.386905916368551 0.379094209581267 0.354279284048301 0.336406617412118 0.347989306393678 0.313239995682976 0.299077401271951 0.295767220053669 0.298883717368834 0.299926667136964 0.281563495819376 0.262176132036964 0.270978097660938 0.294699143564474 0.306630334403576 0.278333384451503 0.23503351168223 0.126428544342751 0.0878310637715806 0.0718368469586633 0.0417791544913389 0.0234616913254306 0.0100171031977026 -7.07618659926586e-05 -0.000185395021868314 -0.0012017881710065 0.0215130643884199 0.0394935219571368 0.0297550134290314 0.0402572519595114 0.0513888282491231 0.0425339380732585 0.0620951186350417 0.0690734095626092 0.0649084182869002 0.0692951230582835 0.0976475795054481 0.110173608885197
0.400170822073394 0.373863817384555 0.428822006044593 0.459152011651321 0.451896748141097 0.439386776245924 0.435896772909776 0.406229152576351 0.38407915653754 0.360088367386389 0.393045637826217 0.406506098932365 0.382360464999711 0.398237813103816 0.399604095466015 0.380429289676263 0.384461158132479 0.37750342610492 0.365218199039697 0.344636726370532 0.34207349863195 0.332125818192407 0.30829144773661 0.316311929441006 0.309735180063214 0.313617695747864 0.30087190950466 0.29494938021012 0.303056558556131 0.290965779145013 0.30703318114745 0.257753820085132 0.15996564055438 0.108909280996244 0.100782538438334 0.0583607022576969 0.0417104311136193 0.0304604053341131 0.0203644068378586 0.00591639856839421 0.014261681683834 0.0127775921201971 0.0260478472878161 0.0212812952318024 0.015523819600555 0.0308688752311057 0.0373836424126971 0.0516695964703102 0.0638272151323019 0.0608053395627444 0.0689618957754638 0.0826610361313563 0.105368531471249 0.131892447229666
0.368024458721163 0.373883969648691 0.424515491233493 0.441430807774429 0.433057482078949 0.440171187145959 0.454286562917085 0.465506649084408 0.448261663651077 0.399051798501769 0.395357412194538 0.396690626840814 0.368264203651241 0.399793960269792 0.407299138147381 0.403323821602555 0.390102982322258 0.387209805430364 0.362839558411214 0.346040868949323 0.344276530096718 0.340419468942635 0.326251167800048 0.327131325227636 0.315043990240526 0.330368687289793 0.331576592670054 0.323276212539677 0.344531359215537 0.309194203973923 0.293617507906536 0.247644186073901 0.13580270117954 0.103672417985968 0.0789287830202893 0.0616789598795251 0.046817458982451 0.0348865319344841 0.0101799252886264 0.00892342719187258 0.0121329882503701 0.0124817547295236 0.026202383056214 0.0142360112088203 0.0151721134307949 0.0390946209516758 0.0454756280178263 0.0570048629938132 0.0708885501331472 0.0905264575418019 0.0751062724625886 0.094636951523088 0.118578707493233 0.131831998674334
0.399975979789873 0.422750069758764 0.414474449573469 0.438338279275333 0.40758723854676 0.458357699230802 0.452392807485907 0.456634313171355 0.408868115122022 0.406822956078794 0.394841791632307 0.366092775891783 0.398613221774801 0.388924175923913 0.385822415564711 0.397249966827169 0.396017219553569 0.385923957776555 0.36843099125106 0.351361685905836 0.350387570142214 0.342306085080673 0.347854873614103 0.332195313999571 0.32845872677911 0.339737164627635 0.354031141093769 0.356567634561695 0.351704532220481 0.333947511660101 0.284710863178369 0.242335154807057 0.125317279981129 0.0940332769207057 0.0847536282197569 0.0647460361769201 0.0566997007457162 0.0397065370474907 0.0233604072384655 0.0206738593609027 0.0187511941078889 0.0240684383578699 0.0114931450243619 0.00530184834223032 0.0293198868416937 0.0386191814830093 0.0627598380432483 0.0784879133295946 0.0837862600183873 0.10597893873287 0.101818031670621 0.112783026720519 0.129354674623663 0.150435485264138
0.38010692642253 0.38351231027403 0.394364407923393 0.406047035533369 0.424867362959846 0.455822105927858 0.425413437259109 0.397815655486092 0.38031941407851 0.400901838094697 0.400000741190582 0.380060976445339 0.396153178865626 0.382840183680906 0.391850898058925 0.411006034586325 0.419561690149803 0.405020126762651 0.385974060654912 0.376546707740857 0.376438236289193 0.381180176787168 0.330854349999624 0.337697988443952 0.340039165991549 0.340766930301224 0.337601795865627 0.312915085575435 0.24137375785012 0.220533985943534 0.204337199429802 0.133169897385725 0.117367833742569 0.108895275360764 0.0903321014999587 0.0781842110719229 0.0616510203446174 0.0546615069402226 0.038435969337058 0.0272874232521165 0.0324775825817258 0.0288930727111017 0.0187468043335311 0.0189708759852156 0.0397889443536438 0.056740624650162 0.0767071742990873 0.104222851100579 0.108693571838337 0.123824343952473 0.126964691300557 0.139531462741984 0.155864078563636 0.157567218808561
0.342590796122874 0.358754948234645 0.393345016536269 0.39347745460262 0.410370001334216 0.432251343570558 0.41959001427369 0.399448295365111 0.407852096248682 0.406388034166217 0.396329594504038 0.396324939840536 0.378784829634477 0.368606304700637 0.379865088117688 0.411480452831115 0.413225507644177 0.391770488558782 0.390715472011358 0.380714743381692 0.375010596858987 0.355770975100322 0.322523359292804 0.328055550035701 0.315877830359669 0.307032099424275 0.33489484531959 0.293431601186927 0.256221507335893 0.244831116366296 0.16302555239862 0.148672476879892 0.111107641938593 0.102698013697427 0.0962037988090757 0.07625891603572 0.0672283155802925 0.0529415545476605 0.05297378116149 0.0569746138183544 0.0404783512227174 0.0469931303378031 0.0392413778301706 0.0449929214270844 0.0776844471069122 0.086945100223618 0.107292602030059 0.12824920381084 0.135811595394974 0.140771381604532 0.155601668339528 0.165015692358825 0.180105070724166 0.188668599921967
0.348636845260424 0.344934119872563 0.350463607998355 0.362129951610874 0.38258887802783 0.40371108422537 0.41159142847259 0.405288203352443 0.397536007540959 0.404989515223363 0.404995714171699 0.411821024074706 0.388274663342007 0.388912587075021 0.388652510665316 0.393610877747154 0.387455384648356 0.389127796266743 0.389202788576125 0.38144293113373 0.382294844681855 0.334933491977772 0.279140047210537 0.269447094348162 0.288140391142767 0.259974948403074 0.221241657142287 0.202851731417301 0.196215706092843 0.172345233361506 0.179387556853451 0.12449375459966 0.122046737115134 0.118665920345441 0.101054851248765 0.0893808870311699 0.0817510980686415 0.0721665148814864 0.0719403330508526 0.0584510270191848 0.0661067144035913 0.0737782374283678 0.0760129752548974 0.0856008706417704 0.113125379649463 0.124135412144814 0.138078332379272 0.163618966138617 0.175152115980189 0.175058668954969 0.182716416411256 0.195250641435382 0.19410636829633 0.202192928194341
0.332776427443148 0.331157509187763 0.34320527674797 0.337481958048862 0.354720511452159 0.393489181450842 0.388730123727291 0.406889285965331 0.410778995967973 0.419844587065502 0.405910839796739 0.421571341019503 0.392822739061387 0.394047195352436 0.394964261852464 0.388203528309638 0.390353979543412 0.382067024528305 0.390309042069774 0.379422001432037 0.369360724663434 0.312305425264992 0.28366918434795 0.27497402671466 0.278740591477623 0.239020341601778 0.220393465983892 0.205179703649559 0.190540953444013 0.164004820498136 0.163927941611945 0.116587063010682 0.121110941976607 0.0982387916264457 0.100452298852063 0.0930404549681518 0.0953178400883427 0.0842171349760512 0.0795053565746441 0.0973193043021897 0.109913034449273 0.119865324721433 0.127395816980276 0.136849745451427 0.153905798512472 0.170416822029609 0.18152292335402 0.18917847838984 0.204261759998441 0.209483697148577 0.212087922002577 0.215558481421492 0.225647996779492 0.222167055335567
0.305347731613216 0.317910933604175 0.321039711629457 0.33217055643038 0.337975400243363 0.361180504823374 0.359865626113421 0.360826796284613 0.387626917673926 0.38710930892402 0.41517415005273 0.416754052294317 0.3981178670427 0.385463498827774 0.393760500305409 0.399906358262141 0.401336173477532 0.39753566666845 0.386913323365617 0.364840133651556 0.332100629230168 0.282855713239546 0.260514163093025 0.242346767614019 0.231255067864555 0.207052532472215 0.205304169819434 0.191359798492952 0.186924981596887 0.164841300071841 0.16825811459492 0.121857403883455 0.113419960910744 0.110589621106728 0.106996206326164 0.107078734872994 0.0972504586626403 0.118573555206808 0.131139147714601 0.143552848289043 0.156312665037004 0.169262199213679 0.185071927713518 0.190343197596047 0.186634797354796 0.199998131477853 0.2204122903999 0.234448197293524 0.240293299695358 0.230186129028077 0.242524279350704 0.236569341318377 0.238842067491408 0.243274765748794
