data/pcas/pca_proj_current/PC13.asc
NCOLS 494 
NROWS 529 
XLLCORNER -117.166666666667 
YLLCORNER -55.5 
CELLSIZE 0.166666666666667 
NODATA_value -9999 
[rows 240 to 263 of 529, columns 216 to 269 of 494]
-9999 -9999 -9999 -9999 -9999 -9999 -9999 -9999 -9999 0.0350178600057287 0.00285375474466081 -0.0651629928509319 0.0311307099699195 0.0624923618824414 0.129078087785084 0.145806362322225 0.127006102900307 0.123485882261952 0.11737286670111 0.117192140782276 0.130848086900128 0.074741901723366 0.121328929938102 0.14973183335243 0.167110058018344 0.154779897496506 0.129721624063413 0.104924063871927 0.0916441891613265 0.135140284056734 0.0739198143981063 0.0891125153012695 0.0434867449794825 0.0527183266704464 0.0600475054172562 0.0640931433346555 0.0548288014662048 0.0428518509913387 0.0226703503009807 0.0109258421567742 0.0101353861080393 -0.000126280697008888 -0.00774686952820212 -0.0241940185178027 -0.0246559311545473 -0.00791639130957748 0.00116042067801507 0.0181265838233257 0.0438252470126354 0.0655784088118093 0.0899602353704132 0.111083560484339 0.124494314935905 0.111406066996812
-9999 -9999 -9999 -9999 -9999 -9999 -9999 -9999 -9999 0.0199194351134036 0.0271366069481145 -0.0297902210368023 -0.0389701727207376 -0.0201432094796836 0.045421991446429 0.0991118652891695 0.134839686645252 0.124552815009959 0.113939491255689 0.103069638019782 0.125531148489309 0.0935525569915557 0.104398850769254 0.147774312833634 0.160757391707822 0.178435873764742 0.0780361983363732 0.130891389551419 0.0922415406826413 0.119108869580515 0.0853897361730742 0.0497736017628443 0.047225440160587 0.0439992430443427 0.0472651391275944 0.0449710145250014 0.04212189069892 0.0397665423165781 0.04174612628142 0.0227719817857735 0.0114437414188975 -0.00154996543954406 -0.0136186588398156 -0.0276409128300285 -0.0295742117564694 -0.0172027962780204 -0.0130328958754332 0.0101486545470364 0.0214665876734103 0.0430557984919253 0.0600542389762582 0.0844172308332189 0.0849181673690669 0.078133898180105
-9999 -9999 -9999 -9999 -9999 -9999 -9999 -9999 -9999 -9999 0.02426656622326 0.0712800229086707 -0.0044784608663439 -0.0135916910609069 0.111886467383879 0.119071123834146 0.124828133414905 0.12695874690813 0.131120581861461 0.101395552825168 0.0978291885060485 0.105659822192584 0.0696382017531547 0.119506128485262 0.153549930751241 0.184836913386825 0.0334688817920627 0.163755354648329 0.137836133842608 0.109177945949036 0.0906648840467718 0.0528675510240956 0.0577193891457754 0.0382571183335414 0.0319545121027788 0.0365783753922993 0.0382316192480497 0.0456633442902606 0.044254191619195 0.0270372544804874 0.0111444967049785 0.00200115707418159 -0.0209062625065915 -0.028191798114289 -0.0375980864866771 -0.0288865575395577 -0.0239729662361829 -0.010888287432089 -0.000827021974539884 0.0130170046429715 0.0262351159683579 0.0412332196705539 0.0442087044530797 0.0452915604316608
-9999 -9999 -9999 -9999 -9999 -9999 -9999 -9999 -9999 -9999 0.0272784894142921 0.0335143838600225 -0.0242773877862052 0.00281879200079855 0.0781242252607822 0.136284497890984 0.123541675445508 0.0667235100351406 0.0706706918602445 0.0901182724396706 0.0592402915712323 0.126145703166841 0.0619015409603773 0.111970184654696 0.132283395527877 0.198794613787027 0.112544887650502 0.183934282831088 0.161036491958927 0.122661591315491 0.108263842603771 0.158099226163324 0.0699146399135524 0.0529679784992028 0.0445344591389988 0.0359041694522618 0.0361759750282295 0.0332228632061031 0.0403233344509777 0.0331445720623722 0.0225671694654742 -0.00368835924303983 -0.0191348187777246 -0.0199810715406231 -0.0346779304326621 -0.0344164749068617 -0.0337204094843909 -0.034932505963256 -0.0336452404470541 -0.018207733010628 -0.00511020376177771 0.00434565996947839 0.00871449280437448 0.0261390145484261
-9999 -9999 -9999 -9999 -9999 -9999 -9999 -9999 -9999 -9999 -9999 0.0242236271715834 0.00679778436109845 -0.0226468029949411 0.0402062950179977 0.13811858576002 0.117249342708686 0.0643195636205602 0.11765177857204 0.0283345304258491 0.0546289882095176 0.130415643900036 0.0604971077727218 0.0858958608482086 0.13420645287178 0.179039803502864 0.195540347086631 0.163103119868483 0.180958538555899 0.166843473974573 0.20074119334809 0.182912764348139 0.0791206177258751 0.062874846583852 0.0564623788847665 0.0347828433068383 0.0160549091859429 0.0291474154978188 0.0327498314883991 0.0285545286299186 0.0197757439400838 -0.00195166044664865 -0.0172902068831668 -0.0189689269372015 -0.0274049296697417 -0.0407079160125072 -0.0386223561672234 -0.0455746008146144 -0.0410861791185043 -0.0372822662354691 -0.0368451651699458 -0.025353449558077 -0.0163225931726227 0.011313168643262
-9999 -9999 -9999 -9999 -9999 -9999 -9999 -9999 -9999 -9999 -9999 -9999 -6.39448713357221e-05 -0.00959904029892434 -0.000918833727221263 0.0919453230758105 0.12675944849615 0.0737073343570725 0.124849264427897 0.0932743360088641 0.0384816146420918 0.127005027000044 0.122765473098989 0.0871515187927789 0.14088348576621 0.153979563253517 0.191756545300813 0.215582407011117 0.2175649337431 0.193726536247893 0.221766739466545 0.204175469235492 0.138391979371421 0.0777007691291251 0.0586042723865471 0.0440046716066415 0.0264931032402837 0.0219753819631903 0.0205674270647984 0.016372797496727 0.0186653850301759 0.0159094392914013 -0.00365594678023256 -0.0161991446427573 -0.0204753402786871 -0.0319282580481172 -0.0422342754126155 -0.0384072739154134 -0.0366489609894569 -0.0483665061076029 -0.0641285373758637 -0.046251096052521 -0.0247704383231517 -0.00436874058340005
-9999 -9999 -9999 -9999 -9999 -9999 -9999 -9999 -9999 -9999 -9999 -9999 -9999 0.0412613291836613 0.0206274630174498 0.019779667604128 0.115797212837797 0.124928979539457 0.132811620652537 0.0482911908665659 0.0463429091226434 0.102092476816852 0.137231930849806 0.099741206782406 0.0758676354610244 0.12806059480113 0.181339822751937 0.194840496658135 0.201498326441336 0.192870712709527 0.234157138181596 0.235366846170257 0.187248734872203 0.118482393263538 0.0895796063549313 0.0522728354435906 0.0458608052560196 0.0336540431059624 0.0205226865948123 0.0242317583002064 0.0145318271861916 0.0175209881456191 0.00314572516773036 -0.00851223920079297 -0.0218798758206378 -0.033378785165853 -0.0382302884356112 -0.0321138637640168 -0.0222477417614334 -0.0362853262395848 -0.0491327006092551 -0.0370962324294345 -0.027596713745422 -0.0113804615215666
-9999 -9999 -9999 -9999 -9999 -9999 -9999 -9999 -9999 -9999 -9999 -9999 -9999 0.0445201438622917 0.0356910417005424 0.0147721698633175 0.0691080650953745 0.11421312922894 0.135713342046227 0.132760918560126 0.0815803047169761 0.133760632648717 0.138789220621068 0.135946021145054 0.0956313654354196 0.117399503730835 0.141347286864214 0.255666427080685 0.220424810541551 0.234209337183 0.273288482792459 0.269282223030505 0.274822833500757 0.17599447636087 0.131322797469568 0.0865286274400722 0.0472883887306711 0.0257063834341051 0.0104859091396607 0.00859252246906318 0.012242288955094 0.018961320526841 0.0131305343061196 0.00107528490162769 -0.00913622124456496 -0.0278266828020605 -0.0164418121712577 -0.0112057492588539 -0.00881445140325881 -0.00425308795362678 -0.0152954404553253 -0.0175732514173513 -0.01228643579535 -0.0126184172835988
-9999 -9999 -9999 -9999 -9999 -9999 -9999 -9999 -9999 -9999 -9999 -9999 -9999 -9999 0.0349833680617254 0.0116994500897669 0.0286897545298553 0.113239734705403 0.136133954841729 0.147974283829487 0.0780503214594236 0.0853967238521871 0.0963159634546144 0.135150357066208 0.0896549504839599 0.123126994446134 0.131780501878722 0.122163395126858 0.232400553865127 0.283653919167185 0.313666766943478 0.27851932315946 0.318953359941458 0.208766672332109 0.167278296340857 0.106549385543118 0.066339401225187 0.0679948012184254 0.0448216937770448 0.00418441363024969 0.00593626931632105 0.00299337043015608 0.00705858025513447 0.00777701456808434 -0.0047007317591793 -0.00897035799260546 0.00269590091517602 0.00925178466887768 0.0224026762007299 0.0273469348087532 0.0213706001647271 0.00964743740641767 -0.0102827952389215 -0.0184744954657538
-9999 -9999 -9999 -9999 -9999 -9999 -9999 -9999 -9999 -9999 -9999 -9999 -9999 -9999 0.028682607746199 0.0373240340493132 0.0227185707532172 0.0941732607402672 0.120421247793723 0.116306066043702 0.109637614568007 0.0639138053794188 0.124730126817029 0.130870530241358 0.135823443136815 0.0855058954252125 0.102762616890602 0.16972419954418 0.256303132602199 0.242117201902023 0.247405676081516 0.273819465281821 0.3139061870884 0.176438389549115 0.123151293833395 0.0905113804814865 0.0428881892786963 0.0495912234601854 0.0502806388960574 0.0373629760737074 0.0111348435617281 0.0110258482477919 0.0105793832132323 0.0126391822674386 0.00880681446432079 0.0146022580986263 0.0236290025243545 0.026151349880646 0.0368122397679035 0.0579680063643852 0.0611199843315493 0.0262566741383396 0.00554604272586413 -0.0141940683943255
-9999 -9999 -9999 -9999 -9999 -9999 -9999 -9999 -9999 -9999 -9999 -9999 -9999 -9999 0.00445121001573147 0.0336031308430977 0.0244888152092064 0.0429202480207802 0.122189989926114 0.102188347174996 0.136298141471755 0.0747193422487749 0.109583274173278 0.0912902214371428 0.0944494922287932 0.126968900669055 0.107496819022074 0.195579372974014 0.21954647040621 0.188931538392715 0.161859649620739 0.246178104988207 0.242793804261958 0.0769608842868606 0.0553336855062882 0.0349890489122114 0.0182975385520657 0.0295459941725246 0.0531516572709874 0.0670325380068966 0.0371788486488068 0.0374196922192011 0.0327024018042562 0.0293881037925218 0.0252763987063639 0.0341164474056029 0.0385151850231389 0.0482685105688904 0.0621332577393574 0.0643204095987562 0.0623714552894956 0.0313146941147933 0.00428501541866991 -0.0180227410969465
-9999 -9999 -9999 -9999 -9999 -9999 -9999 -9999 -9999 -9999 -9999 -9999 -9999 -9999 -9999 0.011067980123456 0.0166120337725746 0.0302370334234459 0.116940059945513 0.0907661442682783 0.103746413767451 0.108157947894848 0.0882272172785168 0.0857872101581063 0.0953287395231786 0.106821856040526 0.0968295897031284 0.173812176598036 0.239901017739072 0.202954440864218 0.147875213398002 0.229670281149015 0.271853160771846 0.101140020187937 0.0504156435074542 0.0134287977614861 -0.00634531353653939 0.0198683239214935 0.0911973138072932 0.109638715959453 0.0747692310393561 0.0591310623034468 0.0697308999317815 0.0717131822162291 0.0546834816139164 0.0615761495456426 0.060466835710297 0.0634136970070121 0.0702061619239155 0.0693176280203441 0.0550130093791646 0.030545976011548 0.00651464796200688 -0.0170618929195875
-9999 -9999 -9999 -9999 -9999 -9999 -9999 -9999 -9999 -9999 -9999 -9999 -9999 -9999 -9999 -9999 0.0189595644914461 0.0271479697722042 0.0710976636191758 0.103694350640231 0.0803922904978318 0.0882809551409128 0.0789248007401912 0.0819039983326747 0.0957399631713457 0.0852032953480645 0.095119589695054 0.107254603206337 0.158457853331244 0.172050845090369 0.210486997282703 0.209973924357865 0.216572674672646 0.112554789628117 0.0504470123805364 0.00838934777323666 -0.0265185764073521 0.0181074295072922 0.160564234805482 0.150884536691872 0.0841982763087082 0.0843597151591927 0.0818311414081389 0.0912765433917407 0.0981715523942608 0.0856334190464826 0.0739289854343143 0.07701845422299 0.075021082685677 0.0592970954117753 0.0481866090164125 0.0275133657410607 0.00724203434512076 -0.000183679247163396
-9999 -9999 -9999 -9999 -9999 -9999 -9999 -9999 -9999 -9999 -9999 -9999 -9999 -9999 -9999 -9999 -0.00344852797406999 0.0121973212582589 0.0386716980813204 0.111928528170031 0.0832843807296446 0.0760018043119833 0.0795667120878014 0.0746386866644807 0.0793525918619366 0.0844038889712663 0.0897924939152014 0.0959177290954597 0.0978565680216584 0.121694695464828 0.19924859398757 0.220334644707392 0.183376330067975 0.163247358833966 0.0561188599788492 0.000830536212266055 -0.0277740301117371 0.0079327973035383 0.0913271962753334 0.188967870297617 0.119275721319622 0.113008222326696 0.109001474439253 0.118256652105617 0.130408063147088 0.121022025823556 0.0975249010916667 0.0966527290057867 0.0868083521859539 0.0675530207207574 0.0540640468708579 0.0313039165328779 0.0253147064654028 0.0153938862792915
-9999 -9999 -9999 -9999 -9999 -9999 -9999 -9999 -9999 -9999 -9999 -9999 -9999 -9999 -9999 -9999 -9999 0.0104314782100541 0.0181015334680406 0.0765023603651877 0.049958542626571 0.0623119938445082 0.0703130589223101 0.0714164863780165 0.0715447317830285 0.0792646263553614 0.0986548788971068 0.104707423512964 0.10265565020188 0.113811793318792 0.149369332895057 0.157033375586145 0.182122041309797 0.193627379640461 0.0960369830130189 0.0386484469892235 -0.014039740426661 -0.0149278932109011 0.0691146360549118 0.182719828548601 0.161570255446965 0.147674764598565 0.142791707184248 0.141964003548666 0.146480507294489 0.147003627451078 0.130781664380443 0.113042403841227 0.100658730039757 0.0861399653854932 0.0657661432220022 0.053073376641391 0.0386885262850836 0.0398483829046014
-9999 -9999 -9999 -9999 -9999 -9999 -9999 -9999 -9999 -9999 -9999 -9999 -9999 -9999 -9999 -9999 -9999 0.00352940235119261 0.0105815522837005 0.0301746593194333 0.0579902521345018 0.0469011301377993 0.0637810188167922 0.0703198223874421 0.066261789020328 0.0769640751086334 0.0939011765245501 0.107814116073282 0.121666187641918 0.144032541535388 0.139717338527022 0.135351807386847 0.160241368855204 0.206720366378941 0.145793518940721 0.0897440666713095 0.0411886818312729 0.0236723055681873 0.0948396548246096 0.18655993904285 0.189189068466157 0.199290751044377 0.18092291945724 0.173059644432327 0.161465407868646 0.150389445407881 0.14818921335887 0.133165652617171 0.1073157411094 0.0962516932496973 0.0852661289249432 0.0663654053557059 0.0563387474708212 0.049841809997428
-9999 -9999 -9999 -9999 -9999 -9999 -9999 -9999 -9999 -9999 -9999 -9999 -9999 -9999 -9999 -9999 -9999 0.0184082288716428 0.0158062379467948 0.00710721121483905 0.0356556086053512 0.00209750998713193 0.0454080759244242 0.053069375232198 0.0761131363539927 0.0758976910328531 0.097913085823967 0.114414783221692 0.122218719762844 0.146145038369681 0.121867727715225 0.127765191086191 0.163362738315973 0.213896679441302 0.187783431784442 0.144572447995401 0.143672180600259 0.145642452652191 0.164450369166721 0.178474952385113 0.188546001825802 0.197809022065959 0.188538219209045 0.171132177060759 0.162245916987373 0.153178729748878 0.143390314449598 0.132270279030485 0.129448531070779 0.108528419596919 0.0969855801609496 0.0854055131143288 0.0689800368175413 0.0672397825170622
-9999 -9999 -9999 -9999 -9999 -9999 -9999 -9999 -9999 -9999 -9999 -9999 -9999 -9999 -9999 -9999 -9999 -9999 0.0195542593639265 -0.00420532215594307 -0.00268781224325015 0.0480696301390191 0.0473985337076215 0.0743774420775521 0.0869279296225902 0.0915551947493685 0.101213351976146 0.117201491044719 0.134060847885501 0.141361229241334 0.133356419780126 0.14070221038126 0.156343371055132 0.177905726618934 0.207408728587737 0.166912307160708 0.128505939632648 0.123198576492389 0.148981482736915 0.192920598130244 0.20348747440279 0.209008801336208 0.180780582019995 0.172347316267329 0.167224020423597 0.169293086720096 0.161378642561327 0.144978133933011 0.135139209607123 0.117994724260808 0.112668927117081 0.0930743304341233 0.0894132378256665 0.0715836745593222
-9999 -9999 -9999 -9999 -9999 -9999 -9999 -9999 -9999 -9999 -9999 -9999 -9999 -9999 -9999 -9999 -9999 -9999 0.029823884663398 0.00541528897088295 -0.00461477260969385 0.0226035929608777 0.0281193066115887 0.0739033374573191 0.0977893738097082 0.0945485096240707 0.104365722863633 0.120328565119014 0.124066826755703 0.124938437286585 0.123004512033585 0.132479962858407 0.152443062584387 0.152589854989767 0.186936465228467 0.225781158945682 0.216931526075058 0.147291131146866 0.182098542447689 0.202322842129536 0.204549432021555 0.184412289471688 0.18841117761694 0.17641521899785 0.184982400613594 0.183247443481906 0.17613703583663 0.162383455665963 0.1488285156546 0.142125957795177 0.126119790145818 0.104382674579142 0.0972343022354494 0.0905039198396423
-9999 -9999 -9999 -9999 -9999 -9999 -9999 -9999 -9999 -9999 -9999 -9999 -9999 -9999 -9999 -9999 -9999 -9999 -9999 0.0315493168639037 0.0371809437695413 0.000759006882033994 0.0299179367727043 0.0675320371189275 0.0972913975181618 0.0981622995704693 0.109921111710663 0.123582965430025 0.131376081423663 0.127979108698236 0.13250261450958 0.134380983069747 0.151701071016858 0.161042007152092 0.153237748750805 0.19742437758092 0.213655176426106 0.246815353002507 0.238038059137725 0.207602415471054 0.206129312480238 0.189780471021016 0.205302214593051 0.189861958698997 0.195463929274544 0.201821942529283 0.182155509713079 0.179318439594508 0.168533693617507 0.153324288487049 0.13827787960507 0.12376640071612 0.110622993925249 0.0961937843646058
-9999 -9999 -9999 -9999 -9999 -9999 -9999 -9999 -9999 -9999 -9999 -9999 -9999 -9999 -9999 -9999 -9999 -9999 -9999 -0.00534372484397818 0.0239847020048679 0.0245581301016156 0.00817771251876711 0.0646552683982772 0.0923505305909357 0.110125908961071 0.112817262529604 0.125029895776728 0.128892003438454 0.13225428005969 0.132261804613711 0.139553690715792 0.158021435086107 0.161777503631015 0.185277838448369 0.195119276770021 0.189979692641312 0.193337191918011 0.204002702477343 0.18146452217762 0.192591098770852 0.18407363368555 0.180725437596077 0.211267421316452 0.203363713005309 0.201680464898337 0.201709948619486 0.190498601542784 0.172087745237442 0.149193326089191 0.140475128997023 0.133462140977273 0.126580529169624 0.103448108412423
-9999 -9999 -9999 -9999 -9999 -9999 -9999 -9999 -9999 -9999 -9999 -9999 -9999 -9999 -9999 -9999 -9999 -9999 -9999 -9999 -0.00187607059061183 0.0179162700778869 -0.0101275886582861 0.0425890263230947 0.0704066998517552 0.104904240795862 0.118655093522034 0.119414140232706 0.138820911846185 0.124537815965606 0.13308394564061 0.140056717792168 0.1564391425891 0.15529842872695 0.183807584620169 0.185872456034932 0.189661452391793 0.197309330987447 0.1746943800542 0.172118994150375 0.166568587135312 0.183263978535106 0.174362823837836 0.192432217554009 0.210439522994634 0.211652408358794 0.219169554446067 0.204602388439584 0.184629551031526 0.165086057798488 0.146129355207915 0.140449121798121 0.133643184644047 0.116469436134872
-9999 -9999 -9999 -9999 -9999 -9999 -9999 -9999 -9999 -9999 -9999 -9999 -9999 -9999 -9999 -9999 -9999 -9999 -9999 -9999 -9999 -0.0302345487936067 0.0121498690943399 -0.00200117040527299 0.0360406026057903 0.0936517966557226 0.112139689016584 0.114524614621675 0.119465118742689 0.12220244600502 0.114849751188773 0.134629017849108 0.148769221986168 0.143962414803434 0.173954923433634 0.178176770969059 0.187301664156999 0.187930501753547 0.180274582930193 0.176961357993861 0.186570328979434 0.165519379255539 0.153614499725424 0.156559514423464 0.199844111380585 0.197261901279606 0.208875982028731 0.204224746911478 0.18373208371187 0.168553142781971 0.149468196785945 0.147514262555281 0.12350353488282 0.12594716788498
-9999 -9999 -9999 -9999 -9999 -9999 -9999 -9999 -9999 -9999 -9999 -9999 -9999 -9999 -9999 -9999 -9999 -9999 -9999 -9999 -9999 -0.0703722165637182 -0.0257346826142946 -0.00765291396760059 0.00121671131082431 0.0525253372434328 0.0869185380329006 0.11840662078498 0.107054140572023 0.0988876154110172 0.122351941896409 0.131892574564815 0.132440802225149 0.13673241012423 0.187770710913106 0.173670104164369 0.139797451910951 0.171981609969783 0.170396526506137 0.162058738172578 0.186974592171756 0.191711337688623 0.148578956249127 0.175857842961737 0.187283400784923 0.193727932834194 0.194888297657911 0.196111642947849 0.187864251196771 0.167064679627058 0.150062969302985 0.143047115938675 0.132567042672296 0.13152891144434
