data/pcas/pca_proj_current/PC13.asc
NCOLS 494 
NROWS 529 
XLLCORNER -117.166666666667 
YLLCORNER -55.5 
CELLSIZE 0.166666666666667 
NODATA_value -9999 
[rows 216 to 239 of 529, columns 216 to 269 of 494]
-9999 -9999 -9999 -9999 -0.009060523055516 0.0210564953408614 0.0390113341587653 0.0629221378813673 0.125108862517352 0.153171424271967 0.173226188759753 0.167933123795038 0.172763097054153 0.167941239833247 0.236288979354785 0.285070794226556 0.255703375654087 0.226153512374062 0.206709365243765 0.242653532497002 0.245325230594944 0.255748256356522 0.233347288058104 0.225245449756818 0.213130193006227 0.168470196933537 0.13308023247935 0.104521485399434 0.0792524813980402 0.0586932282127671 0.0526008013768604 0.063994211423567 0.0742555604811918 0.0806437310326476 0.0929313779256499 0.110484846646392 0.128463614948124 0.142116330368146 0.148947391215074 0.151605921038335 0.158504417446102 0.175078504593763 0.188723778655044 0.206240737870314 0.233481912598783 0.202347552028322 0.171031077238222 0.163353828037031 0.177233259642421 0.180509626713668 0.158472686239113 0.163802776144707 0.172855844294363 0.158877552254355
-9999 -9999 -9999 -0.0179068804463745 -0.00354657586471614 0.0357385602171924 0.0671347314181312 0.0832209580900539 0.168619958684967 0.14331593105408 0.162904048925582 0.186696761968097 0.167048991306103 0.226644703100614 0.25492336602902 0.249542045083179 0.248401526741563 0.240651880893306 0.254442456964362 0.233411537120903 0.245422503384911 0.237849893355466 0.224511885136558 0.217609830893386 0.193168970933803 0.172704825551729 0.134678956759294 0.0985595032409673 0.075193702293238 0.0629926712134535 0.0559936564236621 0.0499534763230726 0.061052653461272 0.0591160445268924 0.0870291472652511 0.095292311331691 0.112465324595175 0.116287355680403 0.131375420845998 0.125563950600427 0.136576645179392 0.138067235980502 0.155397688271527 0.183386745796067 0.189191449514015 0.168379895234175 0.128531612565906 0.110301776551824 0.136117963055764 0.1472676562087 0.158353636710422 0.149754294403071 0.140127409458012 0.129366096136736
-9999 -9999 -0.0412612191586163 -0.0303390277050845 -0.0288835402918785 -0.00718783901447171 0.04212248353348 0.117872690782974 0.161307333258921 0.166276022387744 0.14858684738532 0.183751390666674 0.180537829346094 0.227714097961493 0.273147322193368 0.270632254255403 0.226701004205708 0.280693879747799 0.243707064147038 0.225873157013469 0.245770460012455 0.184931103815801 0.232787764620039 0.208808363594063 0.183835364350421 0.153115965484295 0.119248532782281 0.0894772836457633 0.0707520583757081 0.0586705404670199 0.0631784364828803 0.0666866813986397 0.0603518386633348 0.0733735562700778 0.0726108048542588 0.0863800765913534 0.0970463767343712 0.102643965434383 0.108870647939402 0.0977566092247832 0.0884950605312284 0.10031380758997 0.13917850826318 0.158650880343169 0.14515334951423 0.121426364136282 0.0789780147628941 0.0682684061853313 0.0885166438256579 0.109422580125219 0.130314650394498 0.125235653280085 0.117044236309722 0.104398414538716
-9999 -0.0657904865705166 -0.0541803505081974 -0.0743155361834259 -0.0450533200866863 -0.00125504454421199 0.0571083639157522 0.131063342959968 0.147982315192499 0.138855719495713 0.148727376266047 0.142224949873975 0.168565103995435 0.22091898122257 0.273743777746516 0.24439000742192 0.219498298155814 0.276176278303605 0.192625886987844 0.226127834521397 0.252936488690436 0.193051664699772 0.227511529457755 0.198655531004462 0.163661174943537 0.13477399076303 0.10178697448812 0.078141641496054 0.0611976963894119 0.0436271968163682 0.0448664558725587 0.0642780381446001 0.0701082736863494 0.0702001257093892 0.0696734011793479 0.0661118190576307 0.0784759788812874 0.0694365062532807 0.076491942476853 0.0543722381333178 0.0600206801891544 0.0764468098722492 0.106894233709479 0.124489360671346 0.123111151358885 0.0905020617490754 0.0542736507557856 0.0408244489061762 0.0509792930900124 0.0781810247253361 0.0848592044356891 0.0846447809208502 0.0916903895159838 0.0862830175236553
-0.0655851030492882 -0.0707831015116314 -0.0884730914044765 -0.0724899282186844 -0.0838310230196941 -0.0498958385635909 0.0615330740039879 0.128301358791122 0.131011266780838 0.146484120395698 0.146533421149198 0.141786268827274 0.166455533006428 0.187078697536025 0.236473830214728 0.282099323746829 0.265150074263624 0.196235210350531 0.204527740246772 0.230110560236314 0.248876171358854 0.185605284144529 0.220809758833533 0.188617043231581 0.156452575668987 0.121002933480739 0.0865425314354729 0.0728751404838174 0.0406293753910778 0.0460880603241531 0.0219663172789198 0.0492898419102912 0.0596596738298128 0.0604157991620779 0.0540263732112596 0.050742713535403 0.0497681443496968 0.0365742744051634 0.0404459500568492 0.0253041723387302 0.0282840069213316 0.0637522017208041 0.0861032454019568 0.114480691332704 0.101418901440589 0.0668458476287284 0.0325330413338037 0.0258319321822057 0.0402997889755571 0.060569858385983 0.0698904454420856 0.0816235581203803 0.0814134358841677 0.085888278767147
-0.0738152774489367 -0.0913221708717293 -0.0873429070463171 -0.115353415482335 -0.143406875281121 -0.12645171102571 -0.0432494794794788 0.0769674328631796 0.13917477538081 0.139808908579699 0.180204601675929 0.150521196013268 0.167674688730688 0.179092451685168 0.207477242346302 0.241065506603775 0.309361916840077 0.262190751752111 0.183896429885722 0.257017137077125 0.245242992864824 0.182294503634104 0.203207975380923 0.166507552811496 0.142114088383507 0.134557270591411 0.09011074119376 0.055400991565042 0.0453352697317544 0.0329795678928902 0.0274161973743467 0.0207752520372869 0.03617566826354 0.0536680160679647 0.0549115796335089 0.0461800632510984 0.0395658188897115 0.0133106697270114 0.00142638617246681 0.00748253082260912 0.00640883814952906 0.0459278262517631 0.0884337583650255 0.0847216341707592 0.0653843136183007 0.046765268953786 0.0211046713987069 0.0329168858723992 0.0518593792092311 0.0633598176230621 0.0535713384880392 0.0435871154546366 0.0630085677129007 0.0640042605779895
-0.0502179605729576 -0.116711300242814 -0.130879994319766 -0.188434059363617 -0.23694102563874 -0.253674688812484 -0.112247268121877 -0.0167106718996112 0.120471109133299 0.123674095912475 0.127971529714159 0.178773302266247 0.177607115842235 0.179809748470785 0.200016009496013 0.233873158623991 0.280620551629658 0.270501950839486 0.244787721005713 0.25583088334366 0.247034331536347 0.19274336038441 0.183607480957288 0.165930080976117 0.146915910244609 0.127059999333265 0.0728670336834198 0.0490995125427537 0.0327305825712047 0.0141450334291175 0.00962768048105636 0.0111489385521867 0.0192225257953 0.0354340477553628 0.0482257514289083 0.0314079090827095 0.0259799233097826 -0.00481851517462013 -0.0264308178724097 -0.0254991129376272 -0.0233747954968978 0.0317807373963453 0.0711568705496391 0.0418866818015951 0.0459260355316989 0.0289263720145592 0.0180320669771959 0.0410332095833041 0.0563636281359781 0.051651397191998 0.0445242017963891 0.0369170171025281 0.0487201549928478 0.055405418832571
-0.0738396450975508 -0.12929484367588 -0.133762206321604 -0.189186254892993 -0.266209510055322 -0.227039013660036 -0.103445862790501 0.0297997421345065 0.144513504553322 0.169546100896509 0.17871116229571 0.178150570687707 0.170984390348364 0.185933561673994 0.182441017576695 0.225254783340092 0.28779352804204 0.299049245204586 0.275310166960429 0.273918240065421 0.244970194561097 0.207393195666964 0.179059514225224 0.159767804224233 0.141188123296231 0.107529205219616 0.0887460503287946 0.0557891402763653 0.0239243004158538 0.0104338137508902 0.0116290672813266 0.00808307973911039 0.00949350151562161 0.017312543231618 0.0189433868372304 0.0252604328544725 0.0196191200470909 -0.0115611518469215 -0.0153562339660627 -0.0263970159673656 -0.0344749286962338 0.0282944479822502 0.0599455681311513 0.0440238018783948 0.0291208532762703 0.0289534799800002 0.0318635188250646 0.0522175720410364 0.0533288784127109 0.0455054088537746 0.0384431161859595 0.0446557841089271 0.0477682456876944 0.0542277749486588
-0.0753300825616492 -0.0769175738943125 -0.0837633593206112 -0.139227052248046 -0.183961536839971 -0.180298789520567 -0.0559947517955364 0.0829623816994123 0.11859957182343 0.187237972550701 0.152049673247606 0.17793164662221 0.181269049475288 0.183495558146316 0.187166618172091 0.223936001730298 0.284109974928705 0.302788502982941 0.28335195795429 0.267258513704096 0.178677296454838 0.187849111273912 0.163725556364673 0.162494956472958 0.135604882858984 0.0960426439565222 0.0896099892459706 0.0698203107250666 0.0155176703406391 -0.00460438354096221 -0.00463054860718977 -0.00457117066943075 -0.00728837940655641 -0.0115786219680142 0.00751661914167049 0.0176073283595553 0.0133135881365023 0.00998504747006726 -0.00379256415258961 -0.0110971349984866 -0.000241985398523031 0.0453383616144832 0.0640033403466888 0.0611226674950472 0.0619541972238441 0.0663516529105304 0.0702899346396525 0.0692979654974729 0.0480558623754793 0.0399576366483609 0.0229654389360452 0.0432498786213107 0.0457791006889497 0.0609320232243238
-0.0815236282775266 -0.0685703845241185 -0.0621485895910042 -0.0807875117256927 -0.0935086134447696 -0.13361021165393 -0.0555057381709624 0.0887556718958596 0.21136407481881 0.160483436132 0.142770196190643 0.192845133458724 0.158427286215987 0.187606626969709 0.176690986718213 0.209838148995424 0.272257163179126 0.260391241780232 0.276200401563748 0.264948912285461 0.176365526750208 0.201789138348076 0.169563339138763 0.155144687117084 0.144288767298304 0.0986902648959206 0.0837606913344676 0.0598417367376799 0.0187353034770809 -0.0102041238334009 -0.0164810075194819 -0.0308128770235602 -0.0397424665307908 -0.0263085232384707 -0.00417981965493154 0.0147383949694979 0.0241565686382163 0.00912713603370628 0.0109688635521632 0.0131333840502447 0.0448747461022245 0.0795279623839306 0.0847308151979371 0.0908576995902133 0.0913786858561396 0.122017277903773 0.0998407524673383 0.0746458615831513 0.0487441470410236 0.0384590385219309 0.0260029853739961 0.0332281026028467 0.0449312216852914 0.042709913662475
-0.0851664895945281 -0.0476865154040085 -0.0209893308738276 -0.0432811308140537 -0.0844063060081323 -0.104538180404912 -0.133480483384548 -0.0288689098426757 0.128481572204952 0.160554465408961 0.132171038502346 0.160468392276768 0.174196145719902 0.181146356125025 0.167122518214492 0.175163549221822 0.279609209619376 0.238033156346674 0.228607726645634 0.206799460106935 0.175284535128523 0.195441147039905 0.177214297576175 0.172664708382814 0.140149365441048 0.086011574945982 0.0561154700864262 0.0449605911849967 0.00539559116172772 -0.0153333297658404 -0.036295866288382 -0.0493845136805522 -0.0501825346103301 -0.0350951206286531 -0.0166126876835112 0.0115340925747542 0.0229980389374292 0.0398807492804033 0.0364577023935655 0.0562116221418539 0.0827333087758152 0.090095690042317 0.0844105935191679 0.104426881119567 0.116205595271011 0.140314508570082 0.104827974123324 0.0839038166144681 0.0626073278378209 0.0382278828529569 0.029920086977568 0.0329634451634585 0.042079384107643 0.0350963289895715
-0.0907555679626223 -0.0657104000949359 -0.0422368873624814 -0.053638597698175 -0.0886288352725166 -0.123376987656156 -0.160920425555474 -0.151178686491468 -0.0710297753925611 0.120319746357262 0.170594533300585 0.166015689153632 0.215009478802979 0.183962150106636 0.174373889314671 0.151588801625874 0.281882934122674 0.256479865278666 0.235323566168799 0.219911782003904 0.214265158533963 0.217048061680147 0.210500253223006 0.187368497813434 0.141931742573943 0.0783857788868213 0.040033291089454 0.0189852206451936 0.00233805913164901 -0.0153429788279974 -0.0409014984983775 -0.0606679596619504 -0.048061430994298 -0.0335688538787939 -0.0163216789571132 0.0161701772989799 0.0306171015058299 0.0458512144770122 0.0560674831133466 0.0665591240042292 0.0612684273300682 0.0813381210586536 0.0948952010143029 0.112966429422323 0.135823198591205 0.135399588402052 0.12093867721193 0.0977204318569208 0.0645559891588156 0.0438622676614056 0.031571244660756 0.0238923452759564 0.033765016575339 0.0360812493962499
-0.0725878121557202 -0.0693216926780916 -0.0478162608286614 -0.0746376377896273 -0.11308027162772 -0.159196854297985 -0.188635154879234 -0.174468592814981 -0.116201607981354 0.06873290714665 0.187642661471067 0.18454400663239 0.174026205000436 0.154853235907393 0.170944546839251 0.157393860880795 0.186696118043781 0.168446033611448 0.186579672804928 0.164954423194237 0.18001953136219 0.196110555533346 0.192764774121544 0.159842236130342 0.127208867419256 0.0915857477110793 0.0364618933721813 0.00689999330209267 -0.0116419370149985 -0.0257662310197787 -0.0520766971973653 -0.0727524648186676 -0.0630414323563411 -0.0526207752662973 -0.0246571556178387 0.0122942459523822 0.0361958232092428 0.0594110440971463 0.0796352074375435 0.0544559807796451 0.0416123759458433 0.0758117022138151 0.0831470040965877 0.11044864148508 0.125565726390551 0.131949994595869 0.107579831596762 0.100382541003575 0.0713597523428106 0.0518270026046783 0.0300116696720437 0.033048111531073 0.0241245350063485 0.0298757050565167
-9999 -0.0775994919062767 -0.083420715034015 -0.101594195432093 -0.144998339052346 -0.169289917632174 -0.195442982431255 -0.177173088566323 -0.11582838228557 0.0453040128606983 0.134400505304986 0.144431897396688 0.189089761023294 0.150154894736607 0.131875448069565 0.190621660992232 0.163924816825955 0.103914508237704 0.118450814234638 0.147461721685513 0.156124480025888 0.17235836882652 0.168955925011398 0.150565367595494 0.12891649017803 0.104128350815103 0.0589802650356776 0.0402896533734522 0.0176796456089296 -0.00667696904203405 -0.0280742718605962 -0.0569494110566964 -0.0526096671598766 -0.0350153220153892 -0.019417074443685 0.010927384455407 0.0223623299979572 0.0296006879697411 0.0342912589397854 0.0472283907550219 0.0219415730884214 0.0472400477139329 0.0716145367419699 0.0997654747130706 0.114449108870999 0.111507654227737 0.103873298348318 0.0917925994870864 0.0831242116539133 0.0629040991829042 0.0300054995333498 0.0352156185771695 0.02549942963584 0.0350903969054868
-0.133751123298319 -0.1143018097518 -0.113412872960758 -0.133745893240663 -0.145027775232284 -0.161756416990068 -0.164022271830888 -0.180985446616652 -0.148811850734064 0.0531177894304315 0.107255016939038 0.13973871865217 0.163106706169355 0.160222374293231 0.110206678311423 0.168964533285406 0.190596930941164 0.156927954497761 0.0943674735274871 0.126747705691705 0.102060465490537 0.137725277310595 0.140340421288032 0.11586734697724 0.0945398397185691 0.0767510543766862 0.0799397540759124 0.0407087072295026 0.0379766606772262 0.03536567223099 0.0163830625004229 -0.00927859734373462 -0.0122950357477637 -0.00733790553235279 0.0118371144479628 -0.0159895823366201 -0.0154474731823843 -0.00540008655997274 0.0113483658623215 -0.00234269951384081 -0.0155013369496162 0.0170642889985172 0.0376477676007261 0.0606102483264111 0.0981034360570759 0.108950385081387 0.107909161364039 0.089596346443117 0.0882905080311265 0.0685175016101121 0.0523732194751081 0.0443213077422039 0.0393079178414923 0.0501101719373591
-0.15651692068338 -0.129838094586018 -0.137937090240899 -0.141840082033716 -0.154685842035085 -0.166859985923256 -0.151799268704409 -0.174479368784935 -0.171655459857348 -0.0514452583506394 0.0785208172283409 0.116126070413078 0.150969528467245 0.14081237882358 0.117445419925867 0.134126941691229 0.123858075767418 0.125799595659523 0.116017956537657 0.117177182641641 0.0881712507798194 0.0951010695283285 0.126247955720153 0.124944154862211 0.106507508253309 0.0687000375560501 0.0990623995602101 0.0594659014555567 0.0327847356771306 0.044515325410045 0.0701013815523451 0.0665313797549033 0.0508704503378584 0.0326593032787792 0.00807845320584533 -0.0368048233041822 -0.0613519683738977 -0.0696223554602518 -0.0564419808876799 -0.0574388878641481 -0.0339070062443212 0.00733945781385202 0.0125150309984999 0.031343293069769 0.0593224953028853 0.0819470905240347 0.0887559213198454 0.105300880149874 0.0959774253973947 0.0748312518963328 0.0644841723087964 0.0647861427283504 0.0559859041901627 0.0557112887746889
-0.155760094366156 -0.129838682101719 -0.139910775345277 -0.159740191644893 -0.162901469171456 -0.173424910205281 -0.174323206755898 -0.156405625542685 -0.180978135477116 -0.114451096570368 0.0478003425276719 0.101787564196071 0.108123022297505 0.13301819276067 0.145044075368983 0.13265094759105 0.136974807911371 0.106276575404899 0.0860144887713201 0.103511116246465 0.0849197364995902 0.0590629669929776 0.0962043109566927 0.11960619555038 0.0937581623070787 0.0563605051226164 0.0927714327413177 0.0900886467854649 0.0406089466828028 0.0540663263657473 0.0817052891982748 0.108554679713675 0.0867742153254273 0.0403158536039381 -0.00341356677641152 -0.0538714188587926 -0.0784875567544982 -0.110864496620741 -0.0919306333852084 -0.0761588638748198 -0.0487661220089941 -0.0189187021805571 0.0128338805824809 0.0194075949098885 0.0523291220399199 0.0621951340160189 0.0787854693239592 0.0907724465355531 0.0974055004751199 0.0800827343938883 0.0710549903257711 0.0738446977158822 0.0659698876420249 0.0686878888207324
-9999 -0.157967662564063 -0.172687504175797 -0.180839186114358 -0.171832522809319 -0.168329255423166 -0.165549531975729 -0.142309451382903 -0.149232545698984 -0.142829088461451 0.0204015458121466 0.0629041415094483 0.12487642564655 0.135783683068679 0.140545520773316 0.138893582262886 0.132084614835897 0.127965461882615 0.0896527021438502 0.112753383635652 0.0900975330007798 0.0871646461782121 0.10745085049247 0.126799590659772 0.100319480441821 0.10931094315241 0.1078255638872 0.108073874613061 0.0808364455975451 0.0204459997592663 0.0289432695965485 0.0470849265777571 0.0333031281997057 0.0148852003603791 -0.0222539188423543 -0.0475121829855162 -0.0774750106279179 -0.0909992234084697 -0.0845313237128473 -0.0755395675603301 -0.0549834062302716 -0.0303805275516275 -3.89944558723543e-05 0.0213266461271583 0.035157806927974 0.0500270037961607 0.0723805831132588 0.0779494182296973 0.0864100939983468 0.0894150812120181 0.0835960680923684 0.0863268390734599 0.0819445118926034 0.0724242700397323
-9999 -0.16993907242221 -0.186104659788965 -0.189615168806736 -0.189103449630096 -0.171869531059808 -0.148351463113575 -0.125632211780356 -0.13519031107247 -0.167891106902431 -0.107213471260018 0.033332251160487 0.109966935572773 0.105067490905917 0.121624319497587 0.113727956583636 0.117060441924961 0.133630454415684 0.104296199419435 0.0946144883343507 0.0774687593519716 0.12410019902147 0.135714196064147 0.115218025734843 0.130739862447736 0.132503650462772 0.11943660672798 0.12048940844226 0.129356810156184 0.114072248719484 0.0613875734817272 -0.00181547597804283 -0.0159394007081337 -0.0126184497313699 -0.0216922383525894 -0.0344079582959507 -0.0607607377169347 -0.0627817622477927 -0.0570976158605256 -0.0466532957378851 -0.047088574878214 -0.0333783301509453 -0.0175290557037326 0.0196934954633675 0.0296678442223317 0.0441218120895556 0.0464292525361455 0.0712745850355197 0.0928168046280377 0.0871571354820132 0.0912431861453449 0.0976767444577438 0.0958168456440442 0.0903344396855785
-9999 -9999 -9999 -9999 -0.153690877630588 -0.164594464347464 -0.149423977206041 -0.0809675705611234 -0.115790720318336 -0.125566069895361 -0.094138033544985 -0.067515484518911 0.0407612950167928 0.0628070768085731 0.105649323678145 0.1023452091892 0.102560623407754 0.0990518216444416 0.142859283113156 0.0916537093851331 0.0891711637625203 0.112369237146279 0.132069723672423 0.130611299695541 0.135981864977534 0.126008149269236 0.123066500328842 0.135397700484237 0.161701995377066 0.114369698306408 0.0626732886963869 0.0315149912245879 0.00850026500234989 -0.0156221096857521 -0.0176504398406165 -0.0144839093466359 -0.0294388015632608 -0.043722989369921 -0.0382769134700485 -0.0447207470464382 -0.0476435520904817 -0.0299398940514332 -0.0149308962856844 0.00377588237734063 0.0160592543309416 0.0315155234246696 0.0587760002878015 0.0759090534766179 0.0989852357538299 0.0955231716364349 0.100792619259845 0.0890354110666451 0.0854483035505269 0.0821786150514107
-9999 -9999 -9999 -9999 -9999 -9999 -0.115658278158527 -0.070849153147128 -0.0476177675674177 -0.0663781029097072 -0.0796379413691967 -0.0369393774223296 0.0760643953018643 0.113949037578735 0.119299579319347 0.11185750799089 0.0995925435380647 0.109800922936565 0.135693543474249 0.102987402294442 0.0883755073888031 0.118432778093559 0.124738307302967 0.133280775182578 0.148636700278265 0.133380377944358 0.129451647489016 0.157679252480703 0.154315072276095 0.107046738563358 0.111847397700253 0.0447420121531538 0.0508629572972261 0.0381969754694118 0.0129028698758023 0.0130642666151841 -0.00179933902464036 -0.0138675006804216 -0.036230678639877 -0.0305866246195031 -0.0255525991645425 -0.0295772462173138 -0.00744058172428165 -0.0112424549473033 0.000541276210512139 0.020916001914846 0.0532707482035561 0.081788318494113 0.0950930306126228 0.0928275801763892 0.0993540568675225 0.0942345058677593 0.0935869683360524 0.0749781583603981
-9999 -9999 -0.236364112959614 -9999 -9999 -9999 -9999 -0.0660260385741275 -0.0711402459829653 -0.0162280322149823 -0.0398642571682246 -0.0439916195023346 0.0787499115205101 0.109581968145838 0.122789446982261 0.103493100523603 0.0899490413642246 0.110743957019145 0.126643946179048 0.120820124489075 0.0798577285203307 0.105547250505434 0.135565018567687 0.147641270572923 0.152053259827921 0.117794547854114 0.108364020979466 0.137849088012323 0.110449263374852 0.0857896789003431 0.112125369982231 0.0722619088921369 0.0524810358681998 0.0629546815707254 0.0311452155055393 0.0289006555175531 0.036288588587281 0.00581253327432115 -0.00394611556342704 -0.00388003314840231 -0.00769278375124256 -0.0201386453325216 -0.00902212202629915 -0.00176112938167889 -0.00346050280446032 0.0149371111136564 0.0423902903533503 0.0682807573130231 0.0808735348225376 0.0973091207065352 0.104145691470125 0.112255392398396 0.109307713786576 0.0884467052438007
-9999 -9999 -9999 -9999 -9999 -9999 -9999 -9999 -0.0215123742423861 2.27203773537493e-05 -0.0486752082699572 -0.0539682111093815 0.0222896398187868 0.0828292686001793 0.127522639196582 0.1268466864793 0.123216924022235 0.109198694201048 0.110688287272813 0.132580434134435 0.0889194161010356 0.0781212961786276 0.115145817343754 0.16087773140856 0.149226094081072 0.13498381004821 0.138491376163781 0.11154344998735 0.0959240392195731 0.101727800096547 0.111330685950292 0.046730546977501 0.0413077237289147 0.0619833737207426 0.0568028600224888 0.0451808750459098 0.044543751856058 0.0335618120220679 0.0106547116604395 0.0172133252117135 0.000153262194004251 -0.00498329960487486 -0.0126894943082931 -0.0037214089085859 -0.00207545337323085 0.00759719587791172 0.0298901628520054 0.0494546302962455 0.0692839247695033 0.0888542459229099 0.106306271981062 0.132617587624601 0.130794263313107 0.109381116593135
-9999 -9999 -9999 -9999 -9999 -9999 -9999 -9999 -0.0108785730101343 0.00794509464665346 -0.0106398130182255 -0.0754103603568588 -0.0205835744974696 0.0746147332540635 0.0989923958412523 0.133438160055697 0.130136021991274 0.13076430363756 0.106340864716798 0.125749305225948 0.108599124223689 0.0765793705182078 0.119596551742049 0.16239051496485 0.158701854211335 0.153834385716568 0.135889560394501 0.118598752293066 0.0976787410256672 0.110151061800375 0.100688428571646 0.0714512507963055 0.0439017335144503 0.057296742024726 0.0623866047923315 0.0546331845167134 0.0554609122581529 0.037039209124904 0.0253316835366297 0.0204992766098733 0.0166332140657878 -5.66999359098534e-05 -0.0116116730089135 -0.0186429612567511 0.00195933756645037 0.0029429305922712 0.0143351861407474 0.0380521300449072 0.0536189636415177 0.0716569487106953 0.110688649513636 0.136866539390349 0.142329352654999 0.122320880776118
