data/pcas/pca_proj_current/PC13.asc
NCOLS 494 
NROWS 529 
XLLCORNER -117.166666666667 
YLLCORNER -55.5 
CELLSIZE 0.166666666666667 
NODATA_value -9999 
[rows 216 to 239 of 529, columns 432 to 485 of 494]
0.314593442608932 0.316006639177834 0.305036512963142 0.309796954189998 0.319908148809024 0.324518622243794 0.329880460382498 0.358037208561518 0.35695395525315 0.347809452974716 0.344377564083101 0.318688908762177 0.281166355549071 0.262449774158654 0.259951778050061 0.275334191375507 0.289981908177767 0.305438528153683 0.263641630756314 0.245180787048988 0.205277011284407 0.182150582647767 0.183535263306731 0.205670046779971 0.2000723554705 0.245777073345553 0.294374493742034 0.304660409436911 0.250645937015316 0.220502567342951 0.182583109952202 0.187233579322804 0.192373489172393 0.201418052661099 0.180359997001756 0.207584182639082 0.229518173649748 0.22889202393261 -9999 -9999 -9999 -9999 -9999 -9999 -9999 -9999 -9999 -9999 -9999 -9999 -9999 -9999 -9999 -9999
0.321615848247673 0.32048219213792 0.31544172541115 0.322609796735233 0.332503818173446 0.305168323551147 0.279942796982303 0.307869950620591 0.309031880867536 0.316570736624725 0.325220548063333 0.304138073690889 0.263460892017883 0.25628523349191 0.263156884775976 0.20480217581025 0.223537423346264 0.224630695927905 0.250983580546346 0.315385743472368 0.213821444608768 0.207466304219356 0.200269613228808 0.219243411497038 0.214950682762575 0.192857107305784 0.279618125041015 0.318292265305057 0.226945934580823 0.172712435849562 0.161892877229474 0.165633969855245 0.186494846824735 0.202530710476411 0.155930332957143 0.163061315520058 0.165667019086976 0.160938995696344 0.193957893212932 -9999 -9999 -9999 -9999 -9999 -9999 -9999 -9999 -9999 -9999 -9999 -9999 -9999 -9999 -9999
0.318314568352172 0.321746076608593 0.324518581314855 0.33735213392716 0.325488911266587 0.299513701720804 0.275593188738213 0.257678752993857 0.269154511198993 0.278383137528285 0.293422376108618 0.282729031845945 0.254675619164776 0.227698836583093 0.162161417545478 0.189771678652504 0.20094940796219 0.206383409234647 0.293748532909596 0.301878470809961 0.24317397376241 0.180660296448476 0.209153238153534 0.189142750569327 0.260048473528323 0.303335384348969 0.294733115303366 0.24830174836799 0.211557678645173 0.17869711776848 0.152100622883023 0.156901453258185 0.156919082548345 0.196340385089031 0.16046995464876 0.13638101686312 0.156338025617578 0.151014845573086 0.178694872454023 0.203424916340976 0.219223113098599 -9999 -9999 -9999 -9999 -9999 -9999 -9999 -9999 -9999 -9999 -9999 -9999 -9999
0.316627513508245 0.326608203840221 0.325471139367548 0.324111029996404 0.307509090743216 0.281886399405679 0.255046630842878 0.252350621244842 0.247097765464525 0.269728372319863 0.270361408981534 0.258503374528997 0.170227906841504 0.160705118225594 0.159797503028144 0.181766455478837 0.190287387905446 0.173093169690912 0.272063053520813 0.277687111920436 0.278405276713241 0.213818457194227 0.201565797712338 0.210854445519354 0.273093610190595 0.332339892747191 0.311981725074118 0.246104676726014 0.190018006171355 0.176085443439229 0.153131499371521 0.148014222396575 0.141943368123017 0.158080560348851 0.143560180800573 0.127932724995451 0.137874788189297 0.146036437732476 0.166159617994419 0.199035743296688 0.212690811891929 0.192814915838461 -9999 -9999 -9999 -9999 -9999 -9999 -9999 -9999 -9999 -9999 -9999 -9999
0.299522642020762 0.325332263258938 0.324206514940358 0.311702880313888 0.283849029329538 0.245395862425875 0.236008422216857 0.236298451785775 0.238535722716056 0.244841869586621 0.166576985915309 0.153676756654185 0.147617486999415 0.137641186747521 0.166456011032107 0.192606176060694 0.188092533125149 0.179830659053591 0.184420505418154 0.214948260905721 0.212109315184143 0.199434178490955 0.202461359389276 0.206982446471834 0.236415392902954 0.278587412064958 0.29159852469294 0.242135431665744 0.21354881031895 0.190418404330511 0.153796107642993 0.153731315641393 0.142277311152742 0.127839091347522 0.118669717988374 0.121657934550384 0.123370573137249 0.168330478358149 0.150678534300986 0.14878155012731 0.156407243749831 0.163425299222734 0.182652238737638 -9999 -9999 -9999 -9999 -9999 -9999 -9999 -9999 -9999 -9999 -9999
0.280592420358011 0.313751750699832 0.310590045343989 0.292924679931215 0.263614497892428 0.231462866083235 0.224746624083895 0.20768229403298 0.216088410070106 0.224917499852436 0.14807997384428 0.142134457072491 0.125938543729081 0.129449452032517 0.154970073544582 0.185320363584721 0.179703204662219 0.155712523470697 0.150844055554619 0.125550437863766 0.158744510987949 0.181047424912655 0.1838229274137 0.186362593947136 0.181120491952035 0.191599441253887 0.21073548280757 0.212601620030571 0.201394216129079 0.181069189890724 0.134154067240739 0.131607210007648 0.133302597093672 0.128818781314804 0.109259921477516 0.109426331042668 0.136013677652241 0.215131913391073 0.14990150341647 0.116055253798372 0.112549876038521 0.144333576613196 0.177951156056515 0.192921480259862 -9999 -9999 -9999 -9999 -9999 -9999 -9999 -9999 -9999 -9999
0.262598977620343 0.308907695954697 0.297110496536793 0.271092330677085 0.240575672904147 0.226293850334709 0.218392009131372 0.198586585170543 0.202554786468384 0.207521291491022 0.127312109422777 0.133563758478982 0.116659347008214 0.1023536678256 0.122041194961266 0.152863862739631 0.144333281466852 0.134846466695157 0.131681082055478 0.110848003079568 0.144395453087652 0.147763086161804 0.175057587158242 0.165497977424068 0.163740051070057 0.170010478591711 0.172312853399901 0.196287556967896 0.180861812528517 0.127796542583175 0.11129499890049 0.112181214204045 0.145545362654037 0.157848825697895 0.108412053917759 0.0923687231912251 0.175501678039099 0.178859389753704 0.133735754045312 0.110287175694997 0.123392168456041 0.143816449037672 0.16675190077695 0.188061810299882 0.170579483735401 -9999 -9999 -9999 -9999 -9999 -9999 -9999 -9999 -9999
0.265301491610793 0.298209186295426 0.283590775823712 0.255419282401417 0.234624432728754 0.241003508531148 0.22009467905703 0.215931555646894 0.210438038426677 0.213628109251733 0.130231050218705 0.13810968353087 0.125208535766231 0.0976091067021138 0.102369312040204 0.129079951460102 0.125194601339333 0.117932549020652 0.113553491692977 0.105168875925593 0.145602441350053 0.123534837806853 0.119488847065696 0.139911666601452 0.130277921773079 0.180968572981979 0.147386585606217 0.131441642326562 0.123379645169323 0.115502185652129 0.113082114294998 0.11741191061769 0.168404717975377 0.189343288619346 0.160331517355279 0.135605293031011 0.146251215332495 0.136705683550261 0.118651654887019 0.11108843258855 0.111827999929574 0.127501894944239 0.163441415654956 0.171793823849281 0.160091154055196 0.171201896496623 0.18799945837496 -9999 -9999 -9999 -9999 -9999 -9999 -9999
0.267491311202042 0.287379413086825 0.27839337245449 0.250002703356357 0.2424774322004 0.241963920672046 0.227701662163291 0.220914806834308 0.128386937671797 0.133093405024694 0.146675520333144 0.161512696665321 0.150581160416766 0.132973168055458 0.12701929983102 0.13238496613532 0.129258996946033 0.119395743593961 0.0998432527289405 0.0992760605311774 0.0952681963875391 0.0972499108807311 0.110085553459537 0.105543593234082 0.124560377526624 0.203988840224701 0.113635987035313 0.106770852373065 0.114495063934734 0.1306127247238 0.144562037784916 0.13937207636894 0.17356216354335 0.174582410372596 0.179317186887752 0.173746255353947 0.142691133442218 0.117702477065243 0.123904659296955 0.123564749196328 0.119721110493101 0.119687064282139 0.131537831042269 0.1253049974195 0.130530951655826 0.16032974943948 0.192778725732608 0.144044093298727 -9999 -9999 -9999 -9999 -9999 -9999
0.244257173032748 0.25577585269081 0.256138891072872 0.239756814446015 0.230720459807132 0.236533559299972 0.217615061831536 0.126466053315673 0.133655778992243 0.137429886984177 0.161599106725266 0.180442319443623 0.174953762094175 0.251232793649063 0.240237567398395 0.140171671546479 0.132660568304957 0.114987952625662 0.122310139386503 0.108425108519514 0.0754065472007136 0.0732693756305352 0.0985217031880108 0.0972409318986871 0.12048105065266 0.158223719370598 0.107557072328587 0.0948988411945635 0.107869584877179 0.119613413680099 0.130786284251108 0.137307054543244 0.166483702587293 0.159612225414168 0.17008736810949 0.192323752248416 0.175473048883971 0.145787542971821 0.145284590551872 0.134579371560483 0.117352758447094 0.127026987400501 0.125584303835587 0.125263003730448 0.13664608074522 0.155134487001695 0.183268946156813 0.142752860011027 0.13677197301123 0.112010827353252 -9999 -9999 -9999 -9999
0.126282591613411 0.125211967877613 0.214824950204612 0.19743633540387 0.202753801356887 0.118737538301067 0.114894833808545 0.112689438624971 0.117069735653602 0.128424756372825 0.145960490553016 0.186435535778091 0.209669576746065 0.268042458558941 0.238187412250119 0.134420814248919 0.127717648467895 0.11716061418098 0.122794715813999 0.10456927288428 0.074033483744135 0.068563450396285 0.102470596555308 0.105620761766976 0.0928279805752237 0.12396153233866 0.0948468376751812 0.0861709579616943 0.0942887528923366 0.108002003785893 0.11637237612754 0.132824490637768 0.151291540236344 0.150787004148153 0.14935439260549 0.175366578135309 0.188773698141073 0.151698632242567 0.152734227808785 0.139582489638187 0.128809529832588 0.140208729431667 0.134728806690183 0.119314851460971 0.138390557998225 0.139891318534234 0.15145122350224 0.151918069015052 0.133697571257592 0.114698656735497 0.103079577284054 0.0798090124769352 0.106907335943377 0.075207040481256
0.111252044981711 0.10918314972808 0.0942153874234997 0.0630390109917036 0.0741741226703345 0.0934894198421816 0.0886139385080024 0.0941881813646378 0.0970336169858171 0.0951246479942044 0.118560836693334 0.163839861331294 0.202668103363495 0.159352604015808 0.129356436078226 0.115384421256126 0.101388941786677 0.0978838012150329 0.0812491249481723 0.097844845519503 0.0703761372144483 0.0834914050954636 0.0833277268834381 0.0875582028755034 0.0938520343230753 0.117549675972659 0.091953232001635 0.0862378790027128 0.081501430970874 0.10253876308826 0.111275534371176 0.126224475463045 0.146878045031484 0.147301000543141 0.137551263144757 0.151555894946354 0.167034799675229 0.166011702956008 0.157476928118653 0.1403395012175 0.129613774614319 0.131293148653912 0.104834474558666 0.104865208328837 0.115344430953012 0.102805411490796 0.124705346620235 0.14791687563528 0.138142585403573 0.11324376639085 0.10007220410232 0.0857311910739467 0.0906071188940698 0.0715934003578851
0.088138890593946 0.0819861910851126 0.0608104398338082 0.0444127568031919 0.0549969376910174 0.0647580385890275 0.0714942492263304 0.0679912863288571 0.0729178552914808 0.0785325248909809 0.0982119224379402 0.130058635898417 0.136772963487565 0.116510457046018 0.106471808828073 0.0980468828157879 0.0882031758716896 0.0832550870358727 0.0725071822763343 0.0844310611168146 0.068804520286366 0.0850174462360478 0.0794050400049386 0.0817006314541826 0.087277275106011 0.113833737730503 0.110591038989877 0.0899147970895343 0.0932242949372551 0.0964167577970757 0.113258385257781 0.112716949168102 0.128490873162262 0.151395260972464 0.149011879937595 0.168604119166897 0.16801011413547 0.170310923575333 0.152259135867854 0.143008520600945 0.120910696658467 0.101914417440273 0.0755620019779706 0.0772950867539272 0.0717952124643714 0.0688656726492824 0.105391952720422 0.127341922771282 0.128520898715427 0.112116917647278 0.0948297256625499 0.0753216348590045 0.0753277976248065 0.073163139478722
0.0522645499664985 0.0515343669177178 0.0509944933870669 0.0429359736530265 0.0543195493738136 0.0537734640474837 0.048022753975572 0.0475965757391223 0.0542711765108886 0.0659933076620082 0.0859228543332987 0.111830708342756 0.084399241401545 0.0812745312886372 0.0869478602294315 0.0769306108568242 0.0703247733283672 0.05992208515501 0.0543009968317984 0.0573033433780959 0.0778812477474226 0.08857944031305 0.0858947356376204 0.0851580727361313 0.0969930087105318 0.109173742555926 0.104229945287255 0.0909992885051136 0.0995305962614293 0.0969989340479256 0.109260774256885 0.111864719935817 0.119625748432298 0.131075059942841 0.134857958451651 0.14358970602038 0.145871980630587 0.141580767853714 0.135165793806249 0.122432265246367 0.105224273228225 0.0712245498035086 0.0643743434056182 0.0583931210477723 0.0527692490851606 0.059089349939924 0.0910577771476369 0.110544039545114 0.118881294480833 0.0940941751164295 0.0841626173610506 0.0791293664535939 0.0735982374939616 0.0693883358852178
0.019717762896966 0.0332098426575154 0.0346693848408583 0.0383834921562936 0.0492179878851883 0.0372098611648056 0.025228994177162 0.0229510749876977 0.0329311918051591 0.0468850963736492 0.0648458143635585 0.0808052314266754 0.0593958712345718 0.0645241463835541 0.06917830590755 0.0807972589251292 0.0786112559597252 0.0628670008294708 0.0446675017048335 0.0501941248299755 0.0908932118875801 0.0882732217007158 0.0785112021600768 0.0874336042369182 0.0925909141070617 0.0950748866233453 0.0821767304037106 0.0878604432453528 0.102321313043382 0.0999961376423147 0.104669747951253 0.112507763769828 0.137736181321187 0.129522054475916 0.114946264633595 0.107207667636591 0.113505035970747 0.119236955613582 0.114134836648408 0.108911062827704 0.125084406623377 0.092683381323797 0.0593078707762746 0.0640357099427544 0.0667786699411805 0.0619405029466296 0.0903979620143715 0.107101473702567 0.101465521585526 0.101746919537601 0.0900991876003226 0.0798572566258694 0.0751299840305329 0.0632901183785813
0.0022811141575299 0.00436717170638896 0.0176524400324026 0.0159578492768328 0.017493855718073 0.0179416670667959 0.0114338169881058 0.0157483186881226 0.0163904737813905 0.0264569706054868 0.0480846567875712 0.0484125013596954 0.0323747065945458 0.0428666453786404 0.0583823483949358 0.0662988937749296 0.0758237638482157 0.0757125599923556 0.0517786032290836 0.0680141891916868 0.0905678869821299 0.0962877791316972 0.0776102634521471 0.0828862159097942 0.0858688586877048 0.0798101778715977 0.0609166750068608 0.0630510593192937 0.0894202998678061 0.103954961633682 0.0909798545995217 0.0949105642191601 0.136540987478782 0.123880532916326 0.106184866165319 0.0977036223001414 0.0988776666845243 0.108014274702131 0.0987189685276883 0.0835971256133532 0.11830051159441 0.101812245365227 0.0648910515906004 0.0581235005587737 0.0808262599151581 0.0766620961044345 0.0950045886685579 0.110297828716509 0.120907809410745 0.108680870221298 0.118789599406715 0.105793603048195 0.0677905872923863 0.0523217020040592
0.00471823599885584 0.00643206142189947 0.0129105596357916 0.0186426603365846 0.0179297012055709 0.0122359300160376 0.00602166129799223 0.00582887887563947 0.00971188705761285 0.0154020723896852 0.0263059686430219 0.01974273589404 0.0252173754531219 0.0359183854295666 0.0538567572624711 0.0679241068890893 0.0835213711885685 0.0892227748653713 0.0829238414653374 0.0838800243667003 0.0957570129663787 0.10055800255271 0.089707459208608 0.079871421617279 0.0739738350413643 0.0710428916483791 0.0466103276369828 0.0416800382313141 0.0688122259302583 0.0913037404280092 0.0890957191405444 0.0957150033902737 0.107327862267897 0.0910248686486247 0.0810376286789011 0.0831269559274742 0.0819592988927607 0.0947646673852939 0.0824843225866425 0.0978407931095363 0.109991591886182 0.106896227873146 0.126297220266894 0.116694849204279 0.0959553989035539 0.087859970831669 0.0921272654698288 0.105762476635433 0.120860730003068 0.103617994731898 0.112003173276078 0.0953634230183426 0.0624877185048489 0.0552607643340386
0.00899579640512133 0.00966906609933085 0.0261885563257065 0.0363711225478715 0.0285819068221518 0.013915572340705 0.00319957815712777 0.00593766649948578 0.0188620241270601 0.0151824126902823 0.00779709742713517 0.00961989837738637 0.0289292240649039 0.0374998369763586 0.0539552059524713 0.0798818958930551 0.0850604933628474 0.102105910005734 0.101997483650422 0.0910783313997825 0.0951434316822093 0.0977014840900489 0.0795904904437362 0.0717090733478934 0.0658618251911852 0.0671086923338223 0.0426525930413533 0.0259241848712324 0.0470899287242549 0.0728539362093971 0.0761786628646476 0.079652624286827 0.0842041416090283 0.079748195378946 0.0697747640017853 0.0527748968953742 0.050200363226904 0.0572312893321806 0.0730613950179276 0.0653817913942265 0.102824182522291 0.129117552522732 0.134834117544883 0.127413658584946 0.115878649577462 0.112109728808148 0.107672373227831 0.101676703376391 0.104570745984333 0.0907336446902856 0.0997800359275609 0.120048550613739 0.0936475547176942 0.0376056314404027
0.0377127281442241 0.0329803196422231 0.0514799280758697 0.0639480016632101 0.0514809050462093 0.0206582983582728 0.00412434452369452 0.00787877837118833 0.0244070896049876 0.0159965618668683 0.0157615461822901 0.0163740360525063 0.0286593739356288 0.0452903868415432 0.0600239579279905 0.0709836970202502 0.0785737336283547 0.0878435924951919 0.0886915164358122 0.0863753379800623 0.0910322310709435 0.0921688182864747 0.0795469053251011 0.0713913160068094 0.067343146588381 0.0674838401584874 0.0555217968152912 0.0209173939896817 0.0359625673437566 0.0613916525551358 0.047267032991632 0.0586285924590993 0.0865383849147455 0.0974039773710599 0.0834901140712561 0.062816968795816 0.051796877794937 0.0492596238498584 0.0713332603448716 0.0706315206963231 0.0985203303418762 0.13551029554682 0.139790801523067 0.131541518930766 0.128169153210222 0.136629693525774 0.130744138379874 0.11920230401937 0.104693019572631 0.114877339902119 0.110775115976916 0.114892131374497 0.110565893456028 0.0267501074446101
0.0805670051264656 0.0683586719905015 0.0801150169286762 0.0790950185376595 0.063966101195841 0.033350896140982 0.0129530268008728 0.0215843299907916 0.0212942193002106 0.0234721007815225 0.0285851157940657 0.0235667665374505 0.0164915228131526 0.0416888482545859 0.05974691319362 0.0642028725925612 0.0626132658881725 0.0627650143625678 0.0643646897914579 0.0658069645883263 0.0721777338713452 0.0659966195094389 0.0734387719143786 0.0662744229021424 0.0665365137224672 0.0776672737664386 0.0888287288447105 0.0734513754491104 0.0617209495795585 0.0566992206174804 0.0483296671447359 0.0456093386160449 0.0698238353816966 0.103101904010637 0.0927636508119859 0.0790836222867314 0.0999730154317469 0.089930545749351 0.0962835869184269 0.0990525649366092 0.105304380967012 0.13524134875937 0.135419215499029 0.13263736371452 0.118765581233551 0.1065904757194 0.107182243811915 0.107251063282859 0.120586512968567 0.121445149534024 0.107906533642304 0.121551049932135 0.0947949258351363 0.0255549478089955
0.113784186793933 0.0995562744699551 0.081808224081268 0.0691590897729552 0.0587750253463713 0.0393410193592537 0.0451597509120371 0.0399806510109088 0.0334223764243661 0.0415885994043561 0.0433107366633853 0.0434372401898014 0.0367824800488551 0.0401080483904352 0.0465424590710278 0.0619363365940855 0.0695258045967426 0.0718748123892947 0.0785303826880588 0.0791551523302073 0.0767180970980507 0.0648635209498905 0.0525820352949628 0.0620107269927628 0.0623553211126666 0.0763278046460702 0.0816341891520025 0.0728601334734043 0.072034179720369 0.0643847368437627 0.0450909915556426 0.0552523574475485 0.074346198582511 0.107504188442874 0.125208266930043 0.121411621071764 0.121750853805668 0.116001439917562 0.107719725496249 0.0928679679779839 0.102078357299758 0.132679163246878 0.131987297444894 0.122975168727291 0.117803946220672 0.0888978625827038 0.0854753508583903 0.105041909206829 0.132034296176065 0.105772306453195 0.078305057749649 0.0950376714174523 0.0769934401953378 0.00639054444042294
0.122544084790077 0.0839709565271736 0.0730136814193918 0.0641234259533445 0.0639758782768956 0.0580454118661025 0.0623191242121386 0.0659063391989788 0.0565412942104256 0.0576660525269458 0.0776031290481585 0.0784544844091429 0.0722000450549034 0.0658854045412731 0.0796149321474419 0.0886431196989808 0.100936366064504 0.109798015578179 0.111195192763464 0.0988501001653865 0.086188372643877 0.067985086915891 0.0504631849600333 0.0609868469973663 0.0643114379648869 0.0626417073869935 0.0463179142680281 0.0485655358085684 0.0603137678005233 0.061418484222023 0.0616528826860437 0.0667839185146593 0.0834491144781796 0.122117509743163 0.145190328211526 0.150918243780557 0.145808945496258 0.123801604334398 0.106004085411373 0.0628453588289895 0.0792258656987943 0.113958948717609 0.108865450736523 0.119476962433406 0.148839507952307 0.119779378305852 0.10483838194414 0.127852236806632 0.138507541592432 0.0932188476752212 0.0846649202398658 0.091679523024382 0.067480115376542 0.0227552395997288
0.108418218816439 0.0628759115471046 0.0583370187245412 0.054375278625589 0.0649347397357424 0.0798308855713403 0.0781599913321093 0.0785519569684676 0.0840286707574781 0.0925841330300267 0.0993729059890958 0.0979027813360322 0.091851630672955 0.0821069298034092 0.0794737647189653 0.0849261537938713 0.101412429206837 0.119111628764723 0.124157540200964 0.108783380991214 0.0825504861321313 0.0694468748666608 0.0595423958662147 0.04126760440535 0.0478585401049998 0.0408406706934035 0.0412809254492712 0.0439410469114491 0.0467620116746169 0.0488457087551972 0.0416374249036743 0.0483576241832779 0.0750714534857332 0.113857399960385 0.147634704865775 0.149685717894689 0.141825841697336 0.130141431958965 0.101663610321948 0.083879530082945 0.0734043990698246 0.0880788494771835 0.109122019430673 0.131108859862668 0.135721083867767 0.145009692258796 0.12228642157056 0.131946279466136 0.116893663786413 0.0871141270032934 0.0899109597925052 0.0759642733489117 0.0443894865092878 0.0235154536032988
0.0869950355433611 0.0556444638564247 0.0439046965725099 0.0536422759514649 0.0646660169816321 0.0700401214149612 0.0773708587530218 0.0924030048366919 0.101351772292988 0.108950457298032 0.100717882838831 0.0922536421661176 0.0836881478972373 0.0692720617976954 0.064074492862454 0.0785402819917342 0.106934845263972 0.121166028299402 0.121861939248919 0.107564322617182 0.0954887981332854 0.0834974671602309 0.0630676454795323 0.0470926529098315 0.0266410065354888 0.0248415426193225 0.0221131012009995 0.0293479925843564 0.037665130754392 0.0410405782257436 0.0316475645162315 0.0359430715862225 0.0380058893162483 0.0528244998694211 0.111602330201501 0.129764755550058 0.103270612775711 0.110501259138953 0.0977736282041678 0.114837353903411 0.0951270311490004 0.107966001091036 0.128101381787286 0.140519469289916 0.148284369020521 0.113463342277169 0.0922835344667555 0.10618554989368 0.0952322870465579 0.0845381325263785 0.0949151423896078 0.0593367008307109 0.0466209153828546 0.0367241464195452
