data/pcas/pca_proj_current/PC14.asc
NCOLS 494 
NROWS 529 
XLLCORNER -117.166666666667 
YLLCORNER -55.5 
CELLSIZE 0.166666666666667 
NODATA_value -9999 
[rows 437 to 459 of 529, columns 265 to 317 of 494]
-0.485042643618652 -0.484799651240869 -0.489700618687387 -0.517261220628654 -0.482798086072886 -0.47635425571305 -0.456858953286114 -0.446367717484061 -0.43692408497823 -0.419645082723506 -0.415874988544548 -0.389710836308987 -0.376436366192634 -0.379411030156795 -0.39176935971238 -0.388976535259672 -0.39723919917826 -0.422105229147609 -0.431863435221756 -0.427218826256026 -0.422043345080598 -0.421692757611589 -0.427288971975562 -0.425615130087425 -0.392999250974095 -0.43163638676166 -0.429044731474263 -0.391944044578221 -0.394112511594525 -0.388334239190022 -0.390308733454942 -0.390686439022959 -0.427621024418016 -0.43010331045703 -0.432674161118146 -0.432106426191155 -0.433895624451097 -0.432791936620965 -0.433492525427256 -0.437903268562672 -0.445482431798616 -0.447671436561835 -0.448611726402397 -0.448936991723348 -0.453305129582014 -0.457266415286324 -0.461341056944139 -0.444677851829048 -0.438158090499323 -0.463345702750429 -0.463592439380169 -0.46039498281093 -0.461909165898082
-0.476551192473674 -0.480091601449817 -0.478183849294645 -0.482509906331842 -0.473386329034162 -0.46664169699019 -0.451208858010386 -0.445158377607864 -0.441771624867149 -0.416420789718587 -0.41718969314569 -0.401405981557614 -0.385861914272743 -0.385306211324858 -0.402240706932022 -0.396384284824456 -0.413400784109825 -0.436227096486266 -0.430414463637624 -0.421395483404656 -0.412668735124449 -0.414547046815205 -0.419857698032241 -0.418894089799968 -0.385766207219551 -0.390540105137429 -0.429044403120817 -0.388981317249838 -0.391231609717252 -0.389552767081162 -0.389457192684484 -0.426619825481987 -0.429932086682978 -0.431128556663623 -0.432261977744894 -0.433083986145445 -0.435704742360882 -0.435288561361783 -0.438658066948301 -0.442160139708131 -0.447983166604717 -0.457976559105859 -0.452911265435495 -0.454641056569054 -0.457912950842948 -0.466369457347026 -0.462062682452692 -0.485013389220099 -0.44994801098035 -0.462625243273969 -0.466649979784759 -0.465308025851607 -0.463629587194763
-0.470438066350978 -0.48664948085447 -0.497450471532128 -0.494249285089923 -0.471920969443127 -0.451877936139223 -0.45570153056446 -0.468404426692258 -0.451997882214222 -0.436256518922995 -0.417834120309718 -0.407969389933817 -0.394449207498854 -0.386780605958543 -0.403452933941216 -0.405651926923027 -0.415514644794804 -0.420205315234347 -0.416358341581995 -0.413404526279027 -0.410748252193964 -0.413554495692465 -0.416807918736958 -0.415745334365918 -0.382117800821443 -0.390543721912942 -0.425959923729882 -0.424682813929017 -0.391001892395527 -0.39297861300907 -0.431123767701621 -0.433030453724424 -0.432632648434758 -0.437147358827865 -0.434078428892503 -0.436131724768878 -0.437721939063435 -0.437547841764483 -0.442050093650809 -0.443035716304721 -0.444016683538679 -0.450418822382965 -0.460838652790183 -0.453373718231583 -0.4565666271746 -0.461638237636593 -0.442380012804375 -0.446252171148976 -0.45118593317875 -0.451974301113937 -0.447581454014296 -0.472642058579002 -0.472151770408817
-0.469119617770003 -0.487845244692113 -0.530882136250735 -0.520290189494556 -0.479308391371987 -0.462052588322536 -0.462944682061495 -0.483481877730957 -0.464871303033792 -0.4337801733011 -0.419645496451228 -0.414010409058346 -0.40284906903999 -0.402312135770936 -0.402691518679874 -0.40220606088484 -0.418014602678082 -0.41712582349294 -0.410879905223532 -0.409039973466723 -0.413642253091724 -0.412001613907329 -0.413601899395501 -0.416654795417577 -0.420186559858971 -0.391521095110023 -0.422187261694074 -0.425154313047224 -0.391418667454101 -0.392166039201473 -0.393117028772983 -0.432665717081076 -0.434562930868939 -0.438005783191993 -0.439683060045115 -0.438920908657212 -0.436418483351764 -0.439233304714355 -0.44164459271338 -0.441747748414205 -0.446014580922522 -0.447327460917778 -0.453021653665653 -0.456491098558284 -0.458552102625457 -0.462684513279831 -0.466543071439277 -0.452405533857431 -0.462064930473703 -0.462211364617996 -0.473144635940369 -0.469130518603858 -0.474837648769095
-0.459738320087531 -0.487906709721483 -0.515501243766647 -0.524359264151764 -0.502553054027182 -0.487921641227779 -0.471492342490078 -0.471988380525233 -0.491782597254057 -0.456059588105747 -0.423088419104694 -0.412332368582957 -0.413339794209513 -0.409619663734013 -0.4039278806498 -0.409372302492815 -0.421596387526121 -0.418487832666983 -0.410001777401776 -0.413654987758381 -0.41557713910011 -0.417289909905032 -0.416574137237095 -0.423629063419498 -0.422648449037889 -0.426629452662662 -0.429306173703997 -0.427521812551726 -0.431833210900133 -0.393082225031458 -0.393093688967832 -0.432896301244816 -0.437590626493041 -0.438534267610186 -0.416713449721787 -0.415405884723194 -0.415206455291804 -0.439362481099812 -0.441190452665685 -0.440445207496234 -0.444438324575292 -0.4469794847612 -0.449203339942942 -0.452435932348187 -0.457188973648434 -0.460939803528219 -0.448042297610545 -0.453992147723425 -9999 -0.490752666239371 -0.487050476227212 -0.480747958506958 -0.47678117424965
-0.479387250575712 -0.509988585836951 -0.503006685919716 -0.512739398316919 -0.558287106849249 -0.528804435645985 -0.481503168953836 -0.477457598344552 -0.47384808346877 -0.461760265856524 -0.44839137134307 -0.427633034079887 -0.421073331027837 -0.417111190140617 -0.406940294097578 -0.418984146879683 -0.421694260361547 -0.414530807356406 -0.41084042215339 -0.41598320656888 -0.422827410088974 -0.425930984883898 -0.415576285606375 -0.421497986743004 -0.423815638702632 -0.431661391423486 -0.434014703426469 -0.433698792116173 -0.435480305113228 -0.435471395026124 -0.435443274280604 -0.438651605693761 -0.421059442758187 -0.418481177601795 -0.417448417706545 -0.413783108253294 -0.410825999248174 -0.410593561044323 -0.413847959771119 -0.412664310733751 -0.418185281360813 -0.441013549284567 -0.445948265911087 -0.449597216865012 -0.454489622584387 -0.460183299901434 -0.465521311040012 -0.469304404102567 -9999 -9999 -9999 -9999 -0.448141498002617
-0.484143136249367 -0.49297166092431 -0.516523499446718 -0.533987371426904 -0.532047517247265 -0.513920387893203 -0.47826135151602 -0.467321596491722 -0.464557414504609 -0.452206362744852 -0.4453235104696 -0.427810377999617 -0.423915813183212 -0.419825133530732 -0.410462375266324 -0.414918777356574 -0.41491409963724 -0.41681723718038 -0.416318427190833 -0.42277519382725 -0.425388562055856 -0.42590057223246 -0.422133265269968 -0.424474702054494 -0.448224925169704 -0.427115483857063 -0.431002341826996 -0.435757199348849 -0.437141820119516 -0.438774951798804 -0.437768254684094 -0.421032477335384 -0.422457941692989 -0.421266586953653 -0.41876097765754 -0.412161096047772 -0.408756151879438 -0.410736419042429 -0.412902729840655 -0.414949124830931 -0.418491931550921 -0.422713908133251 -0.448941947033413 -0.449129053679667 -0.453969447058169 -0.43731168633294 -0.464065832104957 -0.469083754895112 -9999 -9999 -9999 -9999 -9999
-0.463974902378504 -0.492970712310333 -0.531458670354381 -0.537813856035396 -0.525363971596229 -0.503372001871508 -0.485223393793192 -0.47303970031522 -0.46109987473989 -0.455117778796317 -0.447224565791922 -0.427347001443824 -0.418152356601421 -0.410930720549858 -0.415938161364251 -0.415234142660324 -0.420910335482834 -0.417971628663481 -0.417380918208438 -0.419914207139202 -0.426494962449701 -0.425473629408076 -0.426482641281789 -0.429563407873088 -0.435250390933701 -0.455713522397002 -0.432843483864772 -0.434147644825626 -0.435464607389863 -0.438369480454542 -0.420514673160827 -0.421551794199342 -0.417923942982608 -0.419753091825338 -0.416149357940721 -0.414066808784 -0.374242011653342 -0.410036940609063 -0.414727875543387 -0.416178636840425 -0.420150700724046 -0.421811231180059 -0.445051748319379 -0.449958679444946 -0.452287651143778 -0.457351641147847 -0.462470574723801 -0.464868893224149 -9999 -9999 -9999 -9999 -9999
-0.485692606893576 -0.51711885322122 -0.528001811826275 -0.534575339890702 -0.530558896384542 -0.501358654716536 -0.488550015386294 -0.482603622958065 -0.462522525489655 -0.456331080933487 -0.45401258820551 -0.436424185410858 -0.418935317390189 -0.413855281463548 -0.417551677626951 -0.41251529940588 -0.408212067713738 -0.415810875024192 -0.415436763765603 -0.417177927735417 -0.42394975186551 -0.427449796312975 -0.432943286066873 -0.434821368695471 -0.439224782023954 -0.432281108776298 -0.435216278814917 -0.434852404389431 -0.436572458005066 -0.43939680702166 -0.439285510818304 -0.437137553264082 -0.419616744268221 -0.419062243397746 -0.416296627167178 -0.379446158312192 -0.418819204372069 -0.417312540542947 -0.419256165067273 -0.422732544462608 -0.424414085206379 -0.446017520344159 -0.44644887069864 -0.448367156270724 -0.451077956442968 -0.457193566411709 -0.461164006223724 -0.46530139394326 -0.46959230436995 -9999 -9999 -9999 -9999
-0.498014368936616 -0.53208723498308 -0.544541009955266 -0.515064423964424 -0.512480626268211 -0.528479779882301 -0.488864782261747 -0.486515878243005 -0.462665198562501 -0.452419732864579 -0.457738329657752 -0.438162944416216 -0.410249175877586 -0.411481536085827 -0.412323162210658 -0.416870131954017 -0.413056590760392 -0.41495073956402 -0.414490181189117 -0.413514131267525 -0.418885646269263 -0.423276073448563 -0.427991085955175 -0.430887488355362 -0.437139354353992 -0.438272060659525 -0.437742685906121 -0.438057416760781 -0.439234779723082 -0.435954787713719 -0.433034983957412 -0.43248286384304 -0.416651772460682 -0.420391618873464 -0.447996826379166 -0.426976424382785 -0.426931602631697 -0.426780463918766 -0.426683042635788 -0.426278737589019 -0.425484909937507 -0.425493220173364 -0.445911734675424 -0.448516365010761 -0.451981908820049 -0.455286320627334 -0.46036179478445 -0.464722449333588 -0.436142301358824 -9999 -9999 -9999 -9999
-0.527998211675954 -0.534225978304027 -0.534658177212081 -0.526016632804508 -0.506041547470172 -0.50753106005263 -0.505368646178716 -0.490640507848623 -0.451614711125133 -0.442907639802834 -0.436897695498359 -0.418623858186426 -0.414240637809507 -0.415835488669537 -0.414563929422647 -0.418688018352921 -0.42060494042185 -0.420780922329822 -0.417122652308668 -0.418607477805707 -0.41832931885354 -0.421701975440911 -0.429928625390952 -0.433502647924102 -0.430377057176546 -0.436426576072947 -0.437689474712948 -0.437110041904485 -0.439047754043413 -0.431921747453797 -0.419288322905978 -0.401725021666006 -0.381009805349446 -0.425889336835741 -0.451140551257491 -0.449098211496997 -0.446360726030666 -0.423605886199716 -0.424100985140734 -0.428917700157679 -0.427756625166574 -0.447237084557734 -0.450089238398086 -0.44964222586536 -0.456458746154635 -0.454630450240973 -0.459770240809301 -0.431203041171792 -9999 -9999 -9999 -9999 -9999
-9999 -0.544221601729212 -0.558087750733581 -0.530292831524065 -0.517148846432952 -0.505818075425523 -0.494650771110998 -0.489991924507828 -0.472781274517004 -0.460959954916621 -0.439556189293186 -0.421544368343801 -0.42144144112815 -0.420621462175686 -0.420104145863411 -0.423250709711721 -0.422574871491832 -0.425312651444828 -0.423249770659415 -0.426408661017295 -0.426817858238307 -0.431022962913134 -0.430330160694399 -0.430586094446541 -0.427270803162953 -0.430884112647389 -0.433265322000652 -0.435390427195893 -0.436503181929365 -0.433803988085073 -0.43581660780584 -0.438911890062855 -0.390796223786419 -0.445398064717699 -0.451146717222352 -0.455604488909995 -0.436239212121534 -0.445372265226678 -0.4224583799416 -0.422447642877027 -0.425026264664818 -0.447609092573275 -0.451728032818878 -0.451280804754704 -0.454274146021539 -0.453911649414805 -0.423227585967965 -0.425110419654576 -0.429870719101484 -9999 -9999 -9999 -9999
-0.57226012256013 -0.565980005560146 -0.559994766334502 -0.547245148207329 -0.520007779730872 -0.524079023690366 -0.50382099998355 -0.492043285370342 -0.47954176641042 -0.46300451410032 -0.442258429745736 -0.437685815879579 -0.433833770658886 -0.425821514035078 -0.428034178522456 -0.429277628152257 -0.427638415879036 -0.426192270328129 -0.424472823412424 -0.429149641545937 -0.431234605830005 -0.433726088613742 -0.433532845050768 -0.437636353612449 -0.432027818443052 -0.432545119740287 -0.437774503874552 -0.439866797734698 -0.438539980671453 -0.435300588755837 -0.438491083226179 -0.406818844552381 -0.415299201722087 -0.414856635120149 -0.450716716819623 -0.453747459877063 -0.450029468773291 -0.448365075855407 -0.446695967292288 -0.450226144899317 -0.45029387956491 -0.449111068074306 -0.450929976679419 -0.452004994693126 -0.453837276780183 -0.419116326347794 -0.420990507552143 -0.422476008781602 -0.425880316795419 -0.432931653437863 -0.439476820850194 -0.460494369551788 -0.459128347918431
-9999 -0.571921761035498 -0.558288194807282 -0.563912764048128 -0.546570373522087 -0.527739949927984 -0.520378681003565 -0.498357017537187 -0.479180131772117 -0.459503448800721 -0.437172972347209 -0.435884491895044 -0.43402988754779 -0.436875732877052 -0.433369103727614 -0.434170719584527 -0.430914845422352 -0.433577676081147 -0.429767071867907 -0.435026917627867 -0.433551080181387 -0.436530949806418 -0.436181099989263 -0.436514423608946 -0.439891327117957 -0.435243290638641 -0.438496876393985 -0.440770749718324 -0.441639412740369 -0.440640789004467 -0.438739265139299 -0.438885407263644 -0.451601871743088 -0.439681893067905 -0.434753289370638 -0.450735944827393 -0.443260869515286 -0.442305905402685 -0.439181480064784 -0.450136667785015 -0.452107848917044 -0.450749774246301 -0.4538878638071 -0.453476890031843 -0.417528279901083 -0.41890484813457 -0.451215338200221 -0.417925181223937 -0.422348859556041 -0.427927922284573 -0.436970539899638 -0.442335638996752 -0.444209904517106
-0.595584938986164 -0.595038785067973 -0.583603504250003 -0.564397746457808 -0.545787520684977 -0.543171530366156 -0.536022831694743 -0.520632378142195 -0.492362479098411 -0.456655976284684 -0.460709184737164 -0.436106903841809 -0.435977688142405 -0.438061213171023 -0.434726023836728 -0.440773636543773 -0.446119321641653 -0.447822975966095 -0.452608133914529 -0.450481964769433 -0.442621450846352 -0.439464116877205 -0.439831913195789 -0.44276407723104 -0.442768180772738 -0.44079683104556 -0.43960080298191 -0.440800347822883 -0.443687665984669 -0.446166339869524 -0.44606706653091 -0.445054968413189 -0.455666719443073 -0.437716732509621 -0.453121548145948 -0.445068778331664 -0.45867055770126 -0.44147607690263 -0.443791551389813 -0.442938317242571 -0.420817476484355 -0.454752252780051 -0.455814472458117 -0.420731290383803 -0.418795457244127 -0.419476454660182 -0.417555205979299 -0.419095110016617 -0.45938394320092 -0.433796387195088 -0.44612762719239 -0.453042638026241 -0.448291680601478
-0.616680151923112 -0.611080534649627 -0.589085888214373 -0.562182040010208 -0.572228134470989 -0.56309341432818 -0.556258920274956 -0.540167014629663 -0.508914543665258 -0.475289331562793 -0.469455799853017 -0.440084534616049 -0.437541741359563 -0.439019602555391 -0.436803481315288 -0.440103437265505 -0.440543040131741 -0.44607632597227 -0.444399964582974 -0.452668536477248 -0.459008653276072 -0.444602655889156 -0.4396287853435 -0.445015000704433 -0.449239578610163 -0.446724279167111 -0.444613814840188 -0.444164365487309 -0.44467341912419 -0.447617439514897 -0.457070098840863 -0.45523970843213 -0.455594187799566 -0.446548261269321 -0.451523255768598 -0.446631328389746 -0.443380288041366 -0.442927337152419 -0.446680871871131 -0.447905855150879 -0.444896086137107 -0.423980130777284 -0.446996404304217 -0.42281080711572 -0.420925008810277 -0.41886860704766 -0.414555174945881 -0.418949591151097 -0.455096724706667 -9999 -9999 -9999 -0.445605379226977
-9999 -0.621976071677975 -0.599490493257237 -0.598819550652899 -0.579082513397777 -0.578315356515965 -0.564049745373885 -0.553103805541076 -0.529315523919361 -0.49920684101966 -0.47618362550407 -0.457049622365681 -0.443514430896443 -0.448694337696471 -0.442284515547085 -0.439590573718103 -0.437119369795809 -0.437651240583475 -0.434994932776079 -0.439111580886015 -0.44833864363518 -0.46399646350004 -0.450479652489081 -0.451350790328483 -0.451419903770343 -0.453358390802806 -0.449026172197659 -0.449251890394594 -0.452543933392611 -0.456754373093716 -0.458694808569046 -0.457647860486995 -0.461689303222702 -0.463770499176173 -0.446872101440976 -0.448210831750391 -0.44741115451777 -0.450136083333205 -0.448759862040445 -0.450724601054669 -0.465664856447599 -0.447178662296929 -0.44513704198422 -0.422989709340155 -0.455418486637339 -0.421679165984359 -0.421507275484526 -0.421419318534552 -0.4223972362994 -0.429821118694629 -0.433979928899597 -0.440389673630706 -0.448039340770215
-0.633351870301272 -0.624236238514579 -0.62760683417499 -0.611977759251258 -0.604151991890903 -0.596377623757325 -0.582194125001364 -0.57411844507841 -0.553168527458766 -0.512471154739485 -0.496522214184048 -0.469892864232334 -0.460019900447034 -0.456820005277821 -0.449739280556029 -0.449020221419849 -0.442795231918809 -0.44129594498932 -0.436032112233828 -0.43463699106247 -0.437297854695009 -0.455169085077239 -0.466521360303849 -0.45795049042896 -0.458048301868391 -0.459187237546795 -0.460075053659789 -0.465569633848273 -0.465457727689737 -0.466619750817929 -0.469709138392817 -0.47140907143482 -0.465983891462175 -0.460815791661084 -0.462707912633234 -0.452614706201973 -0.484391146590286 -0.453181320413891 -0.450972349003169 -0.467892059986518 -0.474495410152315 -0.472567333794776 -0.444623994672899 -0.459995226412414 -0.424253264171138 -0.457530155207913 -0.427476419009049 -0.428021096324847 -0.42918137815017 -0.435634017651071 -0.439335646005515 -0.442895015298278 -9999
-0.65124981887643 -0.633379170987506 -0.625219727620469 -0.631253931044974 -0.622276526731555 -0.600904594981452 -0.601860619971493 -0.570968533345439 -0.54968820407569 -0.521646855682312 -0.497139583767271 -0.477080903067782 -0.463956142128625 -0.454485899769165 -0.452975943879575 -0.449221644892378 -0.444615675765526 -0.445585083583517 -0.440776323980868 -0.44115943421301 -0.43860640506652 -0.455097503828224 -0.465945038463924 -0.466176586362432 -0.45888721354806 -0.462257983173113 -0.466284719434509 -0.470457321407768 -0.467519032183877 -0.463456770449766 -0.465383832269759 -0.467581698301933 -0.453444629920003 -0.451631271100775 -0.451773731880931 -0.46466326534202 -0.451167220287675 -0.452302081953273 -0.467522475543133 -0.467813763820291 -0.475176121933204 -0.472825079949858 -0.474969445331226 -0.484426454859698 -0.461214348691694 -0.459327923787703 -0.462886864253834 -0.429223333635452 -0.433126002669728 -0.43847943334623 -9999 -9999 -9999
-0.661731871108765 -0.644262168565987 -0.637135111762716 -0.637328692882176 -0.636096843362199 -0.623881568188938 -0.588180489737643 -0.575523207558306 -0.550871959516612 -0.520456568869209 -0.504096588599267 -0.481223815881021 -0.464661848605867 -0.4574971557097 -0.449451390699023 -0.447355265001881 -0.444775479558514 -0.44502616095273 -0.445278431316779 -0.44540104449754 -0.445755372030351 -0.454461722850756 -0.463634980530574 -0.467986853538651 -0.463409897779776 -0.463435916364012 -0.464320983374344 -0.469793194519341 -0.471653446921606 -0.468062793200204 -0.470475906082937 -0.454998754440212 -0.453600619262983 -0.452685566742361 -0.452866184948605 -0.452812541306433 -0.451088720619722 -0.449336603247049 -0.465092696225236 -0.465206303362404 -0.474736625417972 -0.477071509592078 -0.478186095480753 -0.474422373056791 -0.460959540954082 -0.452566711007268 -0.451090088328134 -0.455852344236892 -9999 -9999 -9999 -9999 -9999
-0.675039023928619 -0.665957709349043 -0.640217472519669 -0.64493485183054 -0.629866712070985 -0.627157438411972 -0.608781976204578 -0.589747538698961 -0.565087087490784 -0.542346544515215 -0.510859991546284 -0.486090438121047 -0.468676258198881 -0.458747532318643 -0.455119123759337 -0.448986382689488 -0.446139752576062 -0.445735318831583 -0.450980865773448 -0.451772480674088 -0.449049128653287 -0.453103498705275 -0.45820961192482 -0.472030010164342 -0.475557934232826 -0.472397150320233 -0.471700633968802 -0.468737597060698 -0.470733450933358 -0.470218926839974 -0.470919594784253 -0.456902439078015 -0.472060049452955 -0.453575511456776 -0.451940254425653 -0.465308771705725 -0.468584582554919 -0.468365608874199 -0.467893232023386 -0.482753452069181 -0.473686451247287 -0.468763185009535 -0.476333511211602 -0.473694837877284 -0.453868972512705 -0.45501334236034 -0.460423185728465 -9999 -9999 -9999 -9999 -9999 -9999
-0.690435735114084 -0.6747100567116 -0.647535836579436 -0.643789616677799 -0.640739956367231 -0.622436420745914 -0.602658243286842 -0.581659870888328 -0.552700919382565 -0.535429173942777 -0.50102453655323 -0.48327213134108 -0.468841943001477 -0.467849073759176 -0.455415134035793 -0.450455893346871 -0.446053394261019 -0.44582345264658 -0.448715184112315 -0.461909603905632 -0.46135200208411 -0.462568245282148 -0.462533044030566 -0.470181114283393 -0.478182456712448 -0.478988626722387 -0.475430862348331 -0.476643374035465 -0.476907962631231 -0.476477509761146 -0.475799958431715 -0.475800910360039 -0.457015427886763 -0.457955745314443 -0.462982400962838 -0.478336546442127 -0.483532601667089 -0.471057265532548 -0.476111514139566 -0.48099599146915 -0.480142174247388 -0.478010731710268 -0.474871083267172 -0.475680473645229 -0.472725565398491 -0.475229283723155 -0.476345709011294 -9999 -9999 -9999 -9999 -9999 -9999
-0.69980663274294 -0.689808019791634 -0.669712861251167 -0.660452153204161 -0.641502748020754 -0.621604640951938 -0.595297661152247 -0.572946114624515 -0.562039231500754 -0.523115089825413 -0.500507769981257 -0.488101674622309 -0.474165380609653 -0.470346432641648 -0.458178244877701 -0.450685456965933 -0.451963335011852 -0.451322267452146 -0.452214965905817 -0.456724315624958 -0.455415559226154 -0.463492604911526 -0.468025678617714 -0.475150106893619 -0.478526545381066 -0.478686180315009 -0.478386258602646 -0.480055187844862 -0.479230183692739 -0.479721145027966 -0.480310480515626 -0.47481907040478 -0.456976414438678 -0.455781491711004 -0.459377679739127 -0.48744215008332 -0.481807426339526 -0.483151325069683 -0.480929432047847 -0.47841390781443 -0.471454643756044 -0.478315407683407 -0.476454254074215 -0.473527927590458 -0.474062374123103 -0.474650700869487 -0.476548798308249 -9999 -9999 -9999 -9999 -9999 -9999
