data/pcas/pca_proj_current/PC14.asc
NCOLS 494 
NROWS 529 
XLLCORNER -117.166666666667 
YLLCORNER -55.5 
CELLSIZE 0.166666666666667 
NODATA_value -9999 
[rows 345 to 367 of 529, columns 371 to 423 of 494]
-0.273856310133877 -0.26918637683902 -0.27147596811045 -0.288827145508686 -0.29338778671783 -0.27599182572776 -0.227515509824042 -0.228095637576549 -0.207623687637013 -0.195647817506326 -0.20570443870846 -0.224942108281809 -0.231776506813918 -0.24121696692832 -0.264741599889788 -0.271197784971811 -0.267605438086585 -0.268209014901737 -0.266413617593775 -0.24382066759668 -0.212261922137668 -0.190369575674186 -0.196407751440388 -0.234678301104233 -0.287627687227418 -0.300582425376489 -0.277592044747494 -0.245610163292927 -0.252743803205637 -0.255016416609028 -0.244149153807904 -0.256469355410352 -0.261599090957801 -0.289530573368758 -0.313777717824602 -0.320777800864215 -0.310043360202766 -0.30124751203078 -0.314805279183268 -0.340146573683113 -0.392160081181698 -0.396696273772987 -0.407099699703117 -0.407012665638708 -0.413727652702763 -0.424848736612908 -9999 -9999 -9999 -9999 -9999 -9999 -9999
-0.281204510906746 -0.278440151167408 -0.264851136291572 -0.28946498230793 -0.29104884603099 -0.279477093700735 -0.227342684118523 -0.233762385329726 -0.204711097749392 -0.219750805382942 -0.223272284352492 -0.239425554585291 -0.232444393180109 -0.23028361064558 -0.237599320792163 -0.257767923119215 -0.283581186155301 -0.268940262319908 -0.260158592640933 -0.237128008136864 -0.224505131502387 -0.214296852497698 -0.218204697493056 -0.239373824797903 -0.271638743536233 -0.28629097061649 -0.283160435579215 -0.260609785537531 -0.259327080174468 -0.268632757032352 -0.264015105685068 -0.268895211955805 -0.292264495587589 -0.313969607693958 -0.326359134150396 -0.30662668721823 -0.292732574882468 -0.278158620698687 -0.29711062876437 -0.332356470704215 -0.371907108680783 -0.401455438891194 -0.41402185724193 -0.408364030683993 -0.420848153982766 -9999 -9999 -9999 -9999 -9999 -9999 -9999 -9999
-0.301896886863102 -0.286564397808144 -0.278235466502934 -0.287354220876976 -0.300358689668526 -0.293965841330061 -0.233013955073445 -0.203477554023507 -0.234863177621023 -0.26390488898196 -0.259387492555903 -0.263831061524654 -0.245911327832226 -0.248027778138642 -0.252532500149822 -0.25499642429096 -0.248135205523422 -0.248035008523342 -0.239317165131709 -0.232046301310033 -0.225090350417708 -0.216200853306799 -0.224617594163609 -0.237630669739623 -0.27263579097893 -0.283820233736483 -0.275739148247928 -0.261430222765226 -0.26664549777518 -0.266224581892527 -0.260979498546753 -0.249801433764365 -0.260123226129147 -0.301028878435473 -0.327565281460465 -0.285652035482956 -0.264339709155266 -0.271684663759596 -0.293385627230969 -0.372386297336586 -0.412778917426029 -0.434997217825529 -0.439092305890931 -0.423485936188832 -0.421254488412093 -9999 -9999 -9999 -9999 -9999 -9999 -9999 -9999
-0.276523407952624 -0.283761925046013 -0.284350950175967 -0.296347628049218 -0.317162050934892 -0.276347224498969 -0.234193749930852 -0.21344322265957 -0.251231233966024 -0.283539783157772 -0.273947691313196 -0.283606661173808 -0.267005430161872 -0.247686710495641 -0.2258563047457 -0.243245737316333 -0.235376593755545 -0.233498954630966 -0.238911875462398 -0.244348206618736 -0.224845593658407 -0.218797304873618 -0.257277924896566 -0.278259619121239 -0.273981254570063 -0.286342767416583 -0.270485701470943 -0.244509608691105 -0.265722987932768 -0.268917537672834 -0.262213350879161 -0.246189799408384 -0.249898000762307 -0.294125521106251 -0.296892627637976 -0.277980759380007 -0.260677107075427 -0.260797136102869 -0.326307928574496 -0.407985878807892 -0.437443356591168 -0.466465217062494 -0.469039645175418 -0.448486015247087 -9999 -9999 -9999 -9999 -9999 -9999 -9999 -9999 -9999
-0.279523015667912 -0.274058904474616 -0.275125350603609 -0.302164969232555 -0.307215272977003 -0.282581311436988 -0.278018467210209 -0.267671168098153 -0.278584885191056 -0.269854622377681 -0.28598811249644 -0.286653821397864 -0.267090171371014 -0.254284083450195 -0.242118243450598 -0.254233317158113 -0.258055439316222 -0.245820101825505 -0.260504044854099 -0.234370656466856 -0.230662671300176 -0.247203611751108 -0.267143438495264 -0.278824426698248 -0.278211281503007 -0.274007180910699 -0.259656499633844 -0.270887112985905 -0.270651696910755 -0.280453794291416 -0.280941444814584 -0.277416939510226 -0.282282472422153 -0.288740855615597 -0.288195815210734 -0.294082384984139 -0.27722470821174 -0.271066421739797 -0.325181281362518 -0.399546212691026 -0.448156159730827 -0.480524420145238 -0.498745805365476 -9999 -9999 -9999 -9999 -9999 -9999 -9999 -9999 -9999 -9999
-0.292128871795676 -0.282487862310981 -0.286026537201554 -0.295946067394944 -0.305363660862127 -0.294215157760033 -0.283923911206033 -0.277782617216986 -0.285726284767128 -0.280179969373613 -0.286346128874044 -0.271887982207152 -0.246452424680335 -0.237639062541708 -0.244443659681781 -0.24076825226478 -0.263730971138504 -0.261338671337905 -0.260747293014165 -0.251741664620094 -0.23697247398651 -0.26691621688835 -0.278752279882867 -0.287837394844751 -0.2820784377132 -0.255359272366114 -0.271708945314174 -0.289281565709338 -0.300497420065528 -0.30494369036542 -0.309648311537659 -0.301018698444998 -0.301510819740191 -0.29630967498594 -0.301918616279353 -0.308902175727145 -0.310687060239475 -0.318323252535937 -0.354952081199374 -0.411702928878012 -0.442919337007675 -0.468861586933245 -9999 -9999 -9999 -9999 -9999 -9999 -9999 -9999 -9999 -9999 -9999
-0.28549393781365 -0.288195352792404 -0.297585599098722 -0.315199676391628 -0.31204825224343 -0.30351166460056 -0.286921148071345 -0.288633632493989 -0.295573005673098 -0.278532164268563 -0.289551967623605 -0.272895696210184 -0.25082959786938 -0.243201184037371 -0.24388072421707 -0.245535996848736 -0.249905573789595 -0.241758698243469 -0.237580579831987 -0.264133230273631 -0.267039245190131 -0.26725902068275 -0.300135775571533 -0.297389668886307 -0.270260786711928 -0.268993215191188 -0.285293942124127 -0.302929423795769 -0.318967670701383 -0.327314398579273 -0.31647789926467 -0.304297364886838 -0.30027172857523 -0.303036732949524 -0.319904255774786 -0.339642980022702 -0.344603000787017 -0.342399490582918 -0.356472690529795 -0.412718027168777 -0.435805598791089 -9999 -9999 -9999 -9999 -9999 -9999 -9999 -9999 -9999 -9999 -9999 -9999
-0.299125642653195 -0.29584270426812 -0.303582076157788 -0.333134690406888 -0.340273457465203 -0.294293918311683 -0.289143119946933 -0.298138694864916 -0.301669019826154 -0.300229562094383 -0.294667773926843 -0.273611286375298 -0.232445305655352 -0.23409703625772 -0.23907385806197 -0.245826433982499 -0.257919356567443 -0.236858687267791 -0.230545687610296 -0.258236920113695 -0.306484210170989 -0.321585082573231 -0.316321343934003 -0.284966492704698 -0.297484804012255 -0.292407146636121 -0.296554155065095 -0.303584211196682 -0.314778691219593 -0.319768218069842 -0.320875742549973 -0.316008128452027 -0.293486517887445 -0.298083380897524 -0.320995672068215 -0.336119924382311 -0.34649784802144 -0.356463747069675 -0.369176815869319 -0.407720324460481 -0.427448992231101 -9999 -9999 -9999 -9999 -9999 -9999 -9999 -9999 -9999 -9999 -9999 -9999
-0.30296091760339 -0.310563352700307 -0.332834912876028 -0.355610305186608 -0.364071103767342 -0.320419579656644 -0.307595752159612 -0.300630816173342 -0.30837662336356 -0.295578845545641 -0.261092699090218 -0.240437097259202 -0.220290747123543 -0.223171191741987 -0.220391936496497 -0.235307716623788 -0.2504271227302 -0.247659350328728 -0.26980656694208 -0.305749130981376 -0.326451656131298 -0.346817268911627 -0.336299191774214 -0.295051633204778 -0.301905642711096 -0.297932510861847 -0.293438060577055 -0.295104240444505 -0.310954034852904 -0.313083276870215 -0.31849547265879 -0.301791754717455 -0.297807090194764 -0.296633527451921 -0.321208257281395 -0.338022346396572 -0.340326824970763 -0.364063718820093 -0.375028586231599 -0.392932652067177 -0.424656649112013 -0.440991716707678 -9999 -9999 -9999 -9999 -9999 -9999 -9999 -9999 -9999 -9999 -9999
-0.325279066258212 -0.335318225905949 -0.350201818585357 -0.36677105463028 -0.382266590374597 -0.335252393542361 -0.314848952261952 -0.302023399730991 -0.307796043454911 -0.308300010466299 -0.265053630231267 -0.26112158860177 -0.224650532395437 -0.216388266173115 -0.237570175598972 -0.248766799876035 -0.251242686682385 -0.234684377412277 -0.27894764377367 -0.323040177250152 -0.3373605933104 -0.34126219238262 -0.339006800988812 -0.297015475663777 -0.300488845658743 -0.295987975081226 -0.301863116058321 -0.310643315426617 -0.31692375197013 -0.315986403535518 -0.318776178625524 -0.315534887994825 -0.312211778902777 -0.311482385270264 -0.322425906977698 -0.33880018765533 -0.358418842147758 -0.371750216437914 -0.375924186332735 -0.393815891286175 -0.420337787571833 -9999 -9999 -9999 -9999 -9999 -9999 -9999 -9999 -9999 -9999 -9999 -9999
-0.338931008732341 -0.343309576573935 -0.351151547870447 -0.371456862988121 -0.373610084422689 -0.366229665152143 -0.316868861608255 -0.299454779588433 -0.303943655671526 -0.306997061821266 -0.281433442270876 -0.288126269891395 -0.264505751166565 -0.250136810044584 -0.253360682282277 -0.256367539176325 -0.251862047235403 -0.27349392499819 -0.285278549702066 -0.348166564493192 -0.347544673439344 -0.331429704088326 -0.331556260655102 -0.340601035113432 -0.300630953759714 -0.297136371355844 -0.302787800008002 -0.316218366680829 -0.318128842070494 -0.320174706334774 -0.326626088627166 -0.346225394356552 -0.344142916329892 -0.329511235867043 -0.326992742989126 -0.336277653630629 -0.354623769168406 -0.368584311376392 -0.377320702260198 -0.389632246146293 -0.419478599523623 -9999 -9999 -9999 -9999 -9999 -9999 -9999 -9999 -9999 -9999 -9999 -9999
-0.341003204724379 -0.34493683030239 -0.361447528206392 -0.368273904309763 -0.369126464794159 -0.354750001975031 -0.335674904452349 -0.306159239880156 -0.308827287202445 -0.316394306687562 -0.303076926160218 -0.314661309778551 -0.309438213422748 -0.29291494376408 -0.268999686357548 -0.267750108895751 -0.294349362855592 -0.283087599982763 -0.297337106882024 -0.344162948540123 -0.356780432347134 -0.34989171882386 -0.335329528040862 -0.34100456385009 -0.343346308106932 -0.325629623852887 -0.326415642890232 -0.31129198762677 -0.314903950509247 -0.317518720425297 -0.333121198490281 -0.347659062973899 -0.360552973062682 -0.365920796122183 -0.345715649822847 -0.347565295848576 -0.36990091911825 -0.375212084488385 -0.381591853218809 -0.385457633514691 -0.39005873951427 -9999 -9999 -9999 -9999 -9999 -9999 -9999 -9999 -9999 -9999 -9999 -9999
-0.351015597903333 -0.359963800308147 -0.363529914906019 -0.367671882047473 -0.367842070398706 -0.35443017967056 -0.366744592469004 -0.3723145669118 -0.365708340935189 -0.33958959767013 -0.35102465400362 -0.360001939807371 -0.340824608099431 -0.336064572672473 -0.342225161841694 -0.337584657601465 -0.319014276191805 -0.30751041698714 -0.326929941714225 -0.344052387972516 -0.357522497814484 -0.35533414307855 -0.350026940165195 -0.349468894414895 -0.352214149072841 -0.351999375601333 -0.344089857583285 -0.32925547243465 -0.311489780342428 -0.315766717860021 -0.337466363877359 -0.349067199534623 -0.3566789996472 -0.373453127670013 -0.36844359694302 -0.369284469815986 -0.379033464146757 -0.380329630573601 -0.386971035127044 -0.381339646381339 -0.384311626805553 -9999 -9999 -9999 -9999 -9999 -9999 -9999 -9999 -9999 -9999 -9999 -9999
-0.382496732728391 -0.365186802601977 -0.366019832019847 -0.356794588008264 -0.358086411211326 -0.356224865460791 -0.381907673832388 -0.380288440710331 -0.404207694332964 -0.382287473261885 -0.369126603298633 -0.387341080645819 -0.386332204343005 -0.37467791834985 -0.374834170028235 -0.359416464878103 -0.349346293080231 -0.346673436645545 -0.339818169958264 -0.352805613598862 -0.369268914832634 -0.362848651672788 -0.363505597120809 -0.378838667700969 -0.378206309053779 -0.369402524384939 -0.356056745910615 -0.362734664366002 -0.351092812711668 -0.332744086719692 -0.352409386140186 -0.359559949007574 -0.364628351019065 -0.364049727429808 -0.375366295129652 -0.381563324823031 -0.376047409242201 -0.37928300010222 -0.392959329065387 -0.396365395624498 -0.39410946206239 -0.41767831138619 -9999 -9999 -9999 -9999 -9999 -9999 -9999 -9999 -9999 -9999 -9999
-0.391367139302249 -0.384660229005383 -0.383141154826152 -0.392177505195279 -0.395624401274791 -0.38776709612694 -0.399960481265867 -0.400765682382014 -0.393174407008498 -0.382219818351782 -0.375838247105768 -0.396735623744769 -0.383054250787827 -0.39515746039849 -0.390439806944839 -0.392066872188365 -0.377123754185192 -0.375842360810666 -0.374370344171874 -0.365176736188931 -0.349035286674853 -0.357707336808169 -0.363567569865702 -0.365796429461352 -0.364709517782906 -0.369102572923528 -0.377084824864197 -0.392895521791346 -0.386912771267676 -0.381919069685016 -0.348358709452233 -0.361572018813527 -0.362370247191636 -0.366316383910607 -0.362947496360174 -0.358660429676963 -0.369468493068424 -0.379890660472712 -0.392439158476054 -0.401896967368322 -0.40631076086829 -0.45722172695892 -0.497473166491836 -9999 -9999 -9999 -9999 -9999 -9999 -9999 -9999 -9999 -9999
-0.400822038832823 -0.3971770190764 -0.414757301042984 -0.419531926887057 -0.426553142881845 -0.416935316467303 -0.407849909100895 -0.384988210970009 -0.362818280061931 -0.364099469150688 -0.385694494351681 -0.367599933642917 -0.375702794589666 -0.382267334394416 -0.369447910600485 -0.366008920440397 -0.375678729465032 -0.378873236572396 -0.382989273552497 -0.369487246440079 -0.362572374735496 -0.353670623062945 -0.34742818396416 -0.337512180999089 -0.349568117689775 -0.368757109932615 -0.376057139376699 -0.384430294933128 -0.392125297744725 -0.395516850048709 -0.391383703008588 -0.356818921174921 -0.354895575552603 -0.357213073324765 -0.357229853608412 -0.350848675226604 -0.355522922079143 -0.363574157435647 -0.379703968155831 -0.402281250093771 -0.429319322904688 -0.441771154143623 -9999 -9999 -9999 -9999 -9999 -9999 -9999 -9999 -9999 -9999 -9999
-0.416497366562848 -0.421938751051238 -0.448790035707571 -0.449932579229032 -0.429995148022583 -0.400143868873273 -0.394466364018086 -0.384025934344192 -0.359908762929995 -0.366983316602238 -0.379374641207073 -0.356645424445153 -0.373302757973211 -0.382235047731401 -0.37602517446777 -0.372639170217453 -0.368564822066297 -0.369252708345053 -0.362386192404636 -0.351496690428372 -0.351066474409701 -0.349678483124984 -0.342882786042541 -0.35318782930777 -0.360832087344295 -0.371258313611695 -0.378886259599085 -0.388891278506994 -0.408866163969073 -0.410934022899945 -0.402940005717061 -0.354312169169181 -0.348727013474204 -0.348599943049216 -0.351931251042334 -0.354507587551828 -0.34800711248959 -0.351534315975752 -0.365280926756463 -0.395932995186529 -0.438952555500719 -0.461006050360761 -9999 -9999 -9999 -9999 -9999 -9999 -9999 -9999 -9999 -9999 -9999
-0.434559735006563 -0.447255602061663 -0.448258913855593 -0.430465836880706 -0.413464321924453 -0.400137619040174 -0.38793429665602 -0.392153633697091 -0.365437366100243 -0.370765995278661 -0.347046486942485 -0.347824331701248 -0.376531970837126 -0.377332504222473 -0.368485509203197 -0.381468457986913 -0.370116440118441 -0.36348677363582 -0.350838520365097 -0.349705225457781 -0.355548752897288 -0.342959111878643 -0.336448022370484 -0.346079509768603 -0.369859966261859 -0.372752359959772 -0.370817815375095 -0.382238531076003 -0.40573679845579 -0.409999322211901 -0.393874491219693 -0.350237545707813 -0.347720302818936 -0.337424128642089 -0.341713635034789 -0.343169883273724 -0.353004500765572 -0.350254303971212 -0.363313021448535 -0.389514116278035 -0.444200026149135 -0.462159251223966 -9999 -9999 -9999 -9999 -9999 -9999 -9999 -9999 -9999 -9999 -9999
-0.451911460673175 -0.456813217724699 -0.438596387404919 -0.428239127419003 -0.411609471413745 -0.401281356310428 -0.388851757599259 -0.371012413091857 -0.370775438895813 -0.345685215182083 -0.345272216065211 -0.361131826231895 -0.376638241853539 -0.38426772974446 -0.382358883242315 -0.378642107836134 -0.365581075994689 -0.352824571869452 -0.34997463940264 -0.355050054580199 -0.352527835642616 -0.338205659335538 -0.339533577881549 -0.34165671107375 -0.352552200795327 -0.3741052763835 -0.380439267961054 -0.381387691609667 -0.396643510102698 -0.401821691056491 -0.383231813665952 -0.360502400881692 -0.323276173299694 -0.340330802529547 -0.345975814607692 -0.342256036651023 -0.349812994050082 -0.35991750743106 -0.368025792053035 -0.403322413214504 -0.438282385226133 -0.541080186135108 -9999 -9999 -9999 -9999 -9999 -9999 -9999 -9999 -9999 -9999 -9999
-0.450053048124533 -0.454175759679361 -0.439144916543373 -0.428779048487289 -0.41319374622376 -0.378235993510098 -0.367317671507616 -0.349288178825425 -0.348698499626335 -0.350070502526873 -0.360764539810568 -0.363925888424566 -0.374824821113923 -0.379906053580812 -0.379842659283339 -0.377957753467617 -0.359283076646186 -0.351884748182728 -0.34744422425974 -0.34606808510009 -0.343613841833206 -0.341181784111732 -0.347026715407816 -0.345232342449212 -0.34971783184892 -0.356061922401331 -0.387330852255431 -0.394874378378526 -0.37533481915015 -0.36789277084322 -0.362486593312786 -0.348839216315666 -0.311395002653854 -0.315351760124908 -0.334258312017612 -0.34517094728984 -0.349396515329919 -0.364225070009767 -0.384455236584197 -0.423334517245839 -0.454112602970618 -9999 -9999 -9999 -9999 -9999 -9999 -9999 -9999 -9999 -9999 -9999 -9999
-0.451185207627508 -0.458075952877262 -0.391191611302329 -0.374840986678572 -0.392498624655032 -0.388319916519484 -0.379856193492331 -0.360476407228946 -0.3578541132115 -0.355232026524921 -0.374686760786666 -0.378756823846817 -0.374095800194839 -0.375549868528314 -0.377698353447105 -0.374394110168259 -0.36243038879523 -0.362309476281658 -0.353918515670245 -0.353149587417075 -0.352153429691823 -0.35621208197042 -0.361946569696632 -0.354525839877673 -0.350705922835129 -0.355357742307127 -0.372836280571096 -0.392973298801969 -0.370256153229187 -0.353342800852422 -0.355658392840499 -0.348131982139527 -0.348715576565057 -0.315819708180475 -0.320302107301161 -0.336563913818724 -0.350598715229847 -0.374488776602596 -0.406171919403534 -0.439460895934937 -0.450665674726952 -9999 -9999 -9999 -9999 -9999 -9999 -9999 -9999 -9999 -9999 -9999 -9999
-0.453820137560408 -0.394674374841975 -0.388276524128497 -0.384800252381137 -0.38260986404725 -0.375624104524123 -0.372728697681681 -0.367211340965217 -0.378739374163283 -0.367842475885906 -0.371276607274562 -0.374754835744961 -0.362042470423255 -0.380839022589995 -0.377825071148186 -0.38407463383021 -0.362933668488015 -0.36082039323326 -0.360858121508358 -0.361464665418027 -0.366401194522353 -0.367985987852108 -0.367496486995344 -0.364699506016277 -0.363634331054698 -0.366684778898325 -0.364540683737609 -0.36503671573362 -0.366163151778476 -0.362692727514168 -0.360949732085352 -0.321712855298052 -0.325243813947202 -0.321285143372906 -0.325205548711647 -0.336634148921018 -0.35144012468057 -0.376514364069048 -0.407290649665334 -0.472479415684458 -9999 -9999 -9999 -9999 -9999 -9999 -9999 -9999 -9999 -9999 -9999 -9999 -9999
-0.462399349689781 -0.413008532680981 -0.402985114574535 -0.388925407995087 -0.398996988214086 -0.391221132189564 -0.385352924317166 -0.383316712394332 -0.377835094118709 -0.371613110620729 -0.375413897695551 -0.390906295088936 -0.386918042683101 -0.381061786292805 -0.373954204411784 -0.349135508151413 -0.35425432572084 -0.368240868054844 -0.369564934037407 -0.376241828713283 -0.385115535108072 -0.392961389854595 -0.381477613613925 -0.391222223376441 -0.386956831920024 -0.373619944064945 -0.371670303283589 -0.361300368673055 -0.34272526755257 -0.339439064198912 -0.340842136490957 -0.313992967238335 -0.320085846544532 -0.336035960732903 -0.349535521237628 -0.345471453000462 -0.355011596326842 -0.377690485904507 -0.419638580658257 -0.476344718471969 -9999 -9999 -9999 -9999 -9999 -9999 -9999 -9999 -9999 -9999 -9999 -9999 -9999
