data/pcas/pca_proj_current/PC14.asc
NCOLS 494 
NROWS 529 
XLLCORNER -117.166666666667 
YLLCORNER -55.5 
CELLSIZE 0.166666666666667 
NODATA_value -9999 
[rows 69 to 91 of 529, columns 106 to 158 of 494]
-0.212493928641197 -0.212332436771085 -0.187933671672085 -0.207936112856325 -0.216281711850342 -0.209173978891266 -0.231620279111113 -0.255081495909567 -0.268759411822841 -0.25740168883476 -0.258536637436357 -0.286293624848069 -0.29823926369616 -0.342979519114164 -9999 -9999 -9999 -9999 -9999 -9999 -9999 -9999 -9999 -9999 -9999 -9999 -9999 -9999 -9999 -9999 -9999 -9999 -9999 -9999 -9999 -9999 -9999 -9999 -9999 -9999 -9999 -9999 -9999 -9999 -9999 -9999 -9999 -9999 -9999 -9999 -9999 -9999 -9999
-0.177763819069941 -0.185174138430027 -0.204633492385466 -0.186902661837026 -0.221651232354076 -0.194838035908533 -0.231039790308923 -0.23328472131921 -0.232069439119207 -0.228062905382321 -0.244729673005807 -0.27924411002155 -0.288878670328237 -0.325939083234851 -9999 -9999 -9999 -9999 -9999 -9999 -9999 -9999 -9999 -9999 -9999 -9999 -9999 -9999 -9999 -9999 -9999 -9999 -9999 -9999 -9999 -9999 -9999 -9999 -9999 -9999 -9999 -9999 -9999 -0.476211719571615 -9999 -9999 -9999 -9999 -9999 -9999 -9999 -9999 -9999
-0.141096033420167 -0.151952080472717 -0.172087692913392 -0.178544967016317 -0.167721465323178 -0.216224714925556 -0.21649022620399 -0.225401605386082 -0.208156846169629 -0.227417266651 -0.259126563028817 -0.286234449259853 -0.302440005432995 -0.336742897541895 -9999 -9999 -9999 -9999 -9999 -9999 -9999 -9999 -9999 -9999 -9999 -9999 -9999 -9999 -9999 -9999 -9999 -9999 -9999 -9999 -9999 -9999 -9999 -9999 -9999 -9999 -9999 -9999 -9999 -9999 -9999 -9999 -9999 -9999 -9999 -9999 -9999 -9999 -9999
-0.121339881853172 -0.106339635189447 -0.107886963307494 -0.143077341835366 -0.140562048811753 -0.163513165039161 -0.241154146950867 -0.22601622512906 -0.225789561741875 -0.245777776409259 -0.285548245783114 -0.293116371427485 -0.305312510401197 -0.342701946436645 -0.347600583062944 -9999 -9999 -9999 -9999 -9999 -9999 -9999 -9999 -9999 -9999 -9999 -9999 -9999 -9999 -9999 -9999 -9999 -9999 -9999 -9999 -9999 -9999 -9999 -9999 -9999 -9999 -9999 -9999 -9999 -9999 -9999 -9999 -9999 -9999 -9999 -9999 -9999 -9999
-0.122798669323656 -0.108399319061624 -0.105223032526455 -0.102107013372006 -0.128768907176311 -0.137168458269217 -0.148675428788854 -0.279526976836732 -0.325411016951816 -0.25469100538391 -0.28095743514289 -0.284192783440036 -0.299830967179289 -0.346209863217463 -0.3817155388729 -0.402005446550611 -9999 -9999 -9999 -9999 -9999 -9999 -9999 -9999 -9999 -9999 -9999 -9999 -9999 -9999 -9999 -9999 -9999 -9999 -9999 -9999 -9999 -9999 -9999 -9999 -9999 -9999 -9999 -9999 -9999 -9999 -9999 -9999 -9999 -9999 -9999 -9999 -9999
-0.0889557637879348 -0.0867092959858433 -0.0866366442712145 -0.0826911766321803 -0.114986473238952 -0.115586379782764 -0.102361711967727 -0.164015895828294 -0.311188429264503 -0.264738216945966 -0.259028966466047 -0.260348802645472 -0.283813980929876 -0.318351716709028 -0.376861266602129 -0.397681967028745 -0.360563453497861 -9999 -9999 -9999 -9999 -9999 -9999 -9999 -9999 -9999 -9999 -9999 -9999 -9999 -9999 -9999 -9999 -9999 -9999 -9999 -9999 -9999 -9999 -9999 -9999 -9999 -9999 -9999 -9999 -0.28774192259824 -9999 -9999 -9999 -9999 -9999 -9999 -9999
-0.0650048582423256 -0.0739951148083731 -0.0803759444647182 -0.0595182121874314 -0.044767647242797 -0.0718019336214578 -0.0847334800667052 -0.103794633722045 -0.16482513134579 -0.292324650812812 -0.248896221971382 -0.248654394518829 -0.249891643235108 -0.282157856836708 -0.310474365830015 -0.336427089928783 -0.333673516010351 -0.290740409704102 -9999 -9999 -9999 -9999 -9999 -9999 -9999 -9999 -9999 -9999 -9999 -9999 -9999 -9999 -9999 -9999 -9999 -9999 -9999 -9999 -9999 -9999 -9999 -9999 -9999 -9999 -9999 -9999 -9999 -9999 -9999 -9999 -9999 -9999 -9999
-0.0605900757484575 -0.0630668538272998 -0.0648653075004219 -0.0605841003202816 -0.0371171359591711 -0.0402857139488609 -0.0840452148932375 -0.0956886229163446 -0.106907341597664 -0.158649518255341 -0.235892321772785 -0.238103511985095 -0.222689646351334 -0.242227120555596 -0.267283929662331 -0.2957981117915 -0.287283283302637 -0.267857034089154 -0.209273186713014 -9999 -9999 -9999 -9999 -9999 -9999 -9999 -9999 -9999 -9999 -9999 -9999 -9999 -9999 -9999 -9999 -9999 -9999 -9999 -9999 -9999 -9999 -9999 -9999 -9999 -9999 -9999 -9999 -9999 -9999 -9999 -9999 -9999 -9999
-0.0772735130493578 -0.0701469591162396 -0.0769934725315525 -0.067102819899968 -0.0385426771123528 -0.0260573767809642 -0.0434835233165294 -0.0729673097479826 -0.0928086438410753 -0.0868038690066594 -0.0970605706128713 -0.0985605331903558 -0.107445799059423 -0.176397711535169 -0.218982429943379 -0.246683660515666 -0.240969609129381 -0.255288275872631 -0.167820029297335 -9999 -9999 -9999 -9999 -9999 -9999 -9999 -9999 -9999 -9999 -9999 -9999 -9999 -9999 -9999 -9999 -9999 -9999 -9999 -9999 -9999 -9999 -9999 -9999 -9999 -9999 -9999 -9999 -9999 -9999 -9999 -9999 -9999 -0.175962415218301
-0.0735107491391712 -0.0792947963424285 -0.0788288295903461 -0.0724867428028548 -0.0519174584953467 -0.0503431050792661 -0.0581924015309209 -0.0677814467812649 -0.0619976929058325 -0.0547771299653738 -0.0509602461389361 -0.054087406871152 -0.0335775052022033 -0.0826142904929656 -0.172846501034873 -0.224800045312202 -0.280007976382487 -0.182771074689539 -0.0733508230047805 -9999 -9999 -9999 -9999 -9999 -9999 -9999 -9999 -9999 -9999 -9999 -9999 -9999 -9999 -9999 -9999 -9999 -9999 -9999 -9999 -9999 -9999 -9999 -9999 -9999 -9999 -9999 -9999 -9999 -9999 -9999 -9999 -9999 -0.187487357428192
-0.0602555186448342 -0.0727529659588243 -0.061207498919735 -0.0637751471115505 -0.0553305198335917 -0.0581065932431305 -0.0696710020932405 -0.0589528836580389 -0.0468813598787516 -0.0199943240299699 -0.0129195565621686 -0.0421710913110841 -0.0298932737730661 -0.0766989118559676 -0.158005009320526 -0.213930930446615 -0.243625756942396 -0.0964475684859611 -0.0383987590819158 -0.0749026067190151 -9999 -9999 -9999 -9999 -9999 -9999 -9999 -9999 -9999 -9999 -9999 -9999 -9999 -9999 -9999 -9999 -9999 -9999 -9999 -9999 -9999 -9999 -9999 -9999 -9999 -9999 -9999 -9999 -9999 -9999 -9999 -9999 -0.191425720743154
-0.0650426147737142 -0.0639242290099534 -0.0932551369623331 -0.0876978662169471 -0.0736834474872944 -0.0558138284519399 -0.0586092067242251 -0.053580339515263 -0.0447273082665346 -0.0206090379260185 -0.0211765645265115 -0.0276757671564 -0.0181742135285534 -0.0889334644858278 -0.16044532615547 -0.185007726866859 -0.202223182292797 -0.171480280410961 -0.0829081145978053 -0.138288680589038 -0.0828550610224805 -9999 -9999 -9999 -9999 -9999 -9999 -9999 -9999 -9999 -9999 -9999 -9999 -9999 -9999 -9999 -9999 -9999 -9999 -9999 -9999 -9999 -9999 -9999 -9999 -9999 -9999 -9999 -9999 -9999 -9999 -0.180426223654501 -0.185375171625076
-0.0731072021601236 -0.0580906752669513 -0.0750013253139993 -0.107444594174211 -0.0982684788403456 -0.0297519694932894 -0.0588765612873458 -0.0198722989543506 -0.00350443793110311 0.0199251585111825 0.0154827645667454 0.00876319426523697 -0.0101863646047957 -0.0550399082470006 -0.155313946299346 -0.169276054123147 -0.182910235931597 -0.178532887380457 -0.171108508026615 -0.170904830965998 -0.183320630840891 -0.207122887803824 -9999 -9999 -9999 -9999 -9999 -9999 -9999 -9999 -9999 -9999 -9999 -9999 -9999 -9999 -9999 -9999 -9999 -9999 -9999 -9999 -9999 -9999 -9999 -9999 -9999 -9999 -9999 -9999 -0.182208321880917 -0.187008714836841 -0.186663892986627
-0.13649878361365 -0.130022120441257 -0.134553939128909 -0.109705969760764 -0.0770398036515711 -0.0319095006263563 -0.0217918386895413 -0.0148460382510834 0.010882181123569 0.0316265161929606 0.0213367312421715 0.0317505559631794 0.0293738419339329 -0.064870023855408 -0.125467567522487 -0.145805250467049 -0.177523271215782 -0.23791175248102 -0.225719691674849 -0.256835322220421 -0.218424600976736 -0.224534096956958 -9999 -9999 -9999 -9999 -9999 -9999 -9999 -9999 -9999 -9999 -9999 -9999 -9999 -9999 -9999 -9999 -9999 -9999 -9999 -9999 -9999 -9999 -9999 -9999 -9999 -9999 -0.121433353692591 -0.184031873135179 -0.188208152195889 -0.187880526325357 -0.184523405463149
-0.151244266887419 -0.128120151380131 -0.119500877332238 -0.0784335808723761 -0.0581963766334942 -0.0329182066099077 -0.025071516269679 -0.0161747987629052 0.00510743872246122 0.0134346189375721 0.00642946550752577 0.0279508419883465 0.00781916696595475 -0.117963264848655 -0.17437629470218 -0.165360008701412 -0.226502440412643 -0.299699247148886 -0.270207039428515 -0.295328062531967 -0.24372229457016 -0.259394289269156 -0.259738121049009 -0.247772817091481 -0.227275288982016 -0.225709249493857 -0.24169126510096 -9999 -9999 -9999 -9999 -9999 -9999 -9999 -9999 -9999 -9999 -9999 -9999 -9999 -9999 -9999 -9999 -0.180371350057079 -0.178434599371658 -0.169251659030368 -0.132328791985473 -0.117297497960606 -0.117074604995623 -0.128707053886205 -0.187955154238462 -0.179777178259512 -0.174701497889799
-0.157256548486784 -0.147440766692838 -0.123018810638987 -0.0780433656349182 -0.0670678239731383 -0.0269225796361228 -0.0143689167931931 -0.0116502963167566 -0.00475891046042265 -0.00494502541859221 0.0159374235189834 -0.0136011900475832 -0.0468835950454399 -0.0811664525249611 -0.211410588612345 -0.219261808261562 -0.285515367354686 -0.328800929922404 -0.303457993611915 -0.31723204279745 -0.318016539606327 -0.256619419691077 -0.252016022665107 -0.250747888966997 -0.227081645734311 -0.221470026189648 -0.233852346615712 -0.257085574763332 -0.253940289198668 -9999 -9999 -9999 -9999 -9999 -9999 -9999 -9999 -9999 -9999 -9999 -0.189806033226309 -0.185886087143072 -0.184084739713397 -0.184181628559761 -0.183689498037716 -0.16786765583958 -0.121302177736553 -0.130949194017849 -0.16668840802136 -0.181249647177879 -0.18689460451893 -0.172172252855334 -0.158957379254475
-0.123496512786153 -0.107432856352008 -0.0937282366608846 -0.0296015458826193 -0.069066949078619 -0.0132720603581143 -0.0242227987489718 -0.0172905596908461 -0.0105488161611089 -0.0101714369252569 0.0011018345144187 -0.00687697186879288 -0.056938430663438 -0.0804778896454055 -0.204507708773052 -0.242643853620589 -0.333787121676967 -0.340501501428693 -0.320979198144061 -0.304066430100691 -0.307944085173403 -0.317354272924237 -0.246378266527943 -0.244757929346366 -0.298263282606015 -0.297451625592088 -0.312684086335656 -0.247022753150819 -0.260746094845522 -9999 -9999 -9999 -9999 -9999 -0.249602660173366 -0.230315902055341 -0.224820558526069 -0.215939931797301 -0.213886341341767 -0.193727636077826 -0.186501812660942 -0.190579965532896 -0.182874477207307 -0.175521409352298 -0.164934180006431 -0.148926186526241 -0.174070280772894 -0.171064740452965 -0.172682090183975 -0.168060348728631 -0.168026909260685 -0.167936833974247 -0.161247744577375
-0.11592254193369 -0.0904324841320895 -0.0864591700953933 -0.0335171109657433 -0.0314746324167362 -0.0347905981217993 -0.0295689764456648 -0.0125175703550717 -0.00273203744213424 -0.0200616060256782 -0.0331330570874466 -0.0332588224098056 -0.0580633774997652 -0.0393450975768402 -0.155696679120583 -0.239395544386106 -0.309340240334842 -0.37644978769386 -0.384415676902338 -0.327103542227689 -0.31645584079332 -0.322836197041872 -0.32552411791639 -0.316934405163485 -0.315675534396302 -0.323175171733879 -0.330518780287172 -0.330964365243928 -0.263833697681553 -0.26564718432207 -9999 -0.297094617680642 -0.225130727208914 -0.202199686948293 -0.225755640988727 -0.213101333742275 -0.197426901699633 -0.189263317930399 -0.18217950127881 -0.201785027073765 -0.195815743090342 -0.19206481127847 -0.190049148870975 -0.185125339802484 -0.178468492730456 -0.189925920034355 -0.155613592947425 -0.152574742078209 -0.171502704851357 -0.165320962903377 -0.15939906040968 -0.159350422104589 -0.154728742188479
-0.0975118243306919 -0.0820212056397216 -0.0760349616735373 -0.0237493141239269 -0.0426207698557732 -0.0398355056550317 -0.0321305973805852 -0.0154732245603196 -0.0160024477049494 -0.0389407901865451 -0.0372699945851173 -0.0188089087758592 -0.0634916538148905 -0.0846373954311125 -0.111312869799855 -0.218500321281414 -0.289382001212853 -0.360675979083281 -0.368177195666972 -0.344009434825459 -0.321307035644571 -0.307345834443811 -0.304052917709313 -0.302308093252155 -0.307451921770913 -0.3428649477784 -0.346103101665906 -0.347971555630826 -0.345199600592572 -0.255851458195531 -0.286013744138018 -0.283515148975965 -0.208934952897098 -0.196309454851281 -0.210461483050914 -0.217235358278274 -0.200279430416004 -0.179985104162949 -0.193211206948542 -0.201132301553434 -0.200311715364829 -0.196959226818626 -0.201598915639964 -0.21341731775737 -0.20456206862049 -0.213652888040761 -0.158181869749269 -0.135778158879776 -0.162235635905902 -0.155596615340721 -0.150399359431903 -0.148239551150886 -0.144575742265087
-0.0865593918615897 -0.0646855014875245 -0.06073392556177 -0.0397011280321251 -0.0380325634000522 -0.040165240320739 -0.0398076972163608 -0.0293315314826521 -0.0227975991193495 -0.0322580444596396 -0.0258117937593123 -0.0146636554377341 -0.0253468982019419 -0.101564767566549 -0.13424075743436 -0.196636612781072 -0.259175214149665 -0.309011506233762 -0.345163770007597 -0.349553896152299 -0.324117828013556 -0.304685201451318 -0.299639949970451 -0.29775594113178 -0.291337775938646 -0.30655176127934 -0.348175046616111 -0.366762727301826 -0.350282738487076 -0.243559753858626 -0.263219037393543 -0.265900104853321 -0.240659678192125 -0.238807097948906 -0.231523712046234 -0.219993492044325 -0.22216783216862 -0.209349534993948 -0.20414412536108 -0.188457223103964 -0.190404801974444 -0.201245866403585 -0.214324276508503 -0.231671480990726 -0.20871560432277 -0.199227789857134 -0.17353280603669 -0.173766511562396 -0.160822496030786 -0.144573800717035 -0.13710337743868 -0.129163668497911 -0.130191649117463
-0.0725042832544043 -0.0574540688665219 -0.056396803251252 -0.0438231994602425 -0.0455604167414878 -0.0777664911088811 -0.0784370149450522 -0.0541286978220755 -0.0261429714047027 -0.0285814096342493 -0.0147737751171407 -0.018972545171744 -0.0348239152916823 -0.0716238928118299 -0.131026703165537 -0.169340122639661 -0.219162115048453 -0.280762570548882 -0.306381476593679 -0.301328099586074 -0.269284809856625 -0.276398788654289 -0.283916223135113 -0.278446070124036 -0.274277660466726 -0.282815457953992 -0.318078950321435 -0.374453694465529 -0.380898134077795 -0.268917306915724 -0.250544453942886 -0.245667591858942 -0.232621184005015 -0.229832387978857 -0.237576848065461 -0.227523280148133 -0.256840121210486 -0.245653722959275 -0.214165213341768 -0.183635281364497 -0.19043258514055 -0.200945485109761 -0.232102036057493 -0.258759488747732 -0.250419032570663 -0.207072600642379 -0.199847855013729 -0.183530762932308 -0.161726874489949 -0.140148816537474 -0.131118375115473 -0.127280796665759 -0.122650340087166
-0.0683271167843422 -0.070765938022203 -0.0708270672912416 -0.0687452956923634 -0.0688666204044144 -0.0796642329106881 -0.0906062743949467 -0.0726214533591911 -0.0590642172148178 -0.0405994776711365 -0.0225363907703596 -0.0184813871511468 -0.0118110037676776 -0.045356960279861 -0.100136445989941 -0.147062583199026 -0.187793398674956 -0.22999062501772 -0.265631280019269 -0.276437914559075 -0.248702245914911 -0.239995150469075 -0.260698708609516 -0.27819684018526 -0.267011968385972 -0.271078786975905 -0.283656079881114 -0.365864391987378 -0.410846522765115 -0.303469514522237 -0.252759670267502 -0.24185214130244 -0.302523840701235 -0.301602983828873 -0.308925129767098 -0.309023149305432 -0.329664445096819 -0.331899506042487 -0.24775946070354 -0.228685538736848 -0.219355473274611 -0.2262000319224 -0.246570654577018 -0.262469625592653 -0.223466042003549 -0.222609348405176 -0.19761219038169 -0.175321960453492 -0.155879039750822 -0.134700152284777 -0.125831142583082 -0.12504099179584 -0.118413347776932
-0.0590717998900636 -0.059294198692226 -0.0569334189702878 -0.0675458685452688 -0.0759714709623597 -0.0842776201934794 -0.0914565466496035 -0.0717839642572291 -0.071497468094632 -0.0580220541380031 -0.00816321669701592 0.00188355599209489 -0.00487301783330873 -0.0355842475333619 -0.0680722150971301 -0.106627851065806 -0.119292865343649 -0.15117381826598 -0.182989936389303 -0.258833033406728 -0.306086775452993 -0.241758468367493 -0.242806507218104 -0.293732083507047 -0.295917266249924 -0.307897482447203 -0.310681052686299 -0.408936154381793 -0.442578095120393 -0.334729351616445 -0.285464788661111 -0.325943264769162 -0.309422783361019 -0.300461825801938 -0.300721793227961 -0.307329409516534 -0.314765123113651 -0.284511449032335 -0.299957668826092 -0.286853651906504 -0.243435429826852 -0.205863767099109 -0.225481287656746 -0.225144974600983 -0.195173760260208 -0.17940445325302 -0.194026402647874 -0.174706797439121 -0.151453661791989 -0.134329727901352 -0.124184786020571 -0.121954252846373 -0.11627929550208
