data/pcas/pca_proj_current/PC14.asc
NCOLS 494 
NROWS 529 
XLLCORNER -117.166666666667 
YLLCORNER -55.5 
CELLSIZE 0.166666666666667 
NODATA_value -9999 
[rows 0 to 22 of 529, columns 53 to 105 of 494]
-0.323600674177972 -0.316195412745366 -0.320502520443309 -0.335218141663595 -0.335269829854473 -0.334813504300211 -0.343338782170274 -0.342506596512824 -0.347513292432934 -0.344101655036562 -0.373140186031474 -0.377940574597467 -0.371998324002745 -0.383896809286434 -0.394008692727148 -0.412059958110896 -0.41613679530985 -0.402098244561095 -0.41076766355329 -0.42716744941245 -0.42040190338367 -0.419208187263307 -0.405112112144972 -0.397220609053072 -0.393581701832592 -0.391884688070193 -0.388572272080915 -0.388056172534572 -0.391763506746768 -0.399752738752043 -0.408793215081371 -0.420052699016804 -0.424212442403372 -0.430213884126802 -0.434917605523902 -0.438167722344496 -0.441147813479053 -0.44216761660528 -0.442858607047056 -0.445733611889169 -0.460834911785988 -0.464437114878742 -0.460356201661937 -0.485267458452882 -0.491605747169136 -0.493382048030802 -0.502502094435088 -0.50455359119929 -0.511187331522213 -0.515067601233885 -0.526046690350731 -0.541649084442511 -0.549037948512715
-0.33043168976695 -0.327424468592333 -0.322145367557231 -0.338660042070367 -0.339314129725337 -0.340483414734575 -0.339710238743822 -0.334138316564755 -0.360284786108654 -0.354299930686006 -0.383349535942995 -0.367667204666543 -0.373924379900945 -0.379913686627607 -0.389218144942624 -0.384341147061844 -0.385286919717738 -0.409289156384511 -0.415996447154262 -0.424886584548785 -0.443447657008496 -0.439037405392851 -0.415604840060169 -0.412951981669861 -0.397284849762302 -0.390276967700856 -0.391845261641151 -0.385697043303197 -0.389313422192673 -0.400002982062272 -0.407157437187477 -0.415526065465058 -0.424415616642237 -0.431021760234143 -0.438907694136806 -0.440240757559083 -0.441212107558602 -0.443648115262477 -0.445049281611376 -0.454223182680195 -0.457017458585339 -0.455904185867322 -0.458063204792583 -0.479361529905414 -0.487132959703888 -0.488031396921336 -0.496039463438513 -0.513314081950913 -0.520636348455031 -0.521571614409433 -0.529551745240089 -0.547731295966614 -0.547947638480901
-0.331535215925749 -0.335157431730626 -0.335559214386856 -0.343221248066595 -0.350462013387752 -0.343023837470504 -0.339602241078363 -0.340427551750974 -0.358209536372409 -0.367028719839985 -0.389796361990597 -0.377155363960659 -0.380956657192438 -0.380673957060875 -0.381589862836083 -0.380723898281225 -0.377217079060262 -0.388751558228457 -0.411757776119648 -0.412297421917865 -0.44736466484748 -0.465320718788362 -0.433142157535291 -0.418047692148888 -0.393477093183902 -0.387742375151386 -0.391017330119035 -0.382731496704997 -0.392533829422663 -0.406070591864141 -0.411386766358048 -0.414190106103829 -0.421646204853264 -0.428091689350091 -0.432384310123357 -0.436483422070467 -0.439425887567126 -0.446775353501412 -0.451721077661415 -0.453886013984907 -0.472843078835024 -0.468415712088816 -0.47964445909744 -0.479915124698782 -0.478784500312904 -0.490348047713427 -0.501830732190844 -0.504090724035465 -0.508348568327787 -0.520642056052133 -0.536223202244976 -0.539834690285804 -0.54116554977587
-0.33246058481274 -0.337986429004595 -0.342255322684188 -0.344027429886008 -0.375464928560584 -0.358908604165949 -0.356931803316777 -0.354410526878319 -0.371992722353529 -0.37443066415817 -0.381247029412345 -0.386399800096858 -0.387375651597919 -0.386914761911706 -0.384391166500082 -0.373023787082625 -0.385923848060227 -0.387179207281176 -0.394420971857372 -0.405142267859146 -0.461618792212426 -0.47681705549795 -0.437599521354991 -0.386471787698789 -0.380054852786607 -0.387697693573287 -0.387838094676199 -0.382638570349613 -0.389594057773483 -0.392102277023214 -0.399920823027985 -0.416840051354754 -0.416593403408 -0.426348727255846 -0.43343203387844 -0.43929828318647 -0.442678020593159 -0.447008787537722 -0.448659967950358 -0.456888140900569 -0.461533531133374 -0.459184463918471 -0.478468579702918 -0.473081060944834 -0.479049307153333 -0.486407371319954 -0.500210269008356 -0.504857794144437 -0.510595410176802 -0.507345242350037 -0.514642962001398 -0.520379675137607 -0.517684686554564
-0.335463213473918 -0.340623778056995 -0.351810840698582 -0.366442391346603 -0.358020582637874 -0.361934273061583 -0.363969351520883 -0.364474378491357 -0.367958591191181 -0.373133109002877 -0.387605534079091 -0.398290435363985 -0.398032207203829 -0.396900761760646 -0.384923503852795 -0.370266743781933 -0.369249078036079 -0.381824816034664 -0.387099083979261 -0.385561870396007 -0.443436853675334 -0.452940338269258 -0.407810797964086 -0.369848822065219 -0.365259997106245 -0.386821372543433 -0.391097750864588 -0.390176485043027 -0.394942107794432 -0.39117355817896 -0.399724887248469 -0.414096530294507 -0.418362217773445 -0.426803087751453 -0.434600706978615 -0.442972158343142 -0.44584877499647 -0.448487859673838 -0.449780441123081 -0.451621496336502 -0.446969600706917 -0.443141986325186 -0.464042667540688 -0.46407575464096 -0.471080309754718 -0.484852518479897 -0.494761990718463 -0.499161186850577 -0.499294946156841 -0.496134718380301 -0.500569865461055 -0.506244874582325 -0.518777249176043
-0.346507310967943 -0.353315300824422 -0.358881786312158 -0.356352075387881 -0.362303938365841 -0.367762665138677 -0.372065581008427 -0.370870676335908 -0.370419533502988 -0.381456819065503 -0.39830097556053 -0.412404425843673 -0.407859770389713 -0.39594379563919 -0.39360818398597 -0.374414358298979 -0.362288029180934 -0.362764272851785 -0.379364733646101 -0.389312344450292 -0.409682087987635 -0.447262566597068 -0.412495561953076 -0.378435895974832 -0.372590608393121 -0.369695534979693 -0.383925654175109 -0.385070890307368 -0.392544777509613 -0.397194316589904 -0.403363099034886 -0.404159072427949 -0.414274890503685 -0.419840890918021 -0.432761615993362 -0.439241238036659 -0.461016736156006 -0.462603826842543 -0.465556220295916 -0.463496587779284 -0.43643096542461 -0.440219493322072 -0.457803015888684 -0.4602349422478 -0.46546270704591 -0.477532328078439 -0.491340093801656 -0.500627826662714 -0.497726466374578 -0.495395244942638 -0.510308482591304 -0.504799890992305 -0.503538614639711
-0.354626641947508 -0.351601787300585 -0.370976330573726 -0.357653703653542 -0.360328089444684 -0.368571823313904 -0.370230669324673 -0.377126482162719 -0.379360826893607 -0.385165272499244 -0.390198549268229 -0.397196157844269 -0.383053387379559 -0.375132051542622 -0.384995480501014 -0.377894299826571 -0.36373090685448 -0.364826619797356 -0.378245853419066 -0.404721251340528 -0.39080445435434 -0.425291622951732 -0.426503219742621 -0.382570905455125 -0.376076904265767 -0.375008341174693 -0.383870778268675 -0.387826641370224 -0.389593738154624 -0.398103863550083 -0.403506365263112 -0.406711819664703 -0.409508548889115 -0.431501110950346 -0.442997319127718 -0.457401737882213 -0.464091819302677 -0.467086636693152 -0.467799147392137 -0.463584946045862 -0.456398807266904 -0.452081576723995 -0.455806668597067 -0.460816637321542 -0.471188637210598 -0.478969429755138 -0.485967093523355 -0.486513580246538 -0.480790563013025 -0.477408726648167 -0.47969869028346 -0.49051751316515 -0.49856846534486
-0.349433175339996 -0.348002024956535 -0.359718384772793 -0.377110172212203 -0.370512912210554 -0.363466743019949 -0.373654702112742 -0.376235703225964 -0.378011139755062 -0.382007185491381 -0.384697650479631 -0.383161087832198 -0.381116704531734 -0.371937168563761 -0.368512204751149 -0.380985484186254 -0.374926799197456 -0.367876643044464 -0.376465992237562 -0.39637191793673 -0.432440960755138 -0.389553011836418 -0.41664718687785 -0.388008174255411 -0.37473453354202 -0.367708812214183 -0.375012564374579 -0.377339533925121 -0.376276714148356 -0.386749914073642 -0.402286514726807 -0.401391501037557 -0.426731469475802 -0.431341510756491 -0.445269294601292 -0.45455879174176 -0.467672024019655 -0.471632702325838 -0.468743268890832 -0.465863932459833 -0.468892487883866 -0.463139557381137 -0.462176674416077 -0.470860122002383 -0.478066798878263 -0.480702094905723 -0.4873410257242 -0.478958724144364 -0.468061477092299 -0.464764124081683 -0.467615609046412 -0.471549989976431 -0.485828339882429
-0.341561657429647 -0.342978330246707 -0.343148467797829 -0.363974853959694 -0.376813400975331 -0.375237200347135 -0.386577649030245 -0.387973757555325 -0.387736724969004 -0.372457299985456 -0.374007146657248 -0.373986613441008 -0.382481355844012 -0.376956238735522 -0.399493385514639 -0.378389425310079 -0.377384528375312 -0.375032488806459 -0.371925247749013 -0.389829205873313 -0.412948384009802 -0.401967131427557 -0.400797454668089 -0.403704205678708 -0.378858726191757 -0.364973449391602 -0.358659836587052 -0.370101192708244 -0.363448988249983 -0.382210993649252 -0.39471757938077 -0.393263260594378 -0.425986599977898 -0.431192930399652 -0.446550106084693 -0.463666789831128 -0.480931418312611 -0.483005511266798 -0.479224378377889 -0.470917809471923 -0.471339807032174 -0.468313144228896 -0.46769156602593 -0.476258638620041 -0.482359773037804 -0.484397730148845 -0.487429943455895 -0.483179375453137 -0.47831631543008 -0.469711813553046 -0.465974997376889 -0.465883686524943 -0.4592977110896
-0.333199840616653 -0.336992916637243 -0.338528921551913 -0.357399482477112 -0.374140128484038 -0.372831517963185 -0.369986262587053 -0.382252485304926 -0.388721061907168 -0.373957764392413 -0.371055991224627 -0.366366864439066 -0.370319885241815 -0.364528143930872 -0.397192594333233 -0.38673484977874 -0.376497249335406 -0.375422825565212 -0.367801108507954 -0.372345124534818 -0.392854591531029 -0.378700977572758 -0.378414454876977 -0.388569835823694 -0.385178070862649 -0.388118584228013 -0.367289311577417 -0.358521316756754 -0.35734750741178 -0.37213063931999 -0.385017596829707 -0.389495906611698 -0.424949267700905 -0.432114728578687 -0.448913676885778 -0.464338778127047 -0.484145742040127 -0.492528473517283 -0.490592270850068 -0.477010510779231 -0.478937541445937 -0.47406223485641 -0.46519754233003 -0.465834529481487 -0.474718669504996 -0.48383275805356 -0.48469401807848 -0.482080656837438 -0.478474057824677 -0.468423619318417 -0.459991286811098 -0.460171585998971 -0.455239287121557
-0.334682587342215 -0.342165085325206 -0.353658949490366 -0.360594291650994 -0.362822604953866 -0.352249257363394 -0.353132337494933 -0.360716845097446 -0.367780518426012 -0.371829553635593 -0.370544968957441 -0.359672191716136 -0.36118376840523 -0.367771581741753 -0.368123996075553 -0.379763406493622 -0.385363589261471 -0.381886467632457 -0.369139816867656 -0.387032438647696 -0.378803572584584 -0.377516340354974 -0.373074849390919 -0.374969014422232 -0.38841772795128 -0.411898694245685 -0.370587705011884 -0.366217871134185 -0.366690781459994 -0.373133761554349 -0.376591201900403 -0.385851517418914 -0.416162200115865 -0.429697907032853 -0.450656438547347 -0.465739558967909 -0.479599757451592 -0.490918882557177 -0.492310756353495 -0.485273375218095 -0.484208467284924 -0.476683063891187 -0.463962589654848 -0.461735967020778 -0.463574038313941 -0.468857820960662 -0.478669442981403 -0.476801819472756 -0.471941015347535 -0.46661567898099 -0.460129868227652 -0.44616225286584 -0.45603937862736
-0.334026111926255 -0.335657773357242 -0.320434116818116 -0.336184949757313 -0.349939811258184 -0.338272650364678 -0.338301431271225 -0.345632784775987 -0.358117028648402 -0.368441339915923 -0.364284700085289 -0.353526886933194 -0.364549521740479 -0.364847169739777 -0.366035285184177 -0.366001335333574 -0.374549126821414 -0.378571481889787 -0.368439255228856 -0.368632172078174 -0.379425925982565 -0.372567241179113 -0.359350560742267 -0.361348432162485 -0.392760730938849 -0.407604164051293 -0.406133049777248 -0.388169515531374 -0.369811723244009 -0.361403845176947 -0.372213926901994 -0.380225952563282 -0.391634404975432 -0.42493200746963 -0.448226504260888 -0.463584089444704 -0.469679323465749 -0.478506886718089 -0.486526066230322 -0.487794077881396 -0.487316248221085 -0.479751710733763 -0.470654354998539 -0.469055846313345 -0.479589352146141 -0.478838835714419 -0.477630098880258 -0.482473912168612 -0.47915515107406 -0.47235100134877 -0.452285574496736 -0.451579079249265 -0.47357254205547
-0.321377415173936 -0.314218383521336 -0.31627152856883 -0.348466205612604 -0.34831339703832 -0.329715087039185 -0.328162754600225 -0.339317859889523 -0.340374420943149 -0.343573013288472 -0.342130673290912 -0.350700017459003 -0.362395348276715 -0.361738735165628 -0.358537422501295 -0.369733667705199 -0.363971017288751 -0.359332056055955 -0.360167509202122 -0.358487278713222 -0.366723103375562 -0.365347638709168 -0.353018683193404 -0.342451469232844 -0.368277807241815 -0.385483303134881 -0.360865194276374 -0.378797476957503 -0.363859658745314 -0.356432212225713 -0.368168641455903 -0.379897075837291 -0.387061439458159 -0.409135272033474 -0.430265264248581 -0.452343085357298 -0.465609683752034 -0.474302940053814 -0.477835680662379 -0.482751872309969 -0.487554690206166 -0.481031700896486 -0.479629468123691 -0.479947314186098 -0.48761105265767 -0.490518034462927 -0.490708873235046 -0.478535181389295 -0.478300209901618 -0.473494124108466 -0.459370898124595 -0.477098106999173 -0.484763170510077
-0.326101277481559 -0.310267037623981 -0.30885440872711 -0.322684880744864 -0.322058548073722 -0.319019222314192 -0.318029164330213 -0.322145230084279 -0.338712655107558 -0.337624013243489 -0.330639787327632 -0.338636487683901 -0.350042557970824 -0.350086292918756 -0.365914294046562 -0.36262079864379 -0.354706504896512 -0.350424094496761 -0.342939220512197 -0.343876467151991 -0.361242943199947 -0.350259317199641 -0.357444414896038 -0.33547575816391 -0.341914794985929 -0.338789363290718 -0.355930321284982 -0.368028819983942 -0.355890250269293 -0.363295831976366 -0.387486335178055 -0.388294082127385 -0.390081739091158 -0.393692216263267 -0.423185274741446 -0.442931168086418 -0.454171484023731 -0.466605303748439 -0.478116898237161 -0.490397901794058 -0.497797802896319 -0.493781746908412 -0.491345283043362 -0.492930052506942 -0.496985962013191 -0.488124201788112 -0.488167904052447 -0.483186441200229 -0.480950414481862 -0.478270276579606 -0.476260851045343 -0.467220014252077 -0.47808032885476
-0.315780695360403 -0.30840279324149 -0.303869442431141 -0.316523845975988 -0.305769544513988 -0.306184534046608 -0.315104425942068 -0.32664174954333 -0.3327374412321 -0.333460226785176 -0.316070837282012 -0.310770755293474 -0.329440243246393 -0.33858733288466 -0.342221853900707 -0.359326823216882 -0.347800369421823 -0.351412089702535 -0.344198605452522 -0.334513330795488 -0.358884155358306 -0.344622326561221 -0.34122963688963 -0.33700542438576 -0.336317375363648 -0.334538491293964 -0.344123699465029 -0.363575867616139 -0.372116451176995 -0.363786903772022 -0.353962457016142 -0.363334486602493 -0.383059614188052 -0.389297013033462 -0.419332302987054 -0.441182860225918 -0.459063624616704 -0.468892416143304 -0.480302435077485 -0.493114818684349 -0.505565553298972 -0.500424315527356 -0.495744174350834 -0.498200747759881 -0.496195531744846 -0.487432512058714 -0.489148205020407 -0.478626444559384 -0.473178407484609 -0.477846187124586 -0.483983243204734 -0.477802602721967 -0.483123987255181
-0.297748690715775 -0.305421666054251 -0.305757713417962 -0.307896087303249 -0.289549180449282 -0.300820403877625 -0.305550643906409 -0.33739561747679 -0.337421206960733 -0.343666114660118 -0.337132124662581 -0.308659016373406 -0.308760546057321 -0.328365931904221 -0.319610075076001 -0.336610387381068 -0.337080993149682 -0.342679827652184 -0.3435209635218 -0.328995145021759 -0.347880102713464 -0.354306209476688 -0.353042122692575 -0.354146859019475 -0.348334418233324 -0.342519866341899 -0.349982057016013 -0.358534286432919 -0.356231281546747 -0.355786161630641 -0.36101252008332 -0.377110879716651 -0.391715647886652 -0.405193543002582 -0.431349923759697 -0.444974249487815 -0.453297093333456 -0.458859166445235 -0.477467892919921 -0.480013807468213 -0.503178487544278 -0.505476072525966 -0.500712682555581 -0.51197078418392 -0.502344109811855 -0.496915542858827 -0.495818380905237 -0.489468619801022 -0.478893124616692 -0.491008848954419 -0.491342053359959 -0.482823149276877 -0.481277347330703
-0.285614153722315 -0.292628134998994 -0.304455767576208 -0.311105682718125 -0.298405320598433 -0.307266887670769 -0.321951121997433 -0.35071704644039 -0.351635313716509 -0.321624084170097 -0.33346972283448 -0.324705802371658 -0.320112299235304 -0.322197033089984 -0.338794957991425 -0.331711328263966 -0.334276816271488 -0.341896193458159 -0.34655672003361 -0.337729197869796 -0.352604030264041 -0.35699903045269 -0.355990876613081 -0.363197343511283 -0.351506076277244 -0.34935111718076 -0.355335241767123 -0.343628245378222 -0.347747561530238 -0.366255112310369 -0.375065369259732 -0.391789823986545 -0.399549877635941 -0.409873452425022 -0.434117648492604 -0.448844250244574 -0.46347445726281 -0.469415576022742 -0.479833271091303 -0.49347299529113 -0.50823212112656 -0.513599251158818 -0.502474156013341 -0.51556004196299 -0.514652368783103 -0.5067127988445 -0.501886941553284 -0.49953903975291 -0.50220714512696 -0.507506015414055 -0.510820533420916 -0.500511984018984 -0.492130975908076
-0.27388645466946 -0.283222312689177 -0.275550693590475 -0.28368185806802 -0.319282665887069 -0.316578554172145 -0.324456030923297 -0.329362838245408 -0.343716182215921 -0.336771882940968 -0.331554939678472 -0.331623099912295 -0.330303134846905 -0.317592875437925 -0.330906157944892 -0.325143659868236 -0.326500004289615 -0.336594156701757 -0.329898788397423 -0.347353080813978 -0.359012616205843 -0.370022863743798 -0.363059972073668 -0.366036058419887 -0.366503512406398 -0.363275280265744 -0.358159347534347 -0.347439315676668 -0.362275624150918 -0.379676440386932 -0.387874685530612 -0.387883578823347 -0.403973913272561 -0.417200771382142 -0.431509283374627 -0.44739189946146 -0.453493238850492 -0.471820797747092 -0.480923804176991 -0.494935148927351 -0.514394514434141 -0.523370241403914 -0.508516902750101 -0.511545942430524 -0.514678686771172 -0.505221822057795 -0.498349755973121 -0.502804510012451 -0.510527902342504 -0.510698702159312 -0.512676748863914 -0.508551132163099 -0.507124374319676
-0.260320904074841 -0.267745884069787 -0.273210247096933 -0.267712501947273 -0.309774697007977 -0.312220542373394 -0.32337617351337 -0.318850440075893 -0.325054936397051 -0.342419152093269 -0.331586857087874 -0.322596067768478 -0.322973152223128 -0.308933238490795 -0.31526652044339 -0.329457834004715 -0.334996043852868 -0.347902200769839 -0.350239186723196 -0.359266452595231 -0.365961336909679 -0.379514024192832 -0.37273388760983 -0.386567257588038 -0.382156692294233 -0.375391112600651 -0.367360844908232 -0.373824695909476 -0.378945391334137 -0.383444800214451 -0.389691925204344 -0.399473015815373 -0.416437781155107 -0.429280982477569 -0.418986291135379 -0.413290347122458 -0.417715439385431 -0.4213830614242 -0.44801572631578 -0.468144608750422 -0.489972626804313 -0.508751182627643 -0.525742146638172 -0.515498974251988 -0.514656144855228 -0.499080138817109 -0.492318684999458 -0.512173444980131 -0.506530231045575 -0.509882480016222 -0.508496631883467 -0.510178751245294 -0.50258294628435
-0.254165260807774 -0.247716652975805 -0.239956133839736 -0.252961889783841 -0.297480481248248 -0.295893601914658 -0.302101497716315 -0.303962735302058 -0.292718394507778 -0.315176089350695 -0.332664533405699 -0.337548494533185 -0.320023036255645 -0.325227635354833 -0.318822781999832 -0.334158208338469 -0.34396701611989 -0.349173222351685 -0.355407137451027 -0.357635593258818 -0.370164523870853 -0.383247984299273 -0.38345495980331 -0.378398418847499 -0.38725834085719 -0.389168342004873 -0.381094569535756 -0.397256631140428 -0.386332857799936 -0.392883505059809 -0.393856057449007 -0.398455173672385 -0.419553312841787 -0.41571780970813 -0.407288161668192 -0.394946080021451 -0.404117650707529 -0.411277174586259 -0.413398424032689 -0.427559787919257 -0.462304495929952 -0.484121659021391 -0.501802291103378 -0.517485345813537 -0.519829803162624 -0.512708899108239 -0.513220696886267 -0.49744179786008 -0.498527124493188 -0.500598001916699 -0.499239401320562 -0.495357603312815 -0.481681718806019
-0.236756213945638 -0.225530287860031 -0.241869813097527 -0.252059458921822 -0.282551886352201 -0.283540828667901 -0.287814032081634 -0.279503623531094 -0.283376570430008 -0.283442165319987 -0.316254914370601 -0.331669686347467 -0.323062212369408 -0.331550107762307 -0.324099181138216 -0.333306735043248 -0.338267960174176 -0.349284507882927 -0.353049887108032 -0.365009517906266 -0.375590540901256 -0.376215704604515 -0.374840443106638 -0.370955594730017 -0.372607941983327 -0.39255711292399 -0.392028512331878 -0.39150834242481 -0.383288124498734 -0.39575218056442 -0.411201914138846 -0.388244347737391 -0.41436255564609 -0.413628808683961 -0.391421623901774 -0.375805037403408 -0.366884606980968 -0.379151963035401 -0.394133182623376 -0.40273061616679 -0.41682466911161 -0.450869663214465 -0.464673641948373 -0.48671594423102 -0.507774872182237 -0.510070842573554 -0.509084135678865 -0.499833076122771 -0.496587089775418 -0.498784447663424 -0.481874526188741 -0.47703943038206 -0.483013738447199
-0.230627195345569 -0.213273934197658 -0.228817917742794 -0.246011137258327 -0.265793640509246 -0.266301140793616 -0.29381066751615 -0.282211572716513 -0.277264411396144 -0.278493262602235 -0.312119571072653 -0.330578464263757 -0.316768531129659 -0.336359741190341 -0.328791483666683 -0.342519288527526 -0.343801871315085 -0.354453184694616 -0.358390986836346 -0.352213995372817 -0.360598463107214 -0.347464246582998 -0.342935365173747 -0.358482182396286 -0.37349874728552 -0.369224679623542 -0.382003813738959 -0.374407024507871 -0.388234774336041 -0.382908448476159 -0.379504488114104 -0.390797183511663 -0.391773661695626 -0.371050342727217 -0.378082568297711 -0.357518751517476 -0.35119954982523 -0.36386359506075 -0.35985073080067 -0.382272831197334 -0.402002998609544 -0.438761733816946 -0.44550101073227 -0.464418296301561 -0.481383588649487 -0.490078309983783 -0.505798150762823 -0.498864671096847 -0.504875477397737 -0.499031959244835 -0.49020643151097 -0.490279015730575 -0.496913462006609
-0.220342224514696 -0.212858710689307 -0.226628839515994 -0.230361809006409 -0.244020556527881 -0.248763650244306 -0.272003349231223 -0.282883269973007 -0.283289014610035 -0.272776950258705 -0.303582531678665 -0.320911371311013 -0.309676024199879 -0.327033889903072 -0.329142690347025 -0.333758793044661 -0.344843756955467 -0.353203104054011 -0.360281994015838 -0.357502899465593 -0.349135870360265 -0.333935502245613 -0.330194364988576 -0.34944712837747 -0.364063487931598 -0.353749780635929 -0.3685231411621 -0.373954979121298 -0.360543992741776 -0.36223271937486 -0.362280708821035 -0.385987618091999 -0.371097009609431 -0.350009035459046 -0.347365951024146 -0.340982758513425 -0.339416493250885 -0.350984014568342 -0.351794714900073 -0.361003698525305 -0.384379989184674 -0.40185315495243 -0.42235914967323 -0.431717792624298 -0.44934957790858 -0.466729106120132 -0.497399377212981 -0.495862132515595 -0.503034680941972 -0.504627070229848 -0.495343774656876 -0.500906546335842 -0.499816761514658
