data/pcas/pca_proj_current/PC15.asc
NCOLS 494 
NROWS 529 
XLLCORNER -117.166666666667 
YLLCORNER -55.5 
CELLSIZE 0.166666666666667 
NODATA_value -9999 
[rows 480 to 503 of 529, columns 265 to 317 of 494]
0.0815785240514524 0.0853497957714077 0.098907260277694 0.104095791314505 0.089812083188214 0.0663076780757789 0.0733834727792433 0.0744715834578531 0.0681303616304432 0.0760436638916488 0.0688912214805268 0.0663063924468155 0.0689533095750534 0.07404708323834 0.0720724614852302 0.0716943417028297 0.071428624041407 0.0844766984843167 0.0807760458535718 0.0834028766662166 0.0852386906983857 0.0817701819548145 0.0734039457565423 0.0639363114975838 0.0651016057819277 0.0658985318754512 0.0740449863354625 0.0708982159888941 0.0743585814654945 0.069436532293013 0.0744212590767227 0.0822941856612913 0.078980275318517 0.0775078761026526 0.0773581479731635 0.0718451748696191 0.071594690734511 0.0701637364522153 0.0663824802039266 0.0672846323591361 0.0716280282316796 0.070444511590249 0.0659981197332869 0.0712112223736628 -9999 -9999 -9999 -9999 -9999 -9999 -9999 -9999 -9999
0.0979736324291734 0.0853685138418406 0.0733940424497369 0.0685005841196622 0.0510225356423572 0.0505824710347462 0.0679572692205344 0.0687002876178251 0.0676133989222803 0.0665674106582161 0.068708572703938 0.0767883672985736 0.0706826708278409 0.0746767068872388 0.0743989165334964 0.0711874873143831 0.0705003173824526 0.0731953529994218 0.0886195752725281 0.0868499766968282 0.0857164860845799 0.0845759280004629 0.0787665175995009 0.06598102590809 0.0702738719448116 0.0748479995068861 0.0699679144996064 0.0752600753623911 0.0736026518982661 0.0782514517446153 0.0764412781094147 0.0760012308235566 0.0755173995344232 0.0752218279987132 0.0748258432499573 0.0737980459819143 0.0689375558224163 0.0684596589195453 0.0647485662534495 0.0662390896869919 0.0685973179414773 0.0676317716197834 0.0661845394020342 0.0709608457120367 -9999 -9999 -9999 -9999 -9999 -9999 -9999 -9999 -9999
0.0847960426491018 0.0788709591508539 0.0721409181978088 0.0591960967164706 0.0436661606738222 0.0409607385033932 0.0432194487876036 0.0499161872763532 0.0693874727695299 0.0744206755313695 0.0708609337406628 0.0673421289146096 0.0691151473422079 0.070771068889517 0.0732419048465942 0.0702332194569282 0.071276529071001 0.0783968062671779 0.0735138592557288 0.0862715686258008 0.0861045945012628 0.082127910895386 0.0769868807398166 0.0753216493499885 0.0736631781298019 0.0716490507843909 0.0709717693281363 0.0755231399755278 0.0790329536514837 0.07987631135653 0.0812538557189994 0.0821605836483921 0.0757839078145147 0.0723902376713162 0.0725029135805656 0.0746974725347422 0.0690514772736187 0.0693584557719945 0.0721910638403776 0.0702083963077141 0.0664031596746079 0.0687547612207346 0.0643407688179226 0.0636166922263113 -9999 -9999 -9999 -9999 -9999 -9999 -9999 -9999 -9999
0.085533302345179 0.0666187226973991 0.0536713891107429 0.0580759285605015 0.0571840360876916 0.0467439512272112 0.049188437701329 0.0448056589211431 0.0582673045775246 0.062557122337645 0.0708323164934743 0.0716905097698468 0.0660749262712397 0.0692358770213935 0.073175127069545 0.0708778895561623 0.0743683571199849 0.0703059821030769 0.0765337111591833 0.0831535627252502 0.0836390505070363 0.082717086770233 0.0816549193198087 0.0721076986362445 0.0777861309365863 0.0763752915373863 0.0746114740601576 0.0761304099513732 0.0795062214461842 0.0846783813658278 0.0833320609759211 0.0776157954924953 0.0755493358950849 0.0760389943967306 0.0687314397270429 0.069023373107703 0.0671896864057774 0.0698192376459684 0.0705787029343174 0.0651945013677946 0.0626315311281359 0.0647409236156213 0.0597768455767837 0.0627830635679152 -9999 -9999 -9999 -9999 -9999 -9999 -9999 -9999 -9999
0.0896309222773725 0.0812656823422073 0.0700585842826963 0.0487094994362742 0.0511752581452788 0.0549270573687045 0.0506611098469061 0.0599899868848756 0.0649213746309515 0.0703133108161297 0.0656776797390858 0.0673603347139071 0.0696388143747329 0.0671762155857305 0.0730613157116687 0.0714145246614832 0.0771438373676445 0.0767288128092348 0.0900049107503794 0.0836896582403066 0.0827066835858318 0.073369532594095 0.076064034470163 0.0817157568363359 0.0803933013118019 0.0759722625552787 0.0765424298210183 0.0784038872986289 0.0792328481314811 0.0831333202790069 0.0773971158898645 0.0755515048978222 0.0721976119054998 0.0691126481241053 0.0725814299008829 0.0716885029864402 0.0728044684879099 0.0701899627991778 0.0707093410014672 0.0697331521240838 0.0639899583361851 0.0645150719862895 0.0651728095016798 -9999 -9999 -9999 -9999 -9999 -9999 -9999 -9999 -9999 -9999
0.0566768391672356 0.0685203068807253 0.0669898187988153 0.0682998524291218 0.0689356318844958 0.0665273086405096 0.0574204584897368 0.0641252607725576 0.0640608220139103 0.0665964848017903 0.0700554701562982 0.0679934388257161 0.0712796106934147 0.0748693979749425 0.0762854056510082 0.0755706390691139 0.0845570677665049 0.0775605972826807 0.0892145730662035 0.087664421893304 0.0845935656468493 0.081229545164856 0.0807099035859429 0.0792844267440053 0.0812682093063592 0.0798342613830399 0.0786024579304035 0.0777071732988458 0.0823357834760697 0.0824414826868178 0.07594517880197 0.0712564492548219 0.0693921968257241 0.0716156619708995 0.072034251973003 0.0724079848762573 0.0719017888119309 0.0751204829145103 0.0679285816101228 0.0666234201396568 0.0653602336421833 0.0663384823712685 -9999 -9999 -9999 -9999 -9999 -9999 -9999 -9999 -9999 -9999 -9999
0.0713360380800326 0.0697802440468737 0.080507757286679 0.0653282290797429 0.0708331328904763 0.0684928486506409 0.0736591890923324 0.0691898292577417 0.0677288398289119 0.0669118917561255 0.065664668903645 0.0716326037354512 0.0744827784847523 0.0748717497742964 0.0746084504297929 0.0761220644321465 0.0877394167498541 0.0877798050702312 0.0835527395130095 0.0865378930368036 0.0826563361459799 0.0822303046013313 0.0857404673267834 0.0840776052718105 0.0849113120051739 0.0792159000309867 0.0787722505025651 0.0774649532904754 0.0799206630025049 0.0789950567347381 0.0783396311406168 0.0754212765104518 0.0745928701035567 0.0769285433611208 0.077385040572339 0.0704401460001058 0.0727132169245188 0.0757470776445256 0.0671920985610147 0.0673107817479598 -9999 -9999 -9999 -9999 -9999 -9999 -9999 -9999 -9999 -9999 -9999 -9999 -9999
0.0389886703793007 0.0733794510461798 0.0770887869936008 0.0604545416790272 0.0647338001534692 0.069307944475036 0.0523854504297452 0.0412534214184852 0.053875929803424 0.0724618664976463 0.0737693372502523 0.0764665591541676 0.0750728773710003 0.0776748077481731 0.0747755694352027 0.0758708476392229 0.0769709049898353 0.0769664970718248 0.0792483320021513 0.0838750988810181 0.0792628072380208 0.0849498285829455 0.0834971233208483 0.0848736650667081 0.0841595401835365 0.0800062495284411 0.0796653863858501 0.080143499041342 0.0739443674009086 0.0794348067750906 0.0783552062680655 0.0748214318991876 0.0779594204701825 0.078752064344983 0.0780200523343813 0.0755570208356356 0.0744283853843757 0.0753666144486935 -9999 -9999 -9999 -9999 -9999 -9999 -9999 -9999 -9999 -9999 -9999 -9999 -9999 -9999 -9999
0.0641631875199095 0.0611822981227216 0.0728325648488112 0.0608897440642348 0.0613172783298258 0.0474577048611729 0.0462072281419081 0.0621200071698277 0.059435474995556 0.0682336491222199 0.0786816882156965 0.0776390878787173 0.0778648836338656 0.0760933066408981 0.075422121754313 0.0745324563603399 0.0814758269784499 0.08097096865685 0.0813193018837263 0.0806240595172347 0.0882350461657377 0.0812421552827577 0.0834917961090905 0.0826994942922563 0.0792794991971808 0.0790902448030613 0.0788799790349773 0.0758582632245442 0.0792552015137775 0.0791415015097203 0.0782072316419539 0.0742697854204335 0.074545376207047 0.0781219096266546 0.0781100861319802 0.0791389682443997 -9999 -9999 -9999 -9999 -9999 -9999 -9999 -9999 -9999 -9999 -9999 -9999 -9999 -9999 -9999 -9999 -9999
0.0525846666600491 0.0657182933404566 0.067764084251224 0.0687822883746983 0.0817049129225825 0.0517132073931796 0.0706690564025221 0.0697110182831268 0.077772750686432 0.073506204160774 0.0739444226516707 0.074799358510328 0.0754143588727715 0.0746489221487211 0.0746907544461993 0.0816408684630637 0.0801626303136169 0.0771903913375608 0.0764433981111036 0.0817057229517823 0.0810964411416513 0.0835573417659352 0.0776801845941786 0.0772865026708321 0.0788862934938968 0.0749892838690409 0.0751406700664726 0.0765662011324929 0.0763072905198581 0.0805496555358027 0.0776528825056881 0.0734305455447476 0.0741708881241899 0.0758461111401915 0.0778728048055018 -9999 -9999 -9999 -9999 -9999 -9999 -9999 -9999 -9999 -9999 -9999 -9999 -9999 -9999 -9999 -9999 -9999 -9999
0.041459207338468 0.031203100934406 0.0942838509488781 0.0757531138354727 0.0766494953302675 0.0846150134848012 0.0801244368101841 0.0705825149340069 0.0711362694346553 0.0784960351917307 0.0724553290507962 0.074013574779606 0.0771727844834116 0.0785582578559244 0.072620804896967 0.0728338117833156 0.0735871975146947 0.0769020552259912 0.0749083595035098 0.0840449880650835 0.081301039909887 0.0782485157802112 0.0752698032696822 0.0799979663732172 0.0739577707921902 0.0790988141340448 0.0781473824424661 0.0741521171858951 0.0759195956177492 0.0774111403741292 0.0809826963319764 0.0786805329244113 0.0770450814204433 -9999 -9999 -9999 -9999 -9999 -9999 -9999 -9999 -9999 -9999 -9999 -9999 -9999 -9999 -9999 -9999 -9999 -9999 -9999 -9999
0.0627741502226411 0.0735111113341103 0.0615610813811873 0.089477356980295 0.0828926378105445 0.0860434574848596 0.0741553523981176 0.0776801858377947 0.0774431555214981 0.077697714067563 0.0670995052840979 0.0691808314734187 0.066423382415253 0.0673702561040362 0.0701234824729902 0.0700018086230443 0.07637498070675 0.0730434408915514 0.0807479453781387 0.0843900155328085 0.0817056619629349 0.0776852643361598 0.0766706149981698 0.0747522838948877 0.0740073464423204 0.0760526785959293 0.0748187145749178 0.0728699905139883 0.0800323426245872 0.0756045772035664 0.078282566720523 0.0774697831028701 0.0758597656230403 -9999 -9999 -9999 -9999 -9999 -9999 -9999 -9999 -9999 -9999 -9999 -9999 -9999 -9999 -9999 -9999 -9999 -9999 -9999 -9999
0.0727909293998148 0.0627362045112035 0.0930410257059967 0.07588059858146 0.07283837386392 0.087722627636312 0.0791456875681604 0.0790035517476079 0.0805233317164896 0.0808116628198736 0.0744398871406815 0.0719002874952945 0.0715451472036583 0.0688988299805734 0.0748319878899178 0.0746115494095878 0.0753563740706173 0.0815385066056782 0.0763779874558361 0.076081362150393 0.0792526628560049 0.0766041431218231 0.0802856559586336 0.0760887468296116 0.0747363744563939 0.0713132480747381 0.0761438271331446 0.0761150824433643 0.0790182536169716 0.0759910495745247 0.0811661885507564 0.0763174307495378 0.0737278002377786 -9999 -9999 -9999 -9999 -9999 -9999 -9999 -9999 -9999 -9999 -9999 -9999 -9999 -9999 -9999 -9999 -9999 -9999 -9999 -9999
0.0691075733531224 0.0606644849897732 0.0650813568082777 0.0766973439253993 0.0785090080487254 0.0801647964499957 0.0819053371338312 0.0798238406424183 0.0734705239871537 0.0749418283668734 0.0719178761934784 0.0703892152494288 0.0667078752692781 0.069123032298647 0.0736821841809425 0.0689561081650561 0.0689151091075005 0.0768179830376063 0.0821529100957839 0.0771309319965608 0.0796209266539461 0.0809219243997147 0.0800546092553687 0.078987590018407 0.0791919508685424 0.0750017237934451 0.0813575433765335 0.0838482428080189 0.0823168983713424 0.0765755592208418 0.0737957048441395 0.0738800082011137 -9999 -9999 -9999 -9999 -9999 -9999 -9999 -9999 -9999 -9999 -9999 -9999 -9999 -9999 -9999 -9999 -9999 -9999 -9999 -9999 -9999
0.0430067772709517 0.0864720549485933 0.0699183185404716 0.0759795486651891 0.0762914698047966 0.0843974793716572 0.08063721923941 0.0736410284662343 0.0787810843912479 0.0805723068093482 0.0792091229813014 0.0754760390448053 0.0783417220507938 0.0861024139707111 0.0813076596370757 0.0811110674946981 0.0816425350855979 0.0819580343131283 0.0829192342538933 0.0797838333882026 0.0792266194657873 0.0748976475035146 0.0757166981328312 0.0734357305100195 0.0740953405202045 0.0777315890393614 0.0775930996608977 0.0757734660891381 0.0800300002342745 0.0754113055148527 0.0715587290607865 0.0683783689984322 -9999 -9999 -9999 -9999 -9999 -9999 -9999 -9999 -9999 -9999 -9999 -9999 -9999 -9999 -9999 -9999 -9999 -9999 -9999 -9999 -9999
0.0223503593747863 0.0899938193556331 0.0781715641093523 0.0748032723625283 0.0701809584095852 0.0707566817567304 0.0734932500068724 0.0750646943947321 0.0756225187760314 0.0847118680122213 0.0855899628061409 0.0812807420129015 0.0866833540126801 0.0848788294281804 0.0876583378571771 0.0869758007312484 0.0821703580136003 0.0812665613419079 0.0823297358218833 0.0799109915823321 0.0842626974280286 0.0768827049663845 0.0736645930633793 0.0715521474776441 0.0740913317586283 0.0726880623964633 0.0731472142889972 0.0790165143819224 0.070303176901606 0.0731634461958464 0.0697318402068319 0.0664969964809149 -9999 -9999 -9999 -9999 -9999 -9999 -9999 -9999 -9999 -9999 -9999 -9999 -9999 -9999 -9999 -9999 -9999 -9999 -9999 -9999 -9999
0.0289490761994169 0.0906560572988889 0.091549856195217 0.0760999092910996 0.071193913119072 0.0663996319001997 0.0732143052984279 0.0800366670259311 0.0862349715114973 0.0781864329839939 0.0829117597591702 0.083454150275665 0.0804753013236844 0.0824272438389919 0.0847318932288186 0.0817437805539342 0.0790493495817397 0.0847780701174083 0.0817599383089611 0.0773271912889523 0.072547874611233 0.0734523378532033 0.0720120671285518 0.0709303333185129 0.0698482298535329 0.0699849214506315 0.0688632527498048 0.0695021596524023 0.0691591424720858 0.0715749008643009 0.0663389657660069 -9999 -9999 -9999 -9999 -9999 -9999 -9999 -9999 -9999 -9999 -9999 -9999 -9999 -9999 -9999 -9999 -9999 -9999 -9999 -9999 -9999 -9999
0.0833902670691277 0.0684106663169691 0.073452095452589 0.0748962505858073 0.0787150235263792 0.0806586990632099 0.0763384096853234 0.0720461098344998 0.0721747969406294 0.071458306307188 0.0767747146289969 0.0771726879271969 0.0805590257598448 0.0809016222126585 0.0838591156134564 0.0841240391689468 0.0834849256248374 0.0815701297753058 0.0821588995227831 0.0795648454874509 0.0825082575057333 0.0800382072165534 0.0793252987816131 0.0801046700473088 0.0805429851180911 0.0800826038200019 0.0621631570242269 0.0567222373830949 -9999 -9999 -9999 -9999 -9999 -9999 -9999 -9999 -9999 -9999 -9999 -9999 -9999 -9999 -9999 -9999 -9999 -9999 -9999 -9999 -9999 -9999 -9999 -9999 -9999
0.0467197506815671 0.0804698886014478 0.0752837809666938 0.0833807902793606 0.083912116130198 0.0783173750281835 0.0810997576472184 0.082424227666398 0.0844009920105296 0.0873489635475709 0.0841252767707406 0.082588648814035 0.0830731272843046 0.0831291867865715 0.0837434579896354 0.0801293028185716 0.0801947356390666 0.0799399144950262 0.076605870731019 0.0770974089605127 0.082511237516585 0.0791859424522553 0.0781179152826147 0.0662905082221152 0.0614083071831092 -9999 -9999 -9999 -9999 -9999 -9999 -9999 -9999 -9999 -9999 -9999 -9999 -9999 -9999 -9999 -9999 -9999 -9999 -9999 -9999 -9999 -9999 -9999 -9999 -9999 -9999 -9999 -9999
0.0739920710189462 0.0891543154255213 0.0587194920041557 0.0564334670028889 0.0598962175058523 0.0629222533814824 0.0723127728897582 0.0798289184101888 0.0853716742993848 0.0773121679064381 0.0790966715251767 0.0851765831773242 0.0822283013560138 0.0832757107696049 0.0815642574329131 0.0803586050921077 0.0797493982418309 0.0740305997605965 0.0741398911336104 0.0745730110435195 0.0804988519897161 0.0802404765813582 0.0657766634376794 0.0651927237234379 -9999 -9999 -9999 -9999 -9999 -9999 -9999 -9999 -9999 -9999 -9999 -9999 -9999 -9999 -9999 -9999 -9999 -9999 -9999 -9999 -9999 -9999 -9999 -9999 -9999 -9999 -9999 -9999 -9999
0.0217996411955902 0.0600581696768197 0.0459194060620339 0.0643691106351009 0.0393115680735101 0.0782798314991667 0.0650496420904473 0.0817467793676278 0.0860720491236721 0.0809615780964655 0.0806670442086787 0.0812555561524331 0.084452195758092 0.0840358662592628 0.078641273959376 0.0764779566939507 0.0749938523992921 0.0759977826453217 0.0764795650521018 0.0775160466249128 0.0780264830875647 0.0802748970343078 0.0630396981505261 0.0619077082610329 -9999 -9999 -9999 -9999 -9999 -9999 -9999 -9999 -9999 -9999 -9999 -9999 -9999 -9999 -9999 -9999 -9999 -9999 -9999 -9999 -9999 -9999 -9999 -9999 -9999 -9999 -9999 -9999 -9999
0.0471162133111188 0.0750698509116692 0.0870523495487647 0.0820727039785848 0.0762052806691049 0.080025890330102 0.0820368797295642 0.0841151264037896 0.0817782092448045 0.0813535616193266 0.0841861330009906 0.0761593689885687 0.0762556487250464 0.0792361443511993 0.0755596354397482 0.0759818065916561 0.0805110944884958 0.0757305808963805 0.0761324240815631 0.0644524088459512 0.060726831156016 0.0637563036739603 0.0630547296451953 0.0609292000033518 -9999 -9999 -9999 -9999 -9999 -9999 -9999 -9999 -9999 -9999 -9999 -9999 -9999 -9999 -9999 -9999 -9999 -9999 -9999 -9999 -9999 -9999 -9999 -9999 -9999 -9999 -9999 -9999 -9999
0.0754154001655328 0.0798162910161786 0.0655732550488382 0.0694198912418015 0.0668845547020885 0.0741181171473073 0.079648938753062 0.0877503524807907 0.0872442557644133 0.0789853396726165 0.0767380874064343 0.0760757450270028 0.081955717096728 0.0753876521859542 0.0749431924150633 0.0739756640477891 0.074822718247804 0.0656991150308078 0.0700226342106316 0.0611767517748957 0.0677908850283472 0.0661914549069998 0.0635668661513022 0.0636625534766969 -9999 -9999 -9999 -9999 -9999 -9999 -9999 -9999 -9999 -9999 -9999 -9999 -9999 -9999 -9999 -9999 -9999 -9999 -9999 -9999 -9999 -9999 -9999 -9999 -9999 -9999 -9999 -9999 -9999
0.0830824017909578 0.0634637542283002 0.0643290216981105 0.0684337568201888 0.0756209455263833 0.0821834166393575 0.0863783408361233 0.0844936910067917 0.0812998416195442 0.0817637387317475 0.0770610357505318 0.0770133957846524 0.0744178756482625 0.0735052816202055 0.0713422920790854 0.0738239434834308 0.0820698702261705 0.0618799771698428 0.0649909901873585 0.0657838741651485 0.0645185353131017 0.0642332401827876 0.0609012398380804 0.0602057288952284 -9999 -9999 -9999 -9999 -9999 -9999 -9999 -9999 -9999 -9999 -9999 -9999 -9999 -9999 -9999 -9999 -9999 -9999 -9999 -9999 -9999 -9999 -9999 -9999 -9999 -9999 -9999 -9999 -9999
