data/pcas/pca_proj_current/PC15.asc
NCOLS 494 
NROWS 529 
XLLCORNER -117.166666666667 
YLLCORNER -55.5 
CELLSIZE 0.166666666666667 
NODATA_value -9999 
[rows 288 to 311 of 529, columns 265 to 317 of 494]
-0.030530021457398 -0.0314481782419187 -0.0362488969307553 -0.00193181641341421 -0.0216661651684391 -0.0243623197739803 -0.0202186649453982 -0.0213434735869267 -0.0147383548241762 -0.0036681051881039 -0.00793821075269299 -0.0146381034884945 -0.0186370241882362 -0.0103302876779441 -0.0149620658897657 0.0434038701910443 0.0622543162679449 0.0669022612234705 0.0666323243408385 0.0482527967136195 0.0333766069344777 0.0377834342864366 0.040524625353506 0.0403642242195393 0.0424879171328562 0.0381273067567326 0.00965927557094279 0.0042301873506336 -0.00799539911101128 -0.00140206318361071 -0.0011468661421018 0.00239956764070275 0.0097327098037142 0.00640911122665069 0.0178993814423048 0.0205266976525743 0.0300126174766208 0.0370266712787162 0.0309824401207939 0.0291269162880251 0.00593119704888339 -0.00633397814158459 -0.00869184701914024 -0.00910228208650978 -0.00726331892185712 -0.00599231760966436 0.0217020096087232 0.0214341857195795 0.0263593320016866 0.0222135468965808 0.0267843626247233 0.0290723951515842 0.023628774254081
0.0194229685955577 -0.020519785088999 -0.0148523869790575 -0.00655831396009257 0.0206691559485492 0.0221842767389596 0.00883603919575154 -0.00133767300429452 0.00174495588331872 0.00427446239271106 -0.00591869044367424 -0.00441306747328537 -0.0119562854821812 -0.0160408963524577 -0.0138628892440327 0.0121005611985828 0.0478969922285581 0.0595910579271693 0.0520088101605277 0.044196499174997 0.034693280244427 0.0286492735299204 0.042549082311614 0.038889931820032 0.0392445058424399 0.0183609296194894 0.0303781874674019 0.010452402689059 -0.0105128990638161 -0.0242282275483599 -0.0129101024852238 -0.00826684862873723 -0.0143385087147589 0.0102005397631934 0.00721110798477527 0.00654900308432297 0.0061997622208974 0.0349774518203857 0.0189368426581631 0.0343912833775764 -0.00156910297374187 -0.0151075503940065 -0.0188710113986998 -0.00861820565955913 -0.0144646292155089 -0.0105837064487411 0.0129639335198747 0.013270479910107 0.0178113449654197 0.0126403214781556 0.00769190570015399 0.00782524181522506 0.0143148634905746
0.0441374552116677 0.00981140995359344 0.0295270416018869 0.0385289813818349 0.0537083770315929 0.0173355314047012 -0.0143642257750605 -0.000473879823086489 0.00171725377212896 0.00264800245867618 0.0042254858395001 -0.00326821728012629 -0.00494382383088086 -0.0119840868843863 -0.0151651349188803 0.00463059507100464 0.0395745142720831 0.0369219311863173 0.0386695250823717 0.0380256547551973 0.0266161842772039 0.027586703093685 0.0310150656147723 0.0383250107411559 0.0431511351938243 0.043966703269635 0.0411221483666347 0.024903044612701 0.0128250637288751 -0.0281309880616761 -0.0307490243020298 -0.0200206498599566 -0.0160152978477456 -0.0100699375178488 -0.00104114276406139 0.000816983881475122 -0.0060693324036773 0.00562494668893345 0.0180994750296816 -0.0012594914239473 -0.0053184545587695 -0.00867288045902975 -0.0223319547891376 -0.0130135041664825 -0.0117393650420953 -0.013431112521167 -0.00658602850300326 -0.0159155060961488 -0.0115116751239935 0.00900331863355279 0.00219745243394716 -0.0092919134536183 -0.00653120892702765
0.0798202248395383 0.0545733928189366 0.0696923584181405 0.0704127595798558 0.0429354857129258 0.0223781520033628 0.0189720051087275 0.0084019706206626 0.0109531170500773 0.0113619151497365 0.0190222271582149 0.00866531748796584 0.00113979889419147 -0.00850306087990657 -0.0124059108074423 -0.0157752300207633 0.0214105055826835 0.0312736276675585 0.0299146955111417 0.0243214791458197 0.017744605631335 0.028823697947406 0.0240108487578709 0.0415264184909879 0.0372520335613276 0.0344489005007802 0.0426690458950047 0.0494966784659342 0.029204849599073 -0.0118955636778637 -0.0285791936949378 -0.0221038203798515 -0.0212250859036982 -0.0156873891201333 -0.0167576763451856 -0.0209521811710104 0.00427990965496861 0.00394457663124429 0.0163802255109986 -0.00328957207955026 -0.0166104789770138 -0.00781923108984542 -0.011947270717469 -0.00848885972835424 -0.00432275811180802 -0.0119697451633799 -0.00729748209024713 -0.0141184399848629 -0.0170731441572787 0.00297669133465483 -0.00934861586463097 -0.00666462264794381 -0.0157935228734023
0.0830544947133857 0.0835246636646324 0.0852896527935104 0.0817533752432475 0.0770134490937946 0.0617984490491247 0.0575227201748144 0.0435006080254957 0.0211862098464101 0.0236862699403866 0.0218087652027712 0.0173265345408669 0.00936126763284189 0.0011210863322634 -0.00421636878528834 -0.0103935544942991 -0.0156994433354282 0.0247741505537561 0.0247003960098291 0.010377225243864 0.00557271973586629 0.00810390003575251 0.0138407860787491 0.033541682670385 0.0440821579376482 0.0351957933561466 0.0338152926481035 0.0523842795004203 0.0481848469617017 0.0146766752014987 -0.00518919297013266 -0.011689769348195 -0.0180167236002475 -0.00785622519185173 -0.0152839901930929 -0.0213988977174348 -0.0187717227685984 0.00975622405624691 0.00163380669474893 0.01899351575066 -0.0171913038128052 -0.0143033829444186 -0.0156650988172869 -0.0123159981080223 -0.0107543619831477 -0.0122303803314093 -0.014667721488664 -0.0139360319410411 -0.0146435014634092 -0.0178960414717841 -0.0136424216033666 -0.0179003051916017 -0.0169883525509228
0.0841158287892993 0.085228433200611 0.0840139083088479 0.0837428598697846 0.0863122799701612 0.0843158529404764 0.0770269702065996 0.0709645403810099 0.0388923608962446 0.0205284374114889 0.0194670517776885 0.0165126600226708 0.00737330445731286 0.00391864131524289 -0.00478825173026746 -0.0130957001421948 -0.0179566126399011 -0.00613954429396457 0.00101857489867521 0.00574621235094615 0.000250557693913339 0.0116515817912648 0.0128939845118312 0.0447705927822562 0.0372915594114982 0.033855619747891 0.0291165548177837 0.0431470839325292 0.0526510523312068 0.0498565427378054 0.0298097652428804 0.00525717950309043 -0.000673786936027272 -0.000266132287829379 0.00467921980123293 -0.0083340640145281 -0.0268074951362366 -0.0256045293799751 -0.00405372127718924 0.00382511626792668 0.0266346139825948 -0.0314732452810657 -0.0310309311996393 -0.0272780174618414 -0.0273141790784964 -0.0201923158578903 -0.0160318915207506 -0.0156974252034265 -0.0305321799079603 -0.0396310819817497 -0.0383909143396004 -0.0415886616073746 -0.0386358962456284
0.0787931725862155 0.0815737844818456 0.0812807253505485 0.0819855344329856 0.0847908172514343 0.086458494214166 0.0875036758830677 0.0824179790499023 0.0756818491839491 0.0528813076523371 0.0182527414778283 0.0145736394891913 0.00676937673925167 0.0167307538006688 -0.00718626772693959 -0.0084012792445852 -0.0168691073298856 -0.00922351884018885 -0.00936024895440438 -0.00872558977949595 -0.0103593455289011 -0.00594050112254885 0.00512711303505487 0.0234250693852026 0.0273165650796798 0.0319199940363423 0.025622522062419 0.0277594802446135 0.0425317677625665 0.046688464220433 0.0486350498334398 0.0357394518636105 0.0063668940284081 0.00986944273044098 0.00771628200898563 0.0363316860895335 0.0184248792935926 -0.0118848642492228 -0.0208344240725163 -0.0256901412995709 -0.00382195711736623 0.0244558961097589 -0.0412799567028001 -0.042426394034006 -0.0485771018732672 -0.0324243959841403 -0.0376558257006062 -0.0211476112092198 -0.0402430264055605 -0.0712395220444776 -0.0597295868268288 -0.0468354222751702 -0.0436056426889153
0.0751727858841381 0.0769588597178239 0.0745660995460856 0.079912353436922 0.0806933123392194 0.0830756541346053 0.0859503830224526 0.0869783936375138 0.0757992379547406 0.0649273047431687 0.0409558213703578 0.0216886738392125 0.0142816238624256 0.0284392118290335 -0.00387812019688024 -0.00301199428625428 -0.0131677907161472 -0.0181420543997513 -0.00892892617847153 -0.00128757228571782 -0.00410450168844298 0.0034734381859089 0.00832576955732153 0.017025603022169 0.0221488083402 0.0259869576207906 0.022146458122388 0.0211830011717112 0.0421393256100967 0.0521604610435686 0.0529826599922146 0.0548072350768499 0.0430638780587484 0.012549237912995 0.0191595833357373 0.0396575226714935 0.0557607691230766 0.0106201172838009 0.0156866231799923 -0.010778875913321 -0.0222212217590709 -0.018520440216962 0.0261431782799646 -0.0579357874198859 -0.0545521014771407 -0.0204692797357103 -0.0340324988160942 -0.0372507512271369 -0.0482179188901501 -0.0993037025286966 -0.0952653395511801 -0.0588512776869131 -0.0616120163482248
-9999 -9999 0.080309826450111 0.076619212159764 0.0790433893054444 0.082544679168342 0.0837092871218114 0.0858340506110998 0.0858272129766532 0.0797552640852314 0.0749539723548767 0.0772782587766893 0.0691317687746492 0.0521742695483446 -0.00088672487536401 -0.00671761361043495 -0.00856023618671497 -0.0147627942809272 -0.00327220753175922 0.00566187608790902 0.0050763582277314 0.0125944025765208 0.0228677393841091 0.0267543470685468 0.0314703151240577 0.0355016109096391 0.0404234824983697 0.0359830345227141 0.0498248934744692 0.0583405315171187 0.0528261472421708 0.0421976374482918 0.0419220108729515 0.053074993626093 0.0361393635362444 0.0447392326212623 0.0574584659908367 0.0201221321132936 0.0496948454204842 0.0497919966450297 -0.00777370205267423 -0.0135442376356215 -0.00859718471539767 0.0199726757562987 -0.0623786222527965 -0.0321233686262821 -0.0116254549739881 -0.0399116652196741 -0.0693284916602156 -0.115995155860935 -0.0922626840010052 -0.0838614602919789 -0.0781713907602928
-9999 -9999 -9999 -9999 0.081767284149916 0.0784942032908984 0.0808010659791271 0.0817022698652268 0.0820706762702606 0.0863293086411331 0.0858845425394671 0.078003696410876 0.0708820357949477 0.0299002554935237 0.002852985436788 -0.0057795939072244 -0.00968902455643319 -0.0133038304247829 5.55200790358298e-06 0.00569413790930645 0.00674120082462072 0.0212904091945939 0.0288177214464663 0.0312356277974823 0.0365277906313747 0.0378130451089205 0.0364028518918452 0.0467013911886235 0.0524132502165839 0.0649551874511675 0.0628578114637678 0.0387378647905463 0.0504308044518061 0.0385154875009733 0.0531501183339866 0.045820664314152 0.0360174821048305 0.0420029801163769 0.0175493682082996 0.0105620788264367 0.0372024173575142 0.0329090554493223 -0.0214296065159016 0.0103186631164453 0.0148395437908124 -0.0320579998756671 0.00724361911511624 -0.0125703497446123 -0.0410323286559661 -0.0908233895467549 -0.0861289137410641 -0.0717261786668906 -0.0701456769801225
-9999 -9999 -9999 -9999 -9999 0.0822813592318987 0.0800246234859772 0.0791580622519487 0.0776209694223008 0.0825772037204156 0.0877638084543983 0.0869090642200747 0.0821387305249676 0.0570076992624227 0.0142875049597475 0.000293281425471678 0.000856476970423103 -0.00680065190514658 -0.00323399667443024 0.0103650481921558 0.0205430535304903 0.0244930839646044 0.0370113502636793 0.0390364835201491 0.0438804228512774 0.0422214861422603 0.0466151812604827 0.0496413495181737 0.0517197292183378 0.0574660112090165 0.0585849861009832 0.0552622320478121 0.056129929831899 0.0509485053953654 0.0426983295822155 0.0406197335795992 0.0462635645535624 0.036076695938167 0.0329838309937366 0.0078645265228424 0.0116297473191493 0.0543252157417846 0.00507576616136252 -0.0348054025969703 0.0190788324973597 0.0107055651412251 0.00866887299721295 0.00737456856532742 -0.0128110984123876 -0.0520234789283403 -0.075652352757557 -0.066185086610354 -0.0592016066569153
-9999 -9999 -9999 -9999 -9999 -9999 0.0787183855363713 0.0786199103036567 0.0789548025181382 0.0806360632975872 0.0855430278324519 0.0856447978009324 0.0879781035422373 0.0799195585903714 0.0550162656372517 0.0401692619213429 0.0364972818242575 0.0113718741687811 0.01260945590221 0.0243415627422333 0.0311492889123016 0.0338248701684174 0.0409524874453421 0.0444126695164596 0.0501186728331133 0.0498125072380253 0.0493145749411268 0.054088497920036 0.0563074933359726 0.0594346643012676 0.0590174011202468 0.0593713631879926 0.0574577462237728 0.0544916441910258 0.043849949592765 0.0389532378604121 0.0483029147403498 0.0467648707001057 0.0511188187099052 0.0150068728493887 0.0225548700703729 0.0248648287730287 0.0553528916129417 0.0416280867115869 0.0103929788282599 -0.0229827263137217 -0.0192542169382385 0.0339170990217709 0.0129892438776595 0.00260474921376365 -0.0245956457472751 -0.0363141669259372 -0.0538464483210679
-9999 -9999 -9999 -9999 -9999 -9999 -9999 -9999 -9999 0.0796442050589102 0.0821734008530276 0.0816126607273635 0.083326998247422 0.0865798850990937 0.0867262931842686 0.0833310535980411 0.0702645620966099 0.0488469752049867 0.0273843982293416 0.0261596548887151 0.0450493746171314 0.0505600330596361 0.0525222814338921 0.0552135640822006 0.0575608443068296 0.0530230652059251 0.0553070187301707 0.0521690129614722 0.0572494355995886 0.0607892256944421 0.0607498692076219 0.0559904763196888 0.051788245480065 0.0546248635718127 0.0495657828320399 0.0397907947231132 0.0449227516168009 0.0428332809317471 0.0271001972207343 0.0462403480748546 0.0474499699398206 0.0480861523467424 0.0474885673642585 0.05524809507623 0.0565823590847141 0.0416145207899622 -0.00680237880507793 -0.0289645345613628 -0.0290290146037647 0.0192233182904782 0.0137165372557662 0.0094635851020109 -0.00329401506755857
-9999 -9999 -9999 -9999 -9999 -9999 -9999 -9999 -9999 0.0792810605456707 0.0751810699988036 0.0779773456668154 0.0763212937555861 0.0769260017485875 0.0836203259180568 0.0864115260236163 0.0793628920784939 0.0626355028445589 0.0340251455117727 0.0302515858283374 0.0494617086368509 0.0612210657047604 0.059173271619267 0.0591212450135731 0.0613582898158783 0.0592419114111736 0.054986729144118 0.0577947111150226 0.0568345665701051 0.059743889211039 0.0615642823974019 0.0575601519847276 0.0591722245395659 0.0591102194187886 0.0538953130604162 0.0481694975209999 0.038161855191758 0.0336197029191665 0.0495045723997981 0.046523730724222 0.0512670162104387 0.0470192006878201 0.0494055886359087 0.0553304039646205 0.0567445534402695 0.0536345969342438 0.0467707881966112 0.0438316746734119 0.0286780562895551 0.0359759106652932 0.00141417376632353 0.00577529878257452 0.0315963244638303
-9999 -9999 -9999 -9999 -9999 -9999 -9999 -9999 -9999 0.0823420790687238 0.0824324558983296 0.0764208615945004 0.0748336390249679 0.0756802701171801 0.0830448827119994 0.0785862632066895 0.0836783581678627 0.0776854509467346 0.0536308533096331 0.0387833216989191 0.0398768848509685 0.0499666311588086 0.0610476946940637 0.0541403988598731 0.0608722453123082 0.0633385062205173 0.0610572349531706 0.0604079186888004 0.0584824979061556 0.0605680404379157 0.0625594894572463 0.066646134066792 0.0606364097807292 0.0517508924422059 0.0525286633369589 0.057047010066785 0.040952289453085 0.0314199130724659 0.033620135557175 0.0510627549762029 0.0537361920645261 0.0619548636118049 0.0710236760895157 0.0669988629474565 0.0651583813211967 0.0455567438076008 0.0374380275193213 0.0371955540218695 0.0369060456309927 0.0430542087775377 0.0294912628695777 0.0144218521437051 0.0210772147843667
-9999 -9999 -9999 -9999 -9999 -9999 -9999 -9999 -9999 -9999 -9999 0.0811964271354201 0.0823544112954638 0.0828886965465152 0.0833766871540065 0.0826345932398758 0.0771336042613669 0.0833463783455875 0.0682355117184971 0.0471511472789285 0.0510234420880004 0.044418180484793 0.0515590136022197 0.0553558311859257 0.0492027320668332 0.0623876791464785 0.0656197521844956 0.0646833483033348 0.064230452180704 0.0625680759241818 0.0641176683255697 0.0590526451387771 0.0535674584672906 0.0486270568683249 0.054487810163426 0.0567874872436418 0.0492223682966134 0.0332098614947905 0.033822899562383 0.0384481288117358 0.0530067331912711 0.0627754501771749 0.0525907234829423 0.0590806698089262 0.0600431040047998 0.0423512536257746 0.0335527904509732 0.0361826682518657 0.0392659617404892 0.027881409297326 0.0272733002175153 0.0236258715934078 0.0185870268366082
-9999 -9999 -9999 -9999 -9999 -9999 -9999 -9999 -9999 -9999 -9999 -9999 0.0835458113789585 0.0830947776424157 0.0833811157410138 0.0826107249906829 0.0831752028267198 0.078867929499012 0.0765947391071496 0.0588414084081635 0.0497759492440717 0.0346861580704362 0.0419957085182375 0.0334141390736856 0.0413428641258519 0.0645757867105374 0.0663082753266899 0.0583917117614475 0.0618430672541243 0.0655694042090953 0.0665762179493651 0.0628002662191687 0.0544520285223615 0.0568266925822107 0.062194784886554 0.0628594861805174 0.0462907066268812 0.039637275457938 0.0451852783371413 0.0540423458042644 0.0637340045044349 0.0712021180684845 0.0780148951826357 0.0514805343187142 0.0521616124808695 0.0432207781328809 0.0414286400479394 0.0416293818000336 0.0378488309379099 0.0389327248002172 0.0325187375869863 0.0254301205685457 0.0140751307735956
-9999 -9999 -9999 -9999 -9999 -9999 -9999 -9999 -9999 -9999 -9999 -9999 -9999 -9999 0.0829795279812165 0.0819186750991045 0.0816710201589374 0.0769853556766801 0.0819361062594973 0.0737742024977693 0.0642017448726459 0.040170122981642 0.0368718348456419 0.0375394613970765 0.052508595644067 0.0638822615871997 0.0614138408259338 0.0560713975132878 0.0680959430777792 0.0652167414464142 0.0656041605679915 0.0615894293720771 0.0594798858415631 0.056934753035799 0.0555227813571181 0.0538447798959908 0.0460847526912149 0.0434098950014461 0.0470599595284495 0.0674056890819748 0.0648882273318511 0.0704295111529603 0.0752865979682075 0.0650272599523293 0.0488756307345211 0.0510633301289426 0.0498096080315748 0.050845989658723 0.0381263479147045 0.0340780207466124 0.0367585250183942 0.0295600051731804 0.0198194693046445
-9999 -9999 -9999 -9999 -9999 -9999 -9999 -9999 -9999 -9999 -9999 -9999 -9999 -9999 -9999 0.0805892710631239 0.081385492448931 0.0757573957299193 0.0835069568459134 0.0787205311483014 0.0724286846454569 0.0407874678872209 0.0393662588791033 0.0345616737498835 0.0467521733240152 0.0604152219708122 0.0674395218054525 0.0698839406017834 0.071302569767821 0.0648088856129197 0.0638774921148614 0.0629196142038174 0.0572242791458666 0.055893878474305 0.0506201920798525 0.0491348923685719 0.0453356338270156 0.0464972284651037 0.0544886174072786 0.0641931542915581 0.0690773096720404 0.0727038010768428 0.073014718047491 0.0620012110643572 0.044591829261176 0.0394214867617774 0.0481617861077811 0.0491470491461396 0.0437189180482013 0.0397910306714891 0.0362465824994434 0.0343949317513608 0.0309726785818897
-9999 -9999 -9999 -9999 -9999 -9999 -9999 -9999 -9999 -9999 -9999 -9999 -9999 -9999 -9999 0.0816310328792048 0.0710770341633443 0.0757695834249658 0.0827270166461356 0.0794858558975001 0.0726780385355549 0.0470164907416072 0.0394664325626813 0.0428228574787122 0.0553323247069863 0.058758522149092 0.0634757760542966 0.0655525010005554 0.0655123000333311 0.066795194505984 0.0605019925925511 0.06329287016344 0.0561782715147742 0.0516990863213077 0.0465408420436412 0.0364026424559603 0.0400035076867293 0.0515354489734919 0.0560734164729051 0.0647108878542587 0.0763016812859563 0.0736069414013605 0.0726018324741931 0.0642534179772126 0.0503639534563369 0.0549446057045975 0.0463619640695751 0.0346291733734174 0.0445886015415288 0.0448550215884265 0.0409247610029583 0.0398295903503616 0.0379764838042312
-9999 -9999 -9999 -9999 -9999 -9999 -9999 -9999 -9999 -9999 -9999 -9999 -9999 -9999 -9999 0.0815863536046711 0.0720445178969782 0.0761144780606112 0.0817043502589035 0.0819441592359716 0.0726230263635707 0.0492436459976903 0.0424511045078127 0.0439321577587989 0.0463974074675068 0.0528088227688269 0.0642959147809997 0.0653184819146558 0.0639594627245127 0.0674971247591098 0.0671841418869558 0.05906318879991 0.0556595834925277 0.0541702534038442 0.0458238999712205 0.0420506531361363 0.0383258993396444 0.0439276852827658 0.0536506127956768 0.0566112771770504 0.0750182377709908 0.0791880036905552 0.0736303917471105 0.0745388145090819 0.0660386092858725 0.0507125374094282 0.0443888851216535 0.040865816834894 0.0427949962321089 0.0404041876566681 0.0456564754377937 0.0497111357533405 0.0386061590306496
-9999 -9999 -9999 -9999 -9999 -9999 -9999 -9999 -9999 -9999 -9999 -9999 -9999 -9999 -9999 0.0810843789167506 0.0734030386519885 0.0765483686568081 0.0805134744990751 0.0828964806646204 0.0798503392557587 0.06599075665606 0.0533036037199639 0.0445058665492238 0.0443169932450235 0.0486415255992887 0.0590759465907827 0.0682498639041598 0.0661918501833273 0.0688791570908288 0.0669708279446588 0.0661373452225011 0.0605921033868753 0.0572082496077227 0.053478302379099 0.0487651978327183 0.0469013665032492 0.0488679074070152 0.0578952436509065 0.059188008833268 0.0636737686091045 0.0698498281848459 0.0649366517954031 0.0662971707843733 0.0624940821317293 0.0536339598123026 0.0524336913605952 0.0447797265542603 0.0460680439247413 0.0423866024576169 0.0463013039856673 0.0475090477117409 0.0465883889428049
-9999 -9999 -9999 -9999 -9999 -9999 -9999 -9999 -9999 -9999 -9999 -9999 -9999 -9999 -9999 -9999 0.0734529513922342 0.0768071226627308 0.0779969511249913 0.0826108140229211 0.0805509091647239 0.0654399635030204 0.0590471915162126 0.0462810417250374 0.0492318790042379 0.0501210129488059 0.0582345674761415 0.0626412998321831 0.0704809593975256 0.0618830916375109 0.0639417937253023 0.0632845039803911 0.0586383612279352 0.0568063951356433 0.0544311575324827 0.0521483518698171 0.0518232530735154 0.050572098403904 0.0616329871643392 0.0626566143805008 0.0620169298349165 0.0668550339512597 0.0683913382744229 0.0617778270510238 0.0537372993055463 0.0502927380165846 0.0493541405439728 0.0488551930052714 0.0505064310551097 0.0471159112026785 0.0524167356236152 0.0441242240934874 0.0491089516763665
-9999 -9999 -9999 -9999 -9999 -9999 -9999 -9999 -9999 -9999 -9999 -9999 -9999 -9999 -9999 -9999 0.0726590788881584 0.0772942471121858 0.0778607840041936 0.0810558085539916 0.0828054091618416 0.0766992033597013 0.0662892395625839 0.0551635702196274 0.0549872135980547 0.0632083818712678 0.0682683247119038 0.066132094614279 0.0588381279002721 0.0613848902626423 0.0710467592847212 0.0653450391011451 0.0608596528763025 0.0587330668022379 0.0568050243989308 0.0555121831053281 0.0608165301604714 0.0579131059129092 0.0611012403739929 0.0609325727739198 0.0598056274454755 0.0677560440955206 0.0629343835469146 0.0535027841191983 0.0501452118725419 0.0468315873154211 0.0507224129704469 0.0499636777735426 0.0496541204813013 0.0468936914531278 0.0468661654961241 0.0503046750335722 0.0431197020909243
