data/pcas/pca_proj_current/PC15.asc
NCOLS 494 
NROWS 529 
XLLCORNER -117.166666666667 
YLLCORNER -55.5 
CELLSIZE 0.166666666666667 
NODATA_value -9999 
[rows 456 to 479 of 529, columns 265 to 317 of 494]
0.0124915089233219 -0.00808420585995595 -0.000194278546568976 0.00344926616631494 0.0267485995964997 0.0283486010573525 0.00965695369122893 0.0234389344949738 0.0423447017927253 0.0484505658445439 0.0504038930132307 0.0542253741305532 0.0679478413003952 0.0652922801695052 0.0685303847208141 0.0738438202789202 0.0745819615014394 0.0774187218320902 0.0748842876644537 0.0743848428743961 0.0754742810982152 0.0802946729505526 0.078572333814403 0.0743947449848722 0.0783044937836525 0.0799100848821584 0.077412575753271 0.0772899483332197 0.0800647193537058 0.0821703736242922 0.0766038148086619 0.0745037056655511 0.073406075978298 0.0718707660139597 0.0691375575668207 0.0704606623564682 0.0710850356545772 0.0716125541532031 0.0725312185524454 0.075148821066328 0.073400532951912 0.0733959226537654 0.0733600422275157 0.0738763219588123 0.0608654058831599 0.0638741664690325 0.0633115618626019 0.0582566761685568 -9999 -9999 -9999 -9999 -9999
0.0194088211406063 0.0178691099221051 -0.00979227299568127 0.00545608110465935 -0.00845789609944156 0.0353092613939968 0.0281194878563725 0.0385920586714767 0.0287608139507824 0.0425402696008287 0.0465962973616776 0.0537942558055783 0.0586661667693204 0.0635749387135503 0.068914569294134 0.072660549072448 0.0738183098399001 0.0746804033261314 0.0768227430604393 0.0756624607647936 0.0757484320531636 0.0786730691455664 0.0822483265139946 0.0770376874747763 0.0735293763607656 0.0772814964191259 0.0771510243008328 0.0814841077123179 0.0775964703970364 0.0817856664343005 0.0820709079768744 0.0793531439376843 0.0764231855483241 0.0750292083737807 0.071939086474459 0.0746130154610099 0.0690643631779594 0.0682105164893289 0.0699500999487146 0.0748881730962605 0.0718730239295635 0.0703002173741147 0.0732748635843978 0.0739298312672574 0.0658209242117355 0.0660087645988656 0.060009345575129 -9999 -9999 -9999 -9999 -9999 -9999
0.0193501660912243 0.0165330958828285 -0.00159993590033362 0.0101308755977607 0.0296101720129116 0.0118140458512117 0.01031816165144 0.0140327562961141 0.0319682997386625 0.0359132471260372 0.0397351846156976 0.0492330842609044 0.0556449475151492 0.0640039949597361 0.0734622202288191 0.0728623602102188 0.0801749052720886 0.0762717450772128 0.0760117264062865 0.0748499677156926 0.0758161478345033 0.0781296652717085 0.0822086104339164 0.0785204711049803 0.0747054222781882 0.0711103444772089 0.0778307650748756 0.0810835377218671 0.0815168603805365 0.0812764507592562 0.081969829593102 0.0825514771116012 0.0746316536112173 0.0720927328267144 0.0721638611628042 0.0740603156013152 0.0749036773160797 0.0725366276798731 0.072508407170823 0.0732794748770821 0.0788292264477669 0.0791146284134417 0.082824540969673 0.0714730911718446 0.0734106914667389 0.0693246727794069 0.0682382799091644 -9999 -9999 -9999 -9999 -9999 -9999
0.0318188523154909 0.0290295210990872 0.00952832391374452 0.0280977653829036 0.032769781233794 2.43910730279183e-05 0.00667002631370016 0.0186717026614994 0.0248047515595476 0.0349742694618315 0.0430300079333072 0.0486583921231653 0.0590431505355545 0.0613165357645915 0.0696384271237773 0.0711778295472353 0.0699047429551563 0.0716701848949343 0.0718667108357625 0.0783995971590382 0.0778445871141756 0.0777951741428917 0.077908346259349 0.0717193917663823 0.0723491467488975 0.0747542282537602 0.0750754312537481 0.0770649491095604 0.0797747053898858 0.0785336850945791 0.0831863942588873 0.0817603354320652 0.0734005175343451 0.0743398479952063 0.0719984911146407 0.0737931611123293 0.0717714227229585 0.0728526262860742 0.0762929598047367 0.0771321872990853 0.0774848845521019 0.0845221409466879 0.0804751479137909 0.081886836988255 0.0787660185075169 0.078583782941762 0.0746536782241579 -9999 -9999 -9999 -9999 -9999 -9999
-0.008913874805332 0.00302112743785916 0.0176195827207187 0.0268268759144137 0.0334652320481412 0.00481510941999458 0.00121290989982753 0.0177869895544564 0.0186635243324986 0.0329613438647289 0.0419685156429757 0.0456924480288404 0.0546030126733305 0.0614138800837978 0.0687779792391229 0.0684629290607011 0.0751090404226784 0.0679283379788478 0.0676246058938927 0.075297902390296 0.0751345824018584 0.0777569317611961 0.0789370688703116 0.0756235464840539 0.0762856038358972 0.0760881251236884 0.0753555967873176 0.0777312872301967 0.0751710170646723 0.080554737819797 0.078348555841237 0.081793135633436 0.073235498266821 0.0736952953958191 0.0705881142425141 0.0710278063041456 0.0738870165787472 0.0748619998326076 0.0758518996515128 0.0794549310674654 0.0824342300647206 0.0859429984135654 0.0864536880014504 0.0842274437258093 0.0794277648924697 0.0817866393260768 0.0809876293074887 -9999 -9999 -9999 -9999 -9999 -9999
0.0302891415588345 0.0153187740557691 0.017915049169541 0.00999390843240395 0.00836516641881548 0.00909113012024178 0.0303331309603463 0.021572720370903 0.0190966883589052 0.0224549508607441 0.0341649329669155 0.0445738524002661 0.0517694868886355 0.0613092252304063 0.0683755637654393 0.0681044262969737 0.0749215536508233 0.075283141417117 0.073513314095449 0.0799374354144698 0.0772847484660404 0.0727439914340416 0.0795351223685215 0.075878997442545 0.075168146336809 0.0760258829290582 0.0734105632821127 0.0776323596025304 0.0736263524540765 0.0750151757127418 0.0760170139791034 0.0796167296060332 0.0755037314232274 0.0753241662663606 0.0737172386619203 0.0734191828423959 0.0740976247429643 0.0774018836743865 0.0821852116399425 0.0849487309342398 0.0853814689828227 0.0826322432928965 0.0817094973004472 0.0817508233612382 0.0856695981769563 0.0780876385226862 0.0745876620150795 -9999 -9999 -9999 -9999 -9999 -9999
0.0242045695219722 0.0283775711755602 0.0328390346501184 -0.00403648123842034 -0.00224648505123303 0.00873886620723301 0.0104913429820515 0.0182043830355993 0.0223414977994421 0.0377682118132173 0.0451686328747535 0.0467886383474726 0.0537965952910698 0.0612460674504076 0.0629782972842396 0.0655435641646524 0.0678500668422814 0.0728498802274328 0.0754806985632107 0.079057654694896 0.0788711128243915 0.0731626455375043 0.0798111821630404 0.0746893310140303 0.0731393466540897 0.074225631382086 0.0785566833373734 0.0788537035119674 0.0787948071532028 0.0771457940350408 0.0802992430702856 0.0797801419812932 0.0748437819754102 0.0748670783412648 0.0758737358230462 0.0788281097728934 0.0758782521070899 0.0803530536656605 0.0833370328878287 0.0876183909189475 0.0801411432198311 0.0807486505441096 0.0766909047523255 0.0776475791184258 0.0803411038490659 0.0759259133998896 0.0727946587524418 -9999 -9999 -9999 -9999 -9999 -9999
0.0229795572229741 0.02578332565081 0.02180056857243 0.0195457668627587 0.00633762542669158 0.00792541114734297 0.0106503836974158 0.0135112227417022 0.0273783069867113 0.0357742093192634 0.0402499359520461 0.0522126553777424 0.0579287063508189 0.0607364332865364 0.0656414235387119 0.0661039044840341 0.0738959990395915 0.0709861751085526 0.0725327112160514 0.0763292503321972 0.0725897325934889 0.0729987883607189 0.078301436857611 0.077958233149765 0.0786141014160772 0.0764340820406022 0.0784420735986858 0.0767778269626548 0.0791275292578803 0.0789951943796835 0.0824810713419637 0.079456112931561 0.0771811521910624 0.0738355194886326 0.0758835604047109 0.0759427082470918 0.0758867523372908 0.0786930179753894 0.0858225814492508 0.0807829589471149 0.0823040934312784 0.0785420565598023 0.0775612406512013 0.0763072378864554 0.0771684867922623 0.0739754277223827 0.0697067235870379 -9999 -9999 -9999 -9999 -9999 -9999
0.0225526569063766 0.0151898034975347 0.0195138946622857 0.0234301432110024 0.0239433081459666 0.024789409225082 0.0191592680051362 0.0275751553411894 0.0356612898431343 0.0438651967595491 0.04777114352813 0.0556204033240739 0.0576640947963815 0.0621251089420672 0.0682362408330002 0.0735907949041708 0.0667539066621999 0.0782202519274411 0.0715080187241079 0.0749225639678226 0.0758524389593685 0.07450209920194 0.0787107330376362 0.0766263038804283 0.077800881856912 0.0751594821281263 0.075973722979439 0.0770206584744428 0.0747989465487353 0.0755726111822487 0.0806802527541817 0.0789749255201403 0.0739249105869256 0.0748282041043758 0.0781937313337693 0.0808241996816436 0.077308293862378 0.0773714133355262 0.0817901539801555 0.0812910890971627 0.0774774709429963 0.079115254321193 0.0766644013758329 0.0712134700766905 0.0718641419477647 -9999 -9999 -9999 -9999 -9999 -9999 -9999 -9999
0.0127728656201879 0.0167358994347888 0.0151197286720429 0.019834904058879 0.0271743571139315 0.029434753248289 0.0292212382127419 0.0342306556754107 0.0370971486967465 0.044863201766599 0.0473086863405473 0.0580907694678886 0.0611589967909192 0.0615960370849469 0.0697964258826119 0.0706977314245146 0.0737221326318151 0.0784746300172462 0.0766301045226109 0.0764285118031544 0.0738392682955066 0.0755499657913264 0.0755217361356146 0.0772314048055496 0.0767962648327958 0.075200688712935 0.076169399788319 0.0718547114621133 0.0759864900034869 0.0759758116241842 0.0786049947499554 0.0760229103590739 0.0820352330213278 0.0755870447205573 0.077389180307957 0.0745221667067274 0.0796660672162538 0.0777514857680829 0.0820189539873857 0.0776392446240462 0.0798260286880227 0.0731402029921418 0.0768548861872833 0.0717452878014152 0.0739719582819799 -9999 -9999 -9999 -9999 -9999 -9999 -9999 -9999
0.0217831766011254 0.0259040921127396 0.0166294959822934 0.0241224750911694 0.028024764349667 0.0292028783659861 0.0334310745298706 0.0388468662828716 0.045997303270235 0.0431175077698239 0.0491277473510768 0.0619623384195131 0.0660029776052877 0.0710071223790588 0.0690169044055153 0.077261633966495 0.0770714161673882 0.0817260412897262 0.0770735698059358 0.0774840643543447 0.0762333843939784 0.0749081489710743 0.0787278039686364 0.0766237697365002 0.0756920770691902 0.077308647566476 0.0745805620116507 0.0719422765793154 0.0780059642486198 0.0782282206196094 0.0751920322235656 0.0753509329320886 0.0784962329061132 0.0756881077580045 0.0817805116252607 0.0769569735406273 0.0795260931551668 0.0744327386145694 0.0787325927249727 0.0784285186209785 0.0818612478715611 0.0763410969202598 0.0765526985040805 0.07359206009037 0.0711685898084489 0.0700468386348996 -9999 -9999 -9999 -9999 -9999 -9999 -9999
0.0129702805465511 0.00717022781974873 0.020054708588306 0.0269456034892762 0.028008449733425 0.0313783225152559 0.0410889234145935 0.0426266235684796 0.0509259336665067 0.0538445960844651 0.0602510454638329 0.0641522220969039 0.0732995967941212 0.0743360464819909 0.0740659487020432 0.0745851050811873 0.075442367631634 0.0824861358609818 0.0829737586903958 0.0803236229198169 0.0798717519282362 0.0760754455657317 0.0790644475598359 0.0771246859840557 0.0747195270625591 0.0725158358812088 0.0756983250764957 0.0748887151110574 0.0720792274329825 0.0718423121291091 0.075035101593554 0.0787455840007677 0.0765875740770846 0.0763633820912497 0.0813329118882763 0.0768740890005063 0.0757971356184469 0.0787957838198444 0.0778016685194056 0.0751249708809798 -9999 -9999 -9999 -9999 -9999 -9999 -9999 -9999 -9999 -9999 -9999 -9999 -9999
0.0109624701874677 0.0128496711214503 0.0149302835611744 0.01667601698181 0.0284952650757405 0.0356582934149284 0.0465019581873277 0.0488505374625043 0.0553702853618228 0.0571551907025563 0.0658481126563561 0.0724324862491546 0.0734839776668842 0.0780791803347078 0.078042241546232 0.0839180444238618 0.0833567842337991 0.080706775972383 0.0802312806331285 0.0809877285731087 0.0780416533275936 0.0714668571763545 0.0800158223517707 0.0807244554663356 0.0805236246798541 0.0815819456374315 0.0786453243718356 0.074651102902556 0.0714949463703536 0.0784358604561499 0.0780851402265754 0.0775528858570013 0.0736920874227096 0.0801895367776986 0.0797747705836273 0.0766894549491497 -9999 -9999 -9999 -9999 -9999 -9999 -9999 -9999 -9999 -9999 -9999 -9999 -9999 -9999 -9999 -9999 -9999
0.0100929958097529 0.0132963231783948 0.0202116165129112 0.0125087471494947 0.025787729505826 0.0210201287545171 0.0345803384146887 0.0455762972687277 0.0416902316268355 0.0479731692659295 0.0578979958367123 0.0619098000806888 0.0695962938377495 0.0718360180756004 0.0728333130956083 0.0815314415045134 0.0763930345635858 0.0763124521988486 0.0757822583270281 0.0737912887622073 0.0756897910558197 0.0727609604021959 0.0819045226974557 0.0849621048877408 0.0811789231889525 0.080041161937128 0.0804042245319838 0.0736155417897116 0.0772879270242054 0.0714717412863677 0.0736136729105381 0.0746021636748306 0.0765830899920906 0.0777628248604785 0.0751078458793371 -9999 -9999 -9999 -9999 -9999 -9999 -9999 -9999 -9999 -9999 -9999 -9999 -9999 -9999 -9999 -9999 -9999 -9999
0.00979263482517738 0.0200086053360395 0.00866536612589494 0.0155200022496762 0.0276722462059583 0.0276550805148374 0.0274522506137513 0.0507928842158621 0.0729795586120609 0.0736960102839705 0.0706881400278983 0.0694694372084875 0.0789048400739201 0.0822333983139907 0.0793454608893757 0.0795062757521067 0.0798099246265901 0.0733722014093422 0.077019717382175 0.0767680552849149 0.0783300920519587 0.0770109199807478 0.0757226097839906 0.0789122599578455 0.079330754870536 0.0805717136552481 0.077714722205424 0.0732609813265722 0.0790643365293607 0.076743940654907 0.0762618058574746 0.0768604976216334 0.0732198536836547 0.0721578847044891 -9999 -9999 -9999 -9999 -9999 -9999 -9999 -9999 -9999 -9999 -9999 -9999 -9999 -9999 -9999 -9999 -9999 -9999 -9999
0.0454834218459986 0.0261255762876759 0.0474659089780299 0.0355294538677627 0.0431943932476684 0.0482444533461132 0.0469552532749129 0.0326042026927405 0.0442373767265161 0.0539138710814284 0.0627421269611906 0.0780457839402287 0.0800510014332496 0.0802398459850177 0.0752904069743864 0.0777266026847416 0.0749406037248443 0.0738983070384951 0.0735952133471465 0.076463303909719 0.0720286031475124 0.0791991712975104 0.0731107027625194 0.0767480714109707 0.0769673292036183 0.0707690068093524 0.0718345833948787 0.0728082725625855 0.0744514067078937 0.0709679204906953 0.0739946729490092 0.0762064766826061 0.0756007455633711 0.0786484467035989 -9999 -9999 -9999 -9999 -9999 -9999 -9999 -9999 -9999 -9999 -9999 -9999 -9999 -9999 -9999 -9999 -9999 -9999 -9999
0.0313108081383958 0.0362550320093809 0.0286155869977282 0.047896330247399 0.0529061552580719 0.0539718905569389 0.0732507592934795 0.0734948318984943 0.0699609238116119 0.0725294331710951 0.0724200888580269 0.078839845236433 0.0764749792694226 0.0796131696773161 0.0786806393490674 0.0757995339429576 0.0725411406549115 0.0743821567470513 0.0719227253670326 0.0754616859543523 0.0760612246392051 0.0729304892398943 0.0723492907577244 0.0719557697057286 0.0711135817639972 0.0672392199708495 0.0675667881193324 0.0725366569149597 0.071682755965221 0.0768713703739358 0.0766127615170484 0.0803182847214612 0.073549703635951 -9999 -9999 -9999 -9999 -9999 -9999 -9999 -9999 -9999 -9999 -9999 -9999 -9999 -9999 -9999 -9999 -9999 -9999 -9999 -9999
0.0484193139160222 0.0368469688072673 0.0693595779506949 0.0554287051318633 0.060353257670429 0.048052296014152 0.0583765567856854 0.0619209880274924 0.0530054665555218 0.068193398087651 0.0748826747746344 0.0791940793628021 0.0808165302836499 0.0751284267212084 0.0788032149164191 0.0790425791244989 0.0772568364247322 0.0765191690785721 0.073647681880557 0.0771876352174206 0.0784436796616987 0.0792033976070549 0.0729613617858697 0.0693508642740157 0.0648190883935056 0.0651410558721974 0.0659997658536371 0.0718533524727757 0.080010388345454 0.0801451395973988 0.0771517508755503 0.0816292997076976 0.0795869832893729 -9999 -9999 -9999 -9999 -9999 -9999 -9999 -9999 -9999 -9999 -9999 -9999 -9999 -9999 -9999 -9999 -9999 -9999 -9999 -9999
0.0537203077636617 0.0259329786419343 0.0617023858162929 0.079574821476559 0.0776975087548383 0.0763101315386973 0.0507957975184596 0.0623133105786326 0.0677766879158748 0.0837029619732822 0.0854152847693589 0.0851989952838222 0.0832338659876113 0.08350844892373 0.0840843399621058 0.0810045815257253 0.0753226974966058 0.0674529787002892 0.0715096554042722 0.079403777519894 0.0826909574554803 0.0765799482910367 0.0717926932836633 0.0666979215436899 0.0665613681764613 0.0655786431092668 0.0636352487454532 0.0719891337852277 0.0767863752845574 0.0773704880661213 0.0794008523295215 0.0763777986919884 0.0816472556862065 0.0751347351085194 -9999 -9999 -9999 -9999 -9999 -9999 -9999 -9999 -9999 -9999 -9999 -9999 -9999 -9999 -9999 -9999 -9999 -9999 -9999
0.0684056798343236 0.0499113283859002 0.0521586938264907 0.0619258187324014 0.0584944009710723 0.0730699993829749 0.0838105878899128 0.0742971516627 0.0695795430214221 0.0877358194826821 0.0879157393796982 0.0886831353120496 0.082736825101841 0.0817096048920604 0.084071183568647 0.0827553427230477 0.0701581629254752 0.0681534699408947 0.0678732145959003 0.075165210639612 0.075930151637203 0.0803642501744773 0.0763673599391231 0.066027714560116 0.0633236149993382 0.065603270702533 0.0623861799512781 0.0674805462714436 0.0723693330667602 0.0708780925266299 0.0735521278174327 0.0791593721315224 0.0823846124464454 0.0771936917904998 0.0777111557206236 -9999 -9999 -9999 -9999 -9999 -9999 -9999 -9999 -9999 -9999 -9999 -9999 -9999 -9999 -9999 -9999 -9999 -9999
0.0581514595515007 0.0512141142164179 0.0499919214378411 0.0659262488626018 0.0769315216504569 0.0874731913039837 0.0841552497797676 0.0906444595335446 0.0895022491830053 0.0790264251167347 0.075553865075717 0.0764564906929853 0.0811329250061335 0.0791987086796698 0.0784181274486513 0.0713433678343235 0.069467643744501 0.0757672211103359 0.0677624687608369 0.0747205933100097 0.0789076989672396 0.0837890895378724 0.0764252234969503 0.0683489413282022 0.0594078608710629 0.061405466246076 0.0603087665231189 0.0688185436979509 0.0719963117159438 0.0710682635190099 0.0742192868726231 0.0729152515695558 0.081158475155208 0.0804236246393405 0.0784436703910547 0.0781933393759778 0.0797599011328696 -9999 -9999 -9999 -9999 -9999 -9999 -9999 -9999 -9999 -9999 -9999 -9999 -9999 -9999 -9999 -9999
0.0700851803294913 0.0607020123961121 0.0885705982738091 0.092307598723865 0.0821897342269655 0.0745241236450503 0.0713522867679072 0.0609632685817051 0.0733946869558068 0.0773374872663311 0.0840619983744643 0.0787643559538024 0.0796730043743659 0.0825067721415084 0.0832151401343642 0.0689980993345695 0.0793687522670955 0.0810514470605724 0.0837231893502599 0.0807677545828041 0.0766581669871954 0.0737521247841833 0.0606375156200542 0.0541841080702526 0.055006501737455 0.0588951442278305 0.0676443156804325 0.0660833774996516 0.0670205561643149 0.0724949017490761 0.0731874012998179 0.072570123614872 0.0739204533982521 0.07441588291525 0.076946620055596 0.0778307275127491 0.0776328065148724 0.0778219619711116 -9999 -9999 -9999 -9999 -9999 -9999 -9999 -9999 -9999 -9999 -9999 -9999 -9999 -9999 -9999
0.079532302577597 0.0646668822402087 0.0796525100084897 0.0756415360226775 0.0800512533987137 0.0892559582530726 0.0673565387242547 0.0586912608724491 0.0616933304117324 0.0820581020193057 0.0768628790775213 0.0788363582672998 0.08190545286437 0.0780991195828029 0.0724303544127637 0.0755276834103468 0.080304435202945 0.0777261207382015 0.0864030273377976 0.0869144158402456 0.0732395907701822 0.0697077400814366 0.0630822330766932 0.0592410373949975 0.054042646961238 0.0562779105123927 0.0631945845995024 0.067119549702979 0.0682928331348332 0.0733375856574496 0.0805288415620348 0.0776849265453338 0.0821902910913318 0.0807918593832252 0.0783390596944844 0.0781826931245647 0.0770216075033845 0.0753619584205349 0.0729092437065197 0.0719269063740885 0.0717388436875193 0.0684391378646975 0.0652882257021367 0.0664363319136952 -9999 -9999 -9999 -9999 -9999 -9999 -9999 -9999 -9999
0.0840242193596187 0.0716448923750639 0.0760868798388238 0.0798850790436977 0.0853266355332983 0.0802303597766499 0.0842771893660547 0.0757882470820997 0.071886156745733 0.0694761014868995 0.072743407255745 0.0721447516005883 0.0692836807481226 0.075496176308594 0.0712629239690509 0.0688163680587491 0.0833530990978106 0.0759706291588509 0.0756550248620675 0.0917829874892734 0.0892230273192413 0.0769776168102574 0.0719095478330362 0.0580950543108555 0.0592153948375912 0.0687897312279571 0.0691459484509562 0.0711466782352135 0.0740255233212727 0.0726345379331071 0.0750014378076468 0.0764560839057439 0.0819154951258975 0.0813307739534687 0.0765640565284093 0.0747673612510867 0.0706228514534894 0.0753691556389079 0.0735340429666347 0.0699934621317726 0.0738948681125578 0.0734528459674314 0.0699145508929826 0.0696997766551904 -9999 -9999 -9999 -9999 -9999 -9999 -9999 -9999 -9999
