data/pcas/pca_proj_current/PC15.asc
NCOLS 494 
NROWS 529 
XLLCORNER -117.166666666667 
YLLCORNER -55.5 
CELLSIZE 0.166666666666667 
NODATA_value -9999 
[rows 144 to 167 of 529, columns 212 to 264 of 494]
-0.303762797939018 -0.26628712124112 -0.267125207409187 -0.336664498054343 -0.385268486996785 -0.26698558194766 -0.18411857100115 0.160022037306551 0.160405478524217 0.178307966073011 0.187594508394964 0.176690814450899 0.250915756669911 0.0758365766197971 -9999 -9999 0.16720413413165 -9999 -9999 0.187504285796511 0.192094086498204 0.205260638154683 0.238742977311657 0.166032959684134 0.139099172455685 0.0124067993454446 -0.0140745401505157 0.144392098555299 -9999 0.228482334827313 0.217394131094318 0.156834844655142 0.159458120551269 0.13240428003721 0.17206845339652 0.148609364407057 0.174929704629134 0.132701992176386 0.176165419097192 0.155363952965635 0.126664717047153 0.118213604137847 0.153263389454157 0.174745213515997 0.143694045273277 0.161907235567335 0.133357147258933 0.155502160818901 0.112759783975105 0.0569580600373269 0.160462781439844 0.0793402409001915 0.0691318479409652
0.219889153207213 0.179313835168815 0.178485506916705 0.138722411265322 0.101021127142374 0.141351971223206 0.187624154956061 0.20084187794477 0.154330231550159 0.165981124269364 0.162358473201607 0.245102759198686 -9999 -9999 -9999 -9999 0.0701450590270688 0.164033582523296 0.264290251933571 0.181992313767975 0.218677699281436 0.202135373427338 0.207206910038385 0.19510481563153 0.205996251346081 0.198999211864977 -0.0391785247726131 0.0197414068010686 0.154656645967648 -9999 0.0953097197541753 0.0908960080590376 0.135505770877904 0.159120977911669 0.153399080559002 0.169418600840162 0.16915631755473 0.158375059893542 0.160069201590342 0.153812143302211 0.132419296661606 0.130642950064104 0.151833727138577 0.195586804506003 0.14726600487181 0.156025493315432 0.117302031988242 0.170780376305739 0.11170791613098 0.0818747729970539 0.14140906074015 0.188167206669353 0.102507757156378
0.258133983287988 0.206865506346544 0.175941975047621 0.170715485156888 0.142719477837278 0.145768157723503 0.176767736751604 0.130052404364522 0.210102376577247 0.229238882594135 -9999 -9999 -9999 -9999 -9999 -9999 0.142154192662291 0.188799541596866 -9999 -9999 -9999 0.233681800221833 0.164227646631639 0.209316384328022 0.258720450160906 0.181860231400126 0.233631209165266 0.0991351011112167 0.168876017829759 0.148893351769075 0.095585420525044 0.0898816803800473 0.0945834959133094 0.0971992581798515 0.191473688143309 0.18016019584889 0.140529598867765 0.131692057351969 0.176832711287082 0.188955003901107 0.193624094736007 0.186428665552329 0.206078126439736 0.189255930820244 0.200821819114716 0.0726997506042777 0.0876950755772189 0.14322895351177 0.183130582911942 0.19358557800253 0.036178650830536 0.0443474341420659 0.107702711373528
0.0901685839028433 0.22208172512416 0.150785445140283 0.140144413715949 0.2117949709142 0.17946496051975 0.146925070077422 0.145628075248073 0.166170084526087 -9999 -9999 -9999 -9999 -9999 -9999 -9999 -9999 -9999 -9999 -9999 0.260941784591659 0.129066103747692 0.0142910635744117 0.0916035214944331 0.215283676842378 0.208796829941689 0.251988339021606 0.224091954883376 0.206847227260106 0.212497002834829 0.164130774016738 0.116713985151999 0.135740477699714 0.131632370236402 0.127453286999808 0.0991260239075577 0.141433095069281 0.208810277568987 0.200180651869281 0.181401935236133 0.137129757389428 0.188402752050306 0.259217978468059 0.260555700690915 0.231762194937196 0.082249317159172 0.0668893941335153 0.224988127240868 0.175248181218589 0.170771861975135 0.0221802504271991 0.0382569664021315 0.0237863330063845
0.187254006164823 0.197798467348016 0.204647367615651 0.139416039425553 0.161337091028789 0.223079048781715 0.173170831505318 0.155916212965183 0.12338159592452 0.145198533419927 -9999 -9999 -9999 -9999 -9999 -9999 -9999 -9999 -9999 -9999 0.0900120104917839 -0.0712138107192161 0.0512211274597411 0.0468893568243918 0.0543524195655992 0.20354954376615 0.114645289357612 0.261429697472038 0.204346244629058 0.277169635785099 0.244669484502818 0.162973946932693 0.114448196572654 0.148035115833461 0.0746700172557551 0.148376800942333 0.176836629948632 0.185435407248598 0.170373982503584 0.158426764629845 0.136320771963767 0.153847399038012 0.267959167161476 0.176274709977105 0.181694560291525 0.0623009892893391 0.0624719016525453 0.160555018675272 0.152434421854832 0.112453005792239 -0.00512378947504724 0.0161151227802239 0.0363209189211953
0.187868683888693 0.169120825763357 0.251544830544935 0.160500804367155 0.0506065225578086 0.185229611415912 0.217553566220312 0.159307183366138 0.112689032141239 0.114437196702141 0.146380635863801 -9999 -9999 -9999 -9999 -9999 -9999 -9999 -9999 -9999 -9999 -0.167681441071497 -0.0359953419427486 0.0698661051181436 0.101931553735036 0.242184852008283 0.161310697050195 0.229430029293712 0.319658657965768 0.25887155105867 0.244875319547828 0.155282150144375 0.0393869071156968 0.110246284559039 0.0653731852111384 0.180213101188911 0.134917148322684 0.191487923583904 0.148960736758323 0.168454137467124 0.133169490608589 0.159506310666225 0.26223103118267 0.222712788079081 0.128384772271932 0.077743658541039 0.0693647773516769 0.0687698041762355 0.125649854008226 -0.00541915891958345 0.00491992343357341 0.00460783590638655 -0.00233244872601095
0.170613120851554 -9999 -0.0266944375233573 0.0805607787815993 0.0021870201150277 0.204189260763165 0.209455162008832 0.163339905313665 0.124825820543563 0.119599478627467 0.107796571557867 0.265437558018037 -9999 -9999 -9999 -9999 -9999 -9999 -9999 -9999 -9999 0.229145946716735 0.18896210509762 0.150554732154932 0.298841813130617 0.272454220815579 0.216984707375363 0.295993795818094 0.232098239907029 0.288055174140907 0.245257064789078 0.0985000303133581 -0.101061556309221 -0.0187208715169903 0.0346405360114559 0.000754042870727225 0.0488706679190031 0.110024559964141 0.10376546968594 0.173079551071194 0.107829355167583 0.108011454490576 0.282431121150737 0.231623083660268 0.125035095813108 0.0753058544724263 0.04064436739094 0.0595124291481926 0.0813267235295635 0.0445614110020325 -0.0346599493374255 -0.0289769294273322 0.0227738540109244
0.224074752795036 0.0864957572273259 -9999 -0.0640132228069426 -9999 0.180109551912706 0.170536151648462 0.140097724113164 0.0839448469281738 0.133616650200722 0.166079982535606 0.211814632354571 -9999 -9999 -9999 -9999 -9999 -9999 -9999 -9999 -9999 -9999 0.233168419580788 0.223324909847122 0.302358457186188 0.334868470999516 0.226302327583548 0.364544674185665 0.297120851034283 0.282428708192294 0.177573728759528 0.17366580802198 0.038598628263668 -0.0804739128418429 -0.114044236962932 0.00211683520443735 0.0716271317534165 0.147743380003542 0.172295447957119 0.16396130647994 0.162412292181995 0.249151789398784 0.234510775690383 0.190518966394709 0.118886002796033 0.0784110127768585 0.0158834782765074 0.120353314071125 0.00554529600387989 0.0448780404094148 -0.0326237324839446 0.0215455750454107 0.0157489811513884
0.22035347454005 0.00873090768073977 -9999 -9999 -9999 0.203798325677827 0.195641799018405 0.238888956723249 0.161361112715965 -9999 -9999 -9999 -9999 -9999 -9999 -9999 -9999 -9999 -9999 -9999 -9999 -9999 0.345632956306191 0.239325908748246 0.324988755721799 0.347571565789584 0.394586908276762 0.308804306877294 0.238219064951401 0.162598648002741 -0.0519479677349067 0.0980549182169619 0.0164283681907266 0.195373686851452 0.149411644708431 0.127548730300997 0.0553955966508509 0.077253928090752 0.100597022327958 0.0875235576667178 0.03933961347996 0.163282926389076 0.196675252938596 0.150868874684587 0.10090121215998 0.129286526412412 0.0462558076646906 0.151772675833548 0.0395233050708703 -0.000420460338697061 -0.0340725813076954 0.0292886700039934 0.0346082151180807
-9999 -9999 -9999 -9999 -9999 -9999 -9999 -9999 -9999 -9999 -9999 -9999 -9999 -9999 -9999 -9999 -9999 -9999 -9999 -9999 -9999 -9999 -9999 0.266428891296276 0.371055122091689 0.276156827370618 0.371389003965238 0.265256341504803 0.0505908469623012 -0.133534516905254 -0.135920044881717 0.0341849856217346 0.0991636751430681 0.122118146364152 0.102699737993414 0.0328103130467792 0.0878996493437353 0.082408924194584 0.0388513282849507 0.0686241472906484 0.0375300737185597 0.0428462258189888 0.062523452828949 0.134277899219095 0.117160216953436 0.0867905014983162 0.130087762254861 0.0860829613780998 0.0284685107516154 -0.0157665569256718 -0.0276295283590636 0.0560638903465297 0.0605403588517915
-9999 -9999 -9999 -9999 -9999 -9999 -9999 -9999 -9999 -9999 -9999 -9999 -9999 -9999 -9999 -9999 -9999 -9999 -9999 -9999 -9999 -9999 -9999 -9999 0.330487726720515 0.198575438772676 0.19471856572197 0.0212740799936818 -0.0579929303038709 -0.117246556936518 0.0522029314442046 -0.0226112783941799 0.0126725984457976 0.174006524535096 0.163723262877943 0.075662310321111 0.101322351995269 0.049031121340016 0.0519318639937737 0.0806215006210838 0.0189750409563402 0.0101327706546739 0.121025578875797 0.0804322264323061 0.139020920067101 0.0957270034011084 0.0589398960503741 0.0850887011418644 0.0209181740940376 0.0213937662569024 0.0329672615781257 0.0939316181204653 0.0735497159518707
-9999 -9999 -9999 -9999 -9999 -9999 -9999 -9999 -9999 -9999 -9999 -9999 -9999 -9999 -9999 -9999 -9999 -9999 -9999 -9999 -9999 -9999 -9999 -9999 -9999 0.160484670774487 0.103590735619583 -0.176761548658228 0.0713100840153748 0.0257426201319075 -0.0242055442752861 0.010875091418284 -0.00846692148550099 0.12134102501152 0.126829085075279 0.0858663850731121 0.0790169565541276 0.0088180378631807 0.0301683339373687 0.0536205982894125 0.0771203003111851 0.00343450866320368 -0.00894658252505159 0.029442743435446 0.0766620723249026 0.078094772091294 0.121862842999108 0.0300991210324076 0.0428312686528065 -0.013201328673129 0.0362604314421282 0.102889183448963 0.0743141886269874
-9999 -9999 -9999 -9999 -9999 -9999 -9999 -9999 -9999 -9999 -9999 -9999 -9999 -9999 -9999 -9999 -9999 -9999 -9999 -9999 -9999 -9999 -9999 -9999 -9999 0.366140938339889 -0.0328400522672223 -0.090680955263889 -0.0913902490537156 0.0629639214415887 -0.24684116178094 -0.0587599189285322 0.17829492528883 0.189921309184841 0.0888969929656892 0.0942662690937781 0.0954212354309863 0.00670859832955226 0.0399664150031889 0.0371165422607738 0.0304544614324904 -0.0432680277210252 0.00581584652812973 -0.0197880911235571 0.0411912680214018 0.0761859129297146 0.102154888604858 0.00927432816742107 0.00199399371929152 0.096610614147895 0.0705865282945988 0.0704654861349946 0.0743292967835076
-9999 -9999 -9999 -9999 -9999 -9999 -9999 -9999 -9999 -9999 -9999 -9999 -9999 -9999 -9999 -9999 -9999 -9999 -9999 -9999 -9999 -9999 -9999 -9999 -9999 -9999 -0.0415349131251779 -0.450795873706009 -0.0353522971759813 -0.0569849253388023 0.084113276256899 -0.178517632244408 -0.001868327548964 0.141844001459023 0.0674142502356994 0.125101277440805 0.107916677824606 0.0641580569537812 0.0801756177132218 0.140205505739444 0.114800902951646 -0.0026460019430227 -0.0565411850971183 0.00103849522912178 0.0837089350523882 0.128900993140115 0.0955237394653833 0.00240544599696866 0.0447384868951616 0.040186434934238 0.0956145104757301 0.0769610619777422 0.0618768823141432
-9999 -9999 -9999 -9999 -9999 -9999 -9999 -9999 -9999 -9999 -9999 -9999 -9999 -9999 -9999 -9999 -9999 -9999 -9999 -9999 -9999 -9999 -9999 -9999 -9999 -9999 -0.111257520811351 -0.452175544109827 -0.114575961070038 -0.24871094359378 0.11601462499731 -0.0867088612516465 0.0747521985440977 0.147990062152946 0.0962961444920409 0.100803372497827 0.145410287970633 0.0994672564161543 0.0828022166078714 0.116955359855901 0.152742877851543 -0.000647137519342001 -0.0266942743181357 0.0202301480979952 0.0719441633329169 -0.0543521544080756 -0.0025665731885748 -0.0176599207725186 0.0509722128104734 0.060619809174044 0.00361283677468824 0.0373358699467218 0.02648780595166
-9999 -9999 -9999 -9999 -9999 -9999 -9999 -9999 -9999 -9999 -9999 -9999 -9999 -9999 -9999 -9999 -9999 -9999 -9999 -9999 -9999 -9999 -9999 -9999 -9999 -9999 -0.039349991892464 -0.243962879112192 0.0824786855112902 0.187281835132704 0.162800264095912 -0.0611537157896573 0.0786881601501718 0.193943944659714 0.172313720077055 0.0864029343341538 0.104309434828615 0.0830896295854554 0.0103899576273815 0.186331798055382 0.0973783443635878 0.0586175994721311 -0.0486868372553517 0.071300234841759 0.0125351847670743 -0.080014551242014 -0.0150882478485555 0.0081941295449826 0.0735549400969121 0.0672873214552651 0.0926931157854597 0.0527650561640254 -0.0265045166660588
-9999 -9999 -9999 -9999 -9999 -9999 -9999 -9999 -9999 -9999 -9999 -9999 -9999 -9999 -9999 -9999 -9999 -9999 -9999 -9999 -9999 -9999 -9999 -9999 -9999 -9999 -0.0860347899412364 -0.0896068876046701 -0.165715986081744 0.0867308022191066 0.0814462531059683 0.101716409011437 -0.00648283932768536 0.0908561648492768 0.170562237302045 0.154223739811435 0.146583736009673 0.0717319480315398 0.0951675323686084 0.175835641784379 0.0313652390455604 -0.0480639680483956 -0.0414361243018906 0.0141126181232933 0.0111653359035271 -0.0244900729668124 0.0200745916521012 0.0224649748948929 0.093796536354283 0.105525327232971 0.0823074728423943 0.0326914509591766 0.000984458878472943
-9999 -9999 -9999 -9999 -9999 -9999 -9999 -9999 -9999 -9999 -9999 -9999 -9999 -9999 -9999 -9999 -9999 -9999 -9999 -9999 -9999 -9999 -9999 -9999 -9999 -9999 -9999 -0.211469486270244 -0.272763870436165 0.265659153192191 0.0235705472286886 -0.0273819196538663 -0.00479376656727349 -0.000197288503472642 0.11634152134803 0.120250288637099 0.101820062965042 0.13526280939908 0.102804774554259 0.15612220276352 0.056883572771966 -0.045500996395408 -0.0174204725598817 -0.00250727555642323 -0.0475420296938511 -0.0157940424069755 0.0143336138229522 -0.00801104254539407 0.0197236553884445 0.0287882847231608 -0.0145143250217283 -0.0327531476910695 -0.0287659955009979
-9999 -9999 -9999 -9999 -9999 -9999 -9999 -9999 -9999 -9999 -9999 -9999 -9999 -9999 -9999 -9999 -9999 -9999 -9999 -9999 -9999 -9999 -9999 -9999 -9999 -0.311000185176957 -0.0986305862249338 -0.271559358171769 -0.164311094543805 0.316027266627195 0.123653394732442 0.109469918386262 0.070703077008192 -0.0423162875178816 0.092848560118347 0.104977969579425 0.152046457862604 0.104024123855105 0.059692855814905 0.0824452676424348 0.0206827229393236 -0.00332843110548601 0.000556824676788147 0.0363261286785025 -0.0155905002586713 0.0146438366149959 -0.0163797886673735 0.0111992157652643 -0.0182591398832963 0.0326568583100671 0.0454903003785481 0.0444193391857964 0.04177141103795
-9999 -9999 -9999 -9999 -9999 -9999 -9999 -9999 -9999 -9999 -9999 -9999 -9999 -9999 -9999 -9999 -9999 -9999 -9999 -9999 -9999 -9999 -9999 -9999 -9999 -0.44232967341957 0.000120567202803995 0.0549482370701541 -0.296050279852042 0.0925592483264746 0.157920053906263 0.202661227247995 0.172375003715634 -0.115759658887199 -0.0416573488004727 0.0516813077470888 0.0504249657511798 0.1062255128283 0.0193179379910129 0.00619404277911572 0.0299629679750141 -0.029153628655433 0.0335320415349122 0.0152193953441742 0.0142608688986531 0.0584347537123723 -0.0201191490318142 0.0254397014057303 0.013587158061003 0.0357344213006957 0.067397728012801 0.0380079104246567 0.0509781774767802
-9999 -9999 -9999 -9999 -9999 -9999 -9999 -9999 -9999 -9999 -9999 -9999 -9999 -9999 -9999 -9999 -9999 -9999 -9999 -9999 -9999 -9999 -9999 -9999 -9999 -9999 -0.0675560325469377 0.123945023043504 -0.0945792301207207 -0.00629309298251583 0.114436497567147 0.156838826880109 -0.0396800499480214 -0.0158440357633884 -0.00205701372417037 0.0665736907883491 0.0803195757503433 0.10133420688088 0.072933709123823 -0.0187564119325891 -0.035000818193204 -0.00623103801758809 0.043099138354614 -0.0355014675986362 0.00693713767402117 -0.0407728980883833 0.0867612929054047 0.0171566895816819 0.0387561233533953 0.0620414295034993 0.030875713290417 -0.0164132213187192 -0.016832339440858
-9999 -9999 -9999 -9999 -9999 -9999 -9999 -9999 -9999 -9999 -9999 -9999 -9999 -9999 -9999 -9999 -9999 -9999 -9999 -9999 -9999 -9999 -9999 -9999 -9999 -9999 0.0199498959646293 -0.176059343357227 0.0110878251652963 0.125232218311519 0.110785070826431 0.265827178805732 -0.0846505676477509 -0.0533690604442944 0.080920343166316 0.117592908880446 0.142210345452322 0.0639975057844451 0.0719732367563996 0.0532916278443401 0.0161487590474113 -0.00179424091424144 -0.010925786949987 -0.0753911646345988 -0.0495064940447566 0.0363629864144918 0.0211167821506075 0.0169249353980298 0.0316854034997004 0.00701129799969018 0.00282633504949575 -0.0665840770052107 -0.014061520138524
-9999 -9999 -9999 -9999 -9999 -9999 -9999 -9999 -9999 -9999 -9999 -9999 -9999 -9999 -9999 -9999 -9999 -9999 -9999 -9999 -9999 -9999 -9999 -9999 -9999 -9999 -0.150327077730767 0.00538669820141854 -0.181623735129802 0.121565347547314 0.062089787428639 -0.0114496668417568 -0.0599725542089145 0.00670420479478633 0.0449182543842075 0.191008745825065 0.0360201389027606 0.07081224695671 0.0734278481944266 0.0541196562602712 0.0706753831568304 -0.047207557529178 -0.0401517566286779 0.0151239884652089 0.0571393526045758 0.0401712150995338 0.00528336673375455 0.0332175682083014 0.021976305798658 -0.00288119126849696 -0.00343280360657176 -0.0812231215650712 -0.0358439470804339
-9999 -9999 -9999 -9999 -9999 -9999 -9999 -9999 -9999 -9999 -9999 -9999 -9999 -9999 -9999 -9999 -9999 -9999 -9999 -9999 -9999 -9999 -9999 -9999 -9999 -9999 -0.113791157642117 0.113642853956001 0.0682006356799695 0.127088873895116 0.182708762398889 -0.128253577917777 -0.0764311832768479 -0.00320209210676815 -0.0121396452380983 0.179323406686834 0.022915378205244 0.0897219051270075 0.0180860932323832 0.0630754758129463 0.053192450585959 -0.0818192603229627 -0.0779553859029476 -0.0103895256434141 0.0421181682724384 -0.0168605054156438 0.0232876885778506 0.0064104156480065 -0.0447105951003277 0.0107123181410503 -0.0639038032522158 -0.0568375528125204 0.034637731708874
