data/pcas/pca_proj_current/PC16.asc
NCOLS 494 
NROWS 529 
XLLCORNER -117.166666666667 
YLLCORNER -55.5 
CELLSIZE 0.166666666666667 
NODATA_value -9999 
[rows 253 to 275 of 529, columns 424 to 476 of 494]
-0.0665741680922721 -0.0699142680491364 -0.0706975861181162 -0.0738120067543008 -0.0773798580773249 -0.0721788171864918 -0.0748263490811932 -0.0721265953031893 -0.0660858532944462 -0.0713174033235453 -0.0769211634368296 -0.0898643668219955 -0.103177433452444 -0.112661956392643 -0.133996034937351 -0.149275963868782 -0.174028797735999 -0.200772957410092 -0.220397093354097 -0.236308678718055 -0.242394887177519 -0.243710440533944 -0.243194961404214 -0.239147797170884 -0.23558593716346 -0.223973272035891 -0.229710215346484 -0.244028155400716 -0.268945091790972 -0.286733379211775 -0.306672923964109 -0.313946364490439 -0.270287679988765 -0.250193533229152 -0.245253891210545 -0.205469251036914 -0.176998651529077 -0.148909832185818 -0.138230337013284 -0.134501247217679 -0.116586399692849 -0.10898711192706 -0.0979038943364696 -0.077629183182262 -0.0792349832635118 -0.093849903415285 -0.0920279060581393 -0.0742404926320997 -0.0638521573661204 -0.0670042863760269 -0.0571161705672636 -0.0311145616113776 0.00246941314200486
-0.0726055299619093 -0.0681874307645074 -0.0668198006756223 -0.0652486300611992 -0.07536394249729 -0.0683568818456048 -0.0721360382962103 -0.07090520795821 -0.0669202406406826 -0.0670975389341301 -0.0675086082483193 -0.0806505241595108 -0.0961830046601851 -0.108764015743114 -0.121810888520877 -0.145013374587408 -0.178593781442003 -0.200379736103978 -0.229669867443313 -0.244992456947775 -0.252036120932029 -0.25311257585988 -0.253288465959956 -0.245210700355143 -0.230825522402602 -0.236921656945363 -0.240376117207615 -0.242489147736813 -0.27414333322559 -0.287652800331261 -0.293244460735372 -0.280213027385187 -0.255051514292464 -0.239129756752478 -0.214176099529114 -0.194184021669184 -0.169282670818603 -0.1480894869693 -0.137080900698316 -0.133403334275273 -0.118249488263727 -0.106071886435776 -0.102673643019573 -0.0834706279569626 -0.0733524844516281 -0.0911848699998759 -0.0768617355200384 -0.0624895159376003 -0.0566827444963151 -0.0660350944189759 -0.05639584277446 -0.0403244067379581 -0.0165307357319639
-0.0696762739325471 -0.0738950527626054 -0.0707346191592672 -0.0654338056365309 -0.0711252907852866 -0.0676504674600272 -0.0732019955466804 -0.0749463450971596 -0.0707731736842861 -0.0701959654421342 -0.0672653977605188 -0.0748500562610768 -0.0874386924530849 -0.102727010666399 -0.129230289487207 -0.154663299265421 -0.178162592486338 -0.203935928760137 -0.227688228698758 -0.249020437237925 -0.260341062088117 -0.265101885218939 -0.260140110283626 -0.261786085556623 -0.248991272688869 -0.267683036569907 -0.2327685565277 -0.221368586519201 -0.226250513248675 -0.235216324217931 -0.235985339419725 -0.232969979748898 -0.216409282939328 -0.204129848380297 -0.194365612340507 -0.178904238168241 -0.161803790877631 -0.14267252744858 -0.133842800439264 -0.122477908940027 -0.0992282164762595 -0.100550243271338 -0.104119329927635 -0.0927637763382729 -0.0838799508073809 -0.0918526378367049 -0.0765373044772315 -0.0518345363950031 -0.0397367450005172 -0.0518597940250697 -0.0448941270455642 -0.0357127457156111 -0.0223692152383526
-0.0704604416601571 -0.0706790856976572 -0.0733633872381757 -0.0684387325766585 -0.0723613096964753 -0.0703947256685907 -0.0663764510023062 -0.0632771387333541 -0.0659153276597665 -0.0554105815121878 -0.0595326349740534 -0.0720260218456136 -0.0843171022542347 -0.105493687980604 -0.129483634012377 -0.14861136777798 -0.174026113276802 -0.200639293464391 -0.226926783696432 -0.249339851449456 -0.264271856524608 -0.280962180510491 -0.278579751989935 -0.276864703237321 -0.271862926480718 -0.256097947504022 -0.227138563696556 -0.209921562035425 -0.214438597296891 -0.22537938674791 -0.226508335384187 -0.210458513121075 -0.194366520430282 -0.189855549909273 -0.193058476561345 -0.179536054037367 -0.159587867607074 -0.135294986591431 -0.124602180033799 -0.116425957855667 -0.102912678875609 -0.0957103623009121 -0.0847855299395245 -0.0759437021689228 -0.0761667717521235 -0.0895828022054903 -0.0691065219582358 -0.0589124766470136 -0.0503678030867 -0.057239341781771 -0.0345692296291979 -0.0113208374328642 -0.0130416515686993
-0.0662926585281114 -0.0717113097008308 -0.0765063791390815 -0.0684449923007011 -0.06652492149643 -0.0669800151701527 -0.0601413038377975 -0.0499777770844363 -0.0498014767162434 -0.0440231915570658 -0.049516776869817 -0.0620434317455399 -0.0757484436078672 -0.0935836229883986 -0.11150546181699 -0.137688495340232 -0.172459759549086 -0.199498073093753 -0.227691165098694 -0.258294618038474 -0.267988494525111 -0.275135378112875 -0.278909325915365 -0.279813027703509 -0.264135750064651 -0.248095207551611 -0.229491159766891 -0.216617603265285 -0.210979170687677 -0.202793518806915 -0.199537098443507 -0.195629611890442 -0.180117786368618 -0.180677500119769 -0.186725256635125 -0.177300593665648 -0.150840241005355 -0.11863108369494 -0.105261987018839 -0.109413559393259 -0.106802205198451 -0.0869069058774582 -0.0464556629549837 -0.0403875007257598 -0.0604064002504003 -0.0757053948153233 -0.057046303535057 -0.0550802088958359 -0.0469238384274576 -0.0560968617589833 -0.0480547673990409 -0.0394044146505937 -0.0191311612639178
-0.0637318846885381 -0.0691500058801235 -0.0707849705833104 -0.0693186842328274 -0.0700174235824724 -0.07236964927761 -0.0627674287234666 -0.0402082496712028 -0.0330790093608972 -0.0349847117367103 -0.0483038861079208 -0.0544070481567481 -0.0640731051352713 -0.0730434384852335 -0.0964369403289706 -0.131649308460979 -0.166317689082636 -0.199777426094681 -0.235285323548449 -0.270966501940685 -0.279856310627286 -0.274739464085365 -0.26647533320679 -0.260216210289556 -0.242596176201235 -0.23188840337047 -0.216496972315197 -0.204941462784939 -0.191364958050024 -0.182663309378696 -0.188177233083485 -0.172713268711277 -0.165393112544107 -0.175274187466159 -0.175137137702657 -0.15885142515581 -0.122104817538389 -0.102791906057038 -0.0985144300035999 -0.1158549035835 -0.112864435982082 -0.0846507246330984 -0.0422968651732653 -0.0261505865512077 -0.0549464517660781 -0.0742489079405838 -0.0743911873097982 -0.0695248646202445 -0.0603569378007041 -0.0539205023587775 -0.0581010733014442 -0.0453300847976505 -0.0297512039557468
-0.0663274477067407 -0.07029007023799 -0.0740598170585187 -0.0670061970845174 -0.0627076347222749 -0.0705502104378757 -0.0672665581823414 -0.0384826754488006 -0.0291187702606998 -0.0341568823533897 -0.0435672877490809 -0.0457466331923779 -0.0520517571635339 -0.0614652764259349 -0.0835392347463564 -0.121564066919264 -0.160724078794233 -0.209734492165155 -0.247109023042609 -0.269229518749582 -0.28187055368665 -0.286126632927151 -0.259013810082796 -0.229336271737112 -0.226733625247473 -0.214187288927509 -0.206527490384144 -0.196681570670382 -0.182532576665341 -0.17505556807953 -0.170307390301021 -0.162103492008762 -0.157335940672285 -0.169387548522244 -0.160940085153586 -0.144354545490631 -0.118037368167777 -0.108648763553824 -0.116089300062389 -0.123662708293291 -0.120023201331869 -0.0971539567181837 -0.0666262963956317 -0.0610877622680012 -0.0785158332506617 -0.0942940769671536 -0.0931703704673579 -0.0771395870905266 -0.0683140410422594 -0.0637616712437432 -0.0646457035713714 -0.0635831629978745 -0.0514684067696345
-0.0731400565036354 -0.0726433463468757 -0.0699580941949631 -0.0684042457138516 -0.070804098323368 -0.0691468699376537 -0.0744753560253714 -0.0541327314377466 -0.0367006460231232 -0.0320166784928599 -0.0329189921074566 -0.0321373934630295 -0.0396892332843461 -0.0531041989166317 -0.0744320207350969 -0.112485203243532 -0.160848375329932 -0.22616625852067 -0.252939979433268 -0.310696926203445 -0.327267625437056 -0.286939237917548 -0.244787932971159 -0.2113267928365 -0.214631084107587 -0.199203969142219 -0.197141265870397 -0.193313580029336 -0.184870439963491 -0.168766005598628 -0.163667292489868 -0.162393704925448 -0.158875407053514 -0.165298364662202 -0.164611722111832 -0.1411357780692 -0.110761513921742 -0.11930754453668 -0.126512245518607 -0.129372441154927 -0.115519308774313 -0.101501876067555 -0.0860078817004372 -0.0980312927835487 -0.0988728709177397 -0.110337401678096 -0.100627168989721 -0.0977460093786136 -0.0853223663711783 -0.0798417793797218 -0.0737906755353761 -0.0599320535432352 -0.0557404836119755
-0.0764801453672114 -0.0680333363794176 -0.0714932321904666 -0.078077478054038 -0.0765444162062796 -0.0785296051492394 -0.0779265082490505 -0.0654193613134158 -0.0501840237966854 -0.0353511408608523 -0.0255386517780035 -0.0171485360947773 -0.0268843017199392 -0.0491067325554957 -0.0745364906747221 -0.108655951767036 -0.157692661892605 -0.230244697223975 -0.278317963007959 -0.373941808178908 -0.384972770527326 -0.321103492896963 -0.259402307598775 -0.218966303247585 -0.196980425357036 -0.18741927687676 -0.187046639928198 -0.18602093955653 -0.180732033971023 -0.166242658263621 -0.163215409944135 -0.158910188511947 -0.159036678342139 -0.166139899831239 -0.156528583440669 -0.119606262905581 -0.104718397924875 -0.12634982172593 -0.132107682297019 -0.132335225798373 -0.125456497897148 -0.113545169126034 -0.110354034643832 -0.105446304836518 -0.096778240999846 -0.10199304877448 -0.101639824608265 -0.105900766183154 -0.0988291270963323 -0.0971554101606903 -0.0834045393944239 -0.0690793079460477 -0.0729972918437024
-0.0684554213365976 -0.0665417808809464 -0.0759827322937417 -0.0835590837210447 -0.0863934702202042 -0.0851948569449697 -0.0758495653198006 -0.0741438334379663 -0.0661678305714526 -0.0480664071751847 -0.0301671547024764 -0.0217518357897111 -0.0287035434470532 -0.0520400541244792 -0.0792907469552424 -0.108712443685548 -0.159239454871077 -0.235003189184238 -0.285288968910034 -0.384325295950149 -0.410441775004896 -0.343860880511428 -0.26288772544968 -0.193366884083896 -0.184696739275532 -0.181247760749887 -0.18013188662768 -0.18298178383654 -0.178499402753408 -0.166131570769687 -0.157267456467572 -0.149169449311669 -0.154645303305284 -0.15795644237077 -0.147935199306524 -0.112124849685398 -0.0953731847949589 -0.111492217741697 -0.129639551176335 -0.127229131388947 -0.117293991233936 -0.107880600206816 -0.110946887091521 -0.105987919841393 -0.0984722832525918 -0.094083575634968 -0.1005316168986 -0.104405210300767 -0.104356477187591 -0.096389450334194 -0.0867294426160004 -0.0856598478487356 -0.0878694959592449
-0.0725481568844807 -0.0786762095308503 -0.0803209244645977 -0.0925986441885037 -0.0887276783440293 -0.0905168446201182 -0.0890411436994185 -0.0853131463706377 -0.0716436066076617 -0.055906017529919 -0.0431799593278063 -0.0387776893231073 -0.0429914053926494 -0.0542142707060416 -0.0821473787883158 -0.114295681907995 -0.153918128675368 -0.212639405076537 -0.274315013444079 -0.331688712608036 -0.350584994104087 -0.309755567638438 -0.243925342193042 -0.175859059165456 -0.174485116177366 -0.168918536314475 -0.179281456735906 -0.180747100285983 -0.178106401974716 -0.170590248434848 -0.161331035768109 -0.136382522905178 -0.146293246726228 -0.149145450210156 -0.121584975346899 -0.122127202141692 -0.0914358987568672 -0.113445505025071 -0.122360526438965 -0.117735661919689 -0.104902398734497 -0.103157210580035 -0.0977966819358896 -0.0858477513936357 -0.0835118396043386 -0.084875532991059 -0.0758377484288486 -0.0792016817368229 -0.0901235503778974 -0.0923331688990496 -0.0913100504040523 -0.0934233124854465 -0.0925995145784557
-0.0771427308983363 -0.0757762592415276 -0.0823275380309644 -0.0826670789277981 -0.0938294074290511 -0.0917327109467498 -0.0964646345996876 -0.0923458387318556 -0.081798734349161 -0.0639638692343074 -0.0600925034380335 -0.0553540781155147 -0.058607904092758 -0.0652371671377153 -0.0860379546827724 -0.112140559133333 -0.144431798590106 -0.182691957605841 -0.221633282870642 -0.252997444627907 -0.275691759551901 -0.266427921246095 -0.21127113603334 -0.172444527740095 -0.158005084494893 -0.165376550385761 -0.159299478735901 -0.170268062876517 -0.167228779094979 -0.161108176722543 -0.153674960640973 -0.129317608426205 -0.127339945437317 -0.107401538385684 -0.100433876858736 -0.100061793055995 -0.0862442511158056 -0.109705896635988 -0.105871119729442 -0.0917739764723891 -0.0968670766341456 -0.0883902495400048 -0.0843475995347906 -0.0875456236022505 -0.0770470123739899 -0.0733138832554566 -0.0633940582053773 -0.0688061177250418 -0.0751650743092057 -0.0785258609932243 -0.0773074892253088 -0.087881816381509 -0.0876130342975374
-0.0878796892488093 -0.0843261071021795 -0.0841897136265479 -0.0867209181433566 -0.097259357515647 -0.0943315796233053 -0.0942494542578372 -0.0954735004930714 -0.0793460498221761 -0.0697305731699965 -0.0676511993468788 -0.0679631354851771 -0.0774587192505253 -0.0812003465369046 -0.093913409812394 -0.117854642427076 -0.137077968731949 -0.157156995740201 -0.173771945062218 -0.179047132993041 -0.206143470808183 -0.199103848049042 -0.16828091130213 -0.158818428219729 -0.144671867631022 -0.147179206247294 -0.145641721932136 -0.158408389963873 -0.156180221064527 -0.15751309071799 -0.14974278696921 -0.120160713084043 -0.122488474968071 -0.100790271657279 -0.104105524599937 -0.0921387291151579 -0.0890301206428715 -0.112555853952133 -0.0893755157063501 -0.0819843430574664 -0.0796954489002179 -0.0732984945478864 -0.073702902648635 -0.0645162467205416 -0.0556280848331055 -0.0479923192533596 -0.0500858171397307 -0.0477800887655155 -0.0441209609081246 -0.0568357065365178 -0.0670817412232938 -0.0810725604636227 -0.0914285860561739
-0.096150499208751 -0.088985695932512 -0.0896521888053731 -0.09524867396419 -0.106276924366405 -0.10383601979166 -0.0997155383367737 -0.0932896665451672 -0.0886438148827864 -0.0742733987804145 -0.0740563302233987 -0.0757059940755022 -0.0868935434551778 -0.0950471268051635 -0.108696346510236 -0.121411211672866 -0.137192112834898 -0.146203504934583 -0.156449794457773 -0.165258625424712 -0.175297350637783 -0.176464159477 -0.164066453906213 -0.156932175886667 -0.142404797672654 -0.136705844783149 -0.140603939063668 -0.146825094741502 -0.151174000797121 -0.156455201206928 -0.139301233537452 -0.12127404249981 -0.119948250975769 -0.0917558460249784 -0.0874895367532634 -0.0955996244789148 -0.0861523706391142 -0.0810043639126262 -0.0698491674264963 -0.0714816345611768 -0.0664584551069051 -0.0575123984747545 -0.052960391648022 -0.0516640364359434 -0.0336830540446703 -0.0236248461337606 -0.041690983655797 -0.0388147920982984 -0.0435138473159374 -0.0495834369878438 -0.0662281155350453 -0.0919434545087154 -0.0965495042466816
-0.0960830191079264 -0.0993142229343694 -0.104408424568859 -0.117686506335174 -0.122110056732166 -0.111583259102436 -0.110525247276897 -0.100659634817217 -0.0800660059730686 -0.0729115795875622 -0.0743093281671108 -0.08449405575719 -0.0951099796606723 -0.105822409842552 -0.115771364900663 -0.120536121342507 -0.128486878312169 -0.140918906604306 -0.147262688747967 -0.157746766608901 -0.165669130004077 -0.163869784370217 -0.15519327365738 -0.153111290128581 -0.151079182171438 -0.137441624483599 -0.134806421801056 -0.138066915436769 -0.141405420847827 -0.137216056960352 -0.123044954396065 -0.125832943987255 -0.123180704028029 -0.101296424898924 -0.0841716640890956 -0.0804978789273431 -0.0736943345177289 -0.0773807089011257 -0.0656229072410986 -0.0747803710412292 -0.0577768437363477 -0.0435250530801285 -0.0419596592426686 -0.036538442275956 -0.0163034175601382 -0.00857566532976506 -0.00914648046608471 -0.0237066378449326 -0.0410201056820887 -0.0582880366468631 -0.0915309810046168 -0.0994433634973872 -0.0995959081996114
-0.119334868152274 -0.118744866175077 -0.10754878698991 -0.12587343686045 -0.128204283227962 -0.115769632779441 -0.112164242597263 -0.101998773018159 -0.0842547993857164 -0.0779428424442425 -0.0796453323869561 -0.0901186709400949 -0.0975864035097789 -0.105175776791723 -0.117855432620855 -0.124440786635933 -0.129826507173807 -0.140670126514443 -0.14772133275056 -0.154421967196183 -0.154395477628724 -0.16580020522571 -0.15929209747332 -0.157218111932369 -0.153821800300974 -0.136427048450062 -0.134060490564563 -0.13643331495865 -0.135169805731893 -0.13102679625518 -0.121078032181715 -0.14023401404742 -0.148510877794091 -0.135665310451859 -0.104992827178412 -0.0871148940666744 -0.0764888108063282 -0.0706315626025278 -0.0743471748836011 -0.0711062241480922 -0.0396122407772488 -0.0275669740459931 -0.0187751836358147 -0.0103299925289941 0.00311969589007227 -0.00298447303431651 0.00185324066447387 -0.0165913812050588 -0.0413892884233275 -0.0744953960789193 -0.100340289447056 -0.102783289899274 -0.107698071594879
-0.115673938114098 -0.125130684285775 -0.140502941315661 -0.151755258078391 -0.130961183867019 -0.122438594109767 -0.109206029972496 -0.103109073276706 -0.0885919430263641 -0.0729589149769344 -0.0783164427852217 -0.087275623627165 -0.0975795478889751 -0.112876810916395 -0.126916894277082 -0.135419461575236 -0.138743383743125 -0.141159075159804 -0.146650842610121 -0.155037635870787 -0.156301274201102 -0.159844407482132 -0.172308676030772 -0.161381998655143 -0.159810483483985 -0.147146861124532 -0.135230968647016 -0.144359359976767 -0.138749398765497 -0.136782014645525 -0.136063626870204 -0.160826072416311 -0.161062264250974 -0.149517040976562 -0.128929921697664 -0.103230747402474 -0.0802839072310005 -0.0745643054739328 -0.0760856650595084 -0.0594418828397469 -0.0281508724108051 -0.0164102753007562 -0.00589764942205162 0.0124262672688651 0.000406070028091704 -0.00741457948074831 -0.0127433899697134 -0.0312193392527076 -0.0430936646839485 -0.0735265479240156 -0.0941205003418565 -0.0960908572764223 -0.110551156597428
-0.114830268052112 -0.136439576130298 -0.139644592755432 -0.149574951737818 -0.150666302052482 -0.140869442193682 -0.111291907926722 -0.105495870467805 -0.0883184963814102 -0.0711300996705146 -0.0722057244436539 -0.0825930104417785 -0.103201615649809 -0.123207498799003 -0.13833978235853 -0.148751325003996 -0.151289473109972 -0.147277412607541 -0.150828690929073 -0.15978596809686 -0.160165385993182 -0.157658039633183 -0.170396102358314 -0.170460463583036 -0.165352986748433 -0.155069386299925 -0.152521032467026 -0.14555203367899 -0.149078076446775 -0.148742136547931 -0.160012059723435 -0.16780676484394 -0.165811293662056 -0.171908853583357 -0.145354032960145 -0.116045596622481 -0.0905515670860425 -0.0825178282744238 -0.0807091562430453 -0.04798501977037 -0.0261939213103022 -0.00689455726555219 0.00828796779285662 0.00768812644274197 -0.0104122063786365 -0.0181487583780927 -0.0486057088617841 -0.0593635866290495 -0.068279615883713 -0.0875768071875701 -0.0943409451113467 -0.100496427311179 -9999
-0.110088865814401 -0.137166827180122 -0.135061222497493 -0.140337108524398 -0.14378589293893 -0.138942856796289 -0.114810504455126 -0.105846793180071 -0.0932248815553828 -0.0869030000283078 -0.0865160907423859 -0.09847357749474 -0.117197235279223 -0.134268868764713 -0.14534881050338 -0.161285471520121 -0.160497972158974 -0.163203383464093 -0.163288682997282 -0.166227524815913 -0.169153701289945 -0.160188515284383 -0.162356821897379 -0.169066617239373 -0.166941733192925 -0.153353339746995 -0.149957223967386 -0.136314182353229 -0.145992513656294 -0.148331870646356 -0.166543895574733 -0.177927054986566 -0.171774194223813 -0.175676094454717 -0.149928547169962 -0.12282081479055 -0.0966190151380838 -0.0807508730561616 -0.065891443888951 -0.0273469238373274 -0.00569677568455276 0.00998304684757378 0.0245252984315522 0.0117698198782743 -0.0103081344460922 -0.0366873728327918 -0.0807442227427188 -0.0979671761160226 -0.0904076643174789 -0.096710218898226 -0.106157369779063 -0.0970500889955131 -9999
-0.108487032961211 -0.135088515604169 -0.130996487134866 -0.135704573993221 -0.13949150577414 -0.118620453514326 -0.115462686324067 -0.109831376295417 -0.0952430573892988 -0.0951701250884777 -0.088870920638194 -0.102735524342131 -0.125971642646152 -0.145570189269062 -0.150772014712441 -0.16123283838378 -0.165021441513272 -0.174864658759823 -0.17788737114754 -0.172663375679052 -0.17584641162272 -0.164599529355752 -0.160107959174345 -0.167594071887721 -0.165547550863923 -0.147593120896836 -0.14272455974199 -0.128328158014544 -0.1389313585738 -0.142931280070855 -0.164070042085083 -0.188470672000596 -0.175294191563155 -0.186134757487739 -0.151159278739321 -0.126284394329449 -0.0923391175634445 -0.0641968710423587 -0.0514752235995577 -0.0316567160830902 0.000918765803591126 0.0396467433555981 0.0686340775861816 0.050225515226921 0.0117473698582819 -0.0232762113246883 -0.0527341565555423 -0.0961849064899018 -0.0971561747286646 -0.103693809580808 -0.111477544257263 -9999 -9999
-0.109717069745901 -0.126634541763755 -0.125845083410123 -0.132677558623816 -0.118982011838852 -0.118966849967677 -0.116688086039254 -0.110997974258495 -0.107472765934086 -0.104237114901883 -0.103814674300167 -0.115847338665798 -0.139260351392734 -0.151070170955012 -0.149825913244436 -0.158445097155025 -0.165766942789056 -0.174157916649832 -0.177020657314765 -0.18255932181639 -0.178969555473074 -0.163900644240711 -0.151524859803336 -0.157188345738702 -0.156132658914512 -0.147338516470006 -0.139908455245526 -0.127427628864726 -0.134333056299337 -0.144502130730051 -0.159704116220325 -0.192947524766792 -0.190533604441917 -0.198664354538642 -0.141964384688535 -0.115688694668475 -0.0847861203620901 -0.0580462373419831 -0.0410121515297028 -0.0171785012414816 0.0224029292627069 0.0735014121520627 0.104464537545152 0.0630300362504365 0.0192807203368358 -0.00884781515712588 -0.0314014000117789 -0.0840288710134503 -0.0998090397371111 -0.0902207066829972 -9999 -9999 -9999
-0.110322958267013 -0.102480020886253 -0.102566624339746 -0.109127900901628 -0.116173970216787 -0.121246816357055 -0.118881518734588 -0.11314488485612 -0.110005859915304 -0.107160014802758 -0.107994412841968 -0.110865989753216 -0.144697301313926 -0.153756132179725 -0.152045335807918 -0.160426229340505 -0.164905299265187 -0.171417580119151 -0.175358293677752 -0.179958445593434 -0.178550071322055 -0.160642369649141 -0.152446138690629 -0.153532378188081 -0.150371688184101 -0.147325612794445 -0.13721442299818 -0.123530222683188 -0.128703740436814 -0.14201703773885 -0.159613248249933 -0.177506866645421 -0.197344605647941 -0.19229913121088 -0.143082760165636 -0.1194552493216 -0.0814436824738569 -0.0505186913226685 -0.0260102976851394 0.00321134132737216 0.0567566911307149 0.100561360075358 0.105102819170476 0.0700372932773608 0.0263506278258827 0.00206208209936448 -0.0253683622471719 -0.069085004723881 -0.111092638318639 -9999 -9999 -9999 -9999
-0.101752666408213 -0.10205780714272 -0.104359298396355 -0.111082887755832 -0.112610408681682 -0.123501081061243 -0.119103372047151 -0.117751571206251 -0.114252664423487 -0.109747094478599 -0.1167183570342 -0.108880203047844 -0.128546323292362 -0.143542358927679 -0.155909425892028 -0.163533484560952 -0.17056127279455 -0.170228883678281 -0.162221487135344 -0.168872286799201 -0.172341338240773 -0.15418382961356 -0.143131366759884 -0.139773887790546 -0.148181204371915 -0.133980308607324 -0.131879768630159 -0.117614281944348 -0.127891178510506 -0.143998863876909 -0.153886241052203 -0.174383244769645 -0.200551131833832 -0.189542561371955 -0.148990134221367 -0.121532730897779 -0.0711683646241004 -0.0297559712915497 -0.00479388835955569 0.0312471429021595 0.0730103911865531 0.105681803482661 0.11751824403171 0.0765107243153216 0.0546226395038856 0.0235780360594591 -9999 -9999 -9999 -9999 -9999 -9999 -9999
