data/pcas/pca_proj_current/PC16.asc
NCOLS 494 
NROWS 529 
XLLCORNER -117.166666666667 
YLLCORNER -55.5 
CELLSIZE 0.166666666666667 
NODATA_value -9999 
[rows 69 to 91 of 529, columns 106 to 158 of 494]
0.0971751989906963 0.101894069786142 0.119402633350954 0.173162089271802 0.204219921942156 0.217776039234857 0.237884572604266 0.233767761134267 0.217275080338765 0.193170257807632 0.186463389167924 0.213364542681148 0.277367382179413 0.33441625804701 -9999 -9999 -9999 -9999 -9999 -9999 -9999 -9999 -9999 -9999 -9999 -9999 -9999 -9999 -9999 -9999 -9999 -9999 -9999 -9999 -9999 -9999 -9999 -9999 -9999 -9999 -9999 -9999 -9999 -9999 -9999 -9999 -9999 -9999 -9999 -9999 -9999 -9999 -9999
0.0627093328937644 0.0653593920490934 0.100539537664037 0.0798937586432036 0.127255641623734 0.151825414362356 0.197516951526322 0.193077154025248 0.170705840033922 0.156376135342074 0.162519194672231 0.204565899761236 0.27549379081426 0.30547760438694 -9999 -9999 -9999 -9999 -9999 -9999 -9999 -9999 -9999 -9999 -9999 -9999 -9999 -9999 -9999 -9999 -9999 -9999 -9999 -9999 -9999 -9999 -9999 -9999 -9999 -9999 -9999 -9999 -9999 0.351795430337344 -9999 -9999 -9999 -9999 -9999 -9999 -9999 -9999 -9999
0.0138494427420702 0.0209076149151531 0.0540940300794805 0.0723911159036574 0.0488972186992792 0.0815533376867 0.140668940964035 0.149269835258194 0.142406593323005 0.143888553912949 0.174305960159412 0.212787375125749 0.25043206862901 0.268715708284372 -9999 -9999 -9999 -9999 -9999 -9999 -9999 -9999 -9999 -9999 -9999 -9999 -9999 -9999 -9999 -9999 -9999 -9999 -9999 -9999 -9999 -9999 -9999 -9999 -9999 -9999 -9999 -9999 -9999 -9999 -9999 -9999 -9999 -9999 -9999 -9999 -9999 -9999 -9999
-0.00594095020056248 -0.0333609803786847 -0.0242550390041308 0.0224838058611441 0.0110594396572596 0.0104304022191994 0.0478669717742609 0.124842943076474 0.137528626438285 0.143524320632802 0.168993883461512 0.219563470606511 0.249481487214638 0.26284298732956 0.285048386021598 -9999 -9999 -9999 -9999 -9999 -9999 -9999 -9999 -9999 -9999 -9999 -9999 -9999 -9999 -9999 -9999 -9999 -9999 -9999 -9999 -9999 -9999 -9999 -9999 -9999 -9999 -9999 -9999 -9999 -9999 -9999 -9999 -9999 -9999 -9999 -9999 -9999 -9999
-0.0175623032309585 -0.0281509548326762 -0.0269817268183841 -0.0365625759648255 -0.0163436772578042 -0.0186901145716033 -0.0171946501829954 0.0464645216682129 0.0877670028871408 0.159196428081597 0.179567962381781 0.222824948900335 0.245990864981141 0.26834816546761 0.277279815988279 0.275646725234234 -9999 -9999 -9999 -9999 -9999 -9999 -9999 -9999 -9999 -9999 -9999 -9999 -9999 -9999 -9999 -9999 -9999 -9999 -9999 -9999 -9999 -9999 -9999 -9999 -9999 -9999 -9999 -9999 -9999 -9999 -9999 -9999 -9999 -9999 -9999 -9999 -9999
-0.0646665362287238 -0.056718718613132 -0.0572973307981737 -0.0624320075846746 -0.031271466382431 -0.0315597725207721 -0.047686238220439 -0.00100220429589057 0.0680453125048374 0.156489416965606 0.19959909762479 0.223846810842336 0.239559627322727 0.245172563886345 0.234065867019307 0.2379717058266 0.263770810637918 -9999 -9999 -9999 -9999 -9999 -9999 -9999 -9999 -9999 -9999 -9999 -9999 -9999 -9999 -9999 -9999 -9999 -9999 -9999 -9999 -9999 -9999 -9999 -9999 -9999 -9999 -9999 -9999 0.178901368247828 -9999 -9999 -9999 -9999 -9999 -9999 -9999
-0.0897251789917823 -0.0708214400255137 -0.0694523636907942 -0.0892219004869287 -0.103170579608784 -0.0814805229670349 -0.0540558267302318 -0.0344953905620644 0.0208089390825627 0.0814233083251336 0.18803122927579 0.215465723456213 0.229069748517669 0.235556611895057 0.224853851110977 0.237317595553321 0.252676949398999 0.237332301477127 -9999 -9999 -9999 -9999 -9999 -9999 -9999 -9999 -9999 -9999 -9999 -9999 -9999 -9999 -9999 -9999 -9999 -9999 -9999 -9999 -9999 -9999 -9999 -9999 -9999 -9999 -9999 -9999 -9999 -9999 -9999 -9999 -9999 -9999 -9999
-0.115642750857532 -0.0977366656787901 -0.0945293411159202 -0.100118106872793 -0.119466288411039 -0.107970480247261 -0.0662283476995276 -0.057048298486255 -0.0363112181803381 0.0140523154484539 0.0855412730027769 0.107420074325798 0.162511759825195 0.199826244662112 0.227557749894814 0.229221955129694 0.230398054361975 0.203501098318415 0.112365579773423 -9999 -9999 -9999 -9999 -9999 -9999 -9999 -9999 -9999 -9999 -9999 -9999 -9999 -9999 -9999 -9999 -9999 -9999 -9999 -9999 -9999 -9999 -9999 -9999 -9999 -9999 -9999 -9999 -9999 -9999 -9999 -9999 -9999 -9999
-0.116707676608152 -0.109159365534754 -0.0972894273326977 -0.103166420692996 -0.125445621187898 -0.133470106001132 -0.106046449074786 -0.0899137405968883 -0.0544782158005735 -0.0459471020571733 -0.0213689153473668 -0.0047041166670512 -0.0047209034940677 0.0649294665253325 0.152014521923522 0.106763376202599 0.16089891436053 0.167849146597765 0.0395460328411792 -9999 -9999 -9999 -9999 -9999 -9999 -9999 -9999 -9999 -9999 -9999 -9999 -9999 -9999 -9999 -9999 -9999 -9999 -9999 -9999 -9999 -9999 -9999 -9999 -9999 -9999 -9999 -9999 -9999 -9999 -9999 -9999 -9999 -0.00541602838612068
-0.136156296725079 -0.113239526045678 -0.106084466029066 -0.106835549427514 -0.113003079242482 -0.106635404754292 -0.095590556077222 -0.0921533730376861 -0.0973558423864484 -0.0897719370033228 -0.077148342149837 -0.0609264748088716 -0.0987791344974993 -0.0569921397557437 0.00690818094799747 0.0900738194625137 0.130607353255082 0.0680206512749413 -0.069527453883027 -9999 -9999 -9999 -9999 -9999 -9999 -9999 -9999 -9999 -9999 -9999 -9999 -9999 -9999 -9999 -9999 -9999 -9999 -9999 -9999 -9999 -9999 -9999 -9999 -9999 -9999 -9999 -9999 -9999 -9999 -9999 -9999 -9999 -0.00161844331083841
-0.15746919449977 -0.128975824589744 -0.121298677786686 -0.116653382787999 -0.126224278742932 -0.108893361788603 -0.100394731052542 -0.101892334724885 -0.107797544836104 -0.119009584982235 -0.125902030194401 -0.0865746212990583 -0.0941731012687578 -0.0869782086270153 0.0088449706524604 0.0929169093575869 0.0711658909952279 -0.0343278464903222 -0.117211654641776 -0.0851552721973854 -9999 -9999 -9999 -9999 -9999 -9999 -9999 -9999 -9999 -9999 -9999 -9999 -9999 -9999 -9999 -9999 -9999 -9999 -9999 -9999 -9999 -9999 -9999 -9999 -9999 -9999 -9999 -9999 -9999 -9999 -9999 -9999 -0.00449062509642914
-0.149913678147894 -0.148544405408342 -0.089638442040083 -0.0884713444204185 -0.113493883099446 -0.13228486762131 -0.118077553795307 -0.11343784798166 -0.110845448718965 -0.112075960638637 -0.105379757174296 -0.0986261098746821 -0.121321635741641 -0.0925937075599605 0.0137260389056083 0.0457305585135091 0.0277075184868229 -0.0385774448602328 -0.0593551767534615 -0.0374511137847817 -0.0484785179908107 -9999 -9999 -9999 -9999 -9999 -9999 -9999 -9999 -9999 -9999 -9999 -9999 -9999 -9999 -9999 -9999 -9999 -9999 -9999 -9999 -9999 -9999 -9999 -9999 -9999 -9999 -9999 -9999 -9999 -9999 -0.0162194366950642 -0.00890858627762164
-0.140967558564542 -0.161830751484139 -0.135041286326831 -0.0836354107126805 -0.0898043873914284 -0.173167391955318 -0.118223272100284 -0.13705910262847 -0.122949373231816 -0.136885086952396 -0.127388254242231 -0.131272555660734 -0.139068151008375 -0.146751251689608 -0.00451239314551655 0.00572620305555185 0.0125528969069453 -0.0189383159336058 -0.030127008250002 0.00802833897075902 0.0162301343142672 0.0368423050544849 -9999 -9999 -9999 -9999 -9999 -9999 -9999 -9999 -9999 -9999 -9999 -9999 -9999 -9999 -9999 -9999 -9999 -9999 -9999 -9999 -9999 -9999 -9999 -9999 -9999 -9999 -9999 -9999 -0.0118801636786702 -0.007447531391715 -0.00291915306742918
-0.0797346844190334 -0.0870662558507468 -0.0688919540462418 -0.0839331503260444 -0.0927906232047176 -0.143759498858428 -0.153243546433579 -0.128955725383844 -0.131731828096266 -0.134086186703726 -0.12527885890702 -0.146965131441699 -0.168043976424445 -0.10244269701337 -0.0275584648852591 -0.00998014989993201 0.0154051751637926 0.0102993271083616 0.0118607861613349 0.0128047653658632 0.0406759311106221 0.0474451152536464 -9999 -9999 -9999 -9999 -9999 -9999 -9999 -9999 -9999 -9999 -9999 -9999 -9999 -9999 -9999 -9999 -9999 -9999 -9999 -9999 -9999 -9999 -9999 -9999 -9999 -9999 0.0363219254072758 0.00642785164768869 -3.79932595150068e-05 0.000523157257791423 0.00147278621768837
-0.0619820878857469 -0.072438829410688 -0.080276724791919 -0.11287497117965 -0.129633497651624 -0.147665115557444 -0.151035692236535 -0.138556082266917 -0.139095027973055 -0.116512517655925 -0.109489852882645 -0.143312920757062 -0.133437462536724 -0.0162564085385409 -0.00413542982536511 -0.0144017118658567 0.0223056073701312 0.0153006572041523 0.0387704974491067 0.0378234686055463 0.0738585345071967 0.0898479282523695 0.117786227994482 0.129454959448416 0.145010809172519 0.167533935867709 0.179891313526589 -9999 -9999 -9999 -9999 -9999 -9999 -9999 -9999 -9999 -9999 -9999 -9999 -9999 -9999 -9999 -9999 0.0768840874380442 0.0871903823325276 0.0856769490791128 0.0591170112784313 0.0599956432932969 0.0420568695013765 0.0322046853873503 0.00337319783416082 0.000389553645933932 0.00197168531622413
-0.06320395672636 -0.0759406177231229 -0.0946700420047814 -0.132014693419528 -0.129232424593679 -0.146481508749127 -0.153712709934283 -0.146575001919796 -0.140348034121951 -0.10079367936885 -0.102914143288887 -0.0781289114078197 -0.0532041611900966 -0.0709669037083142 0.00600446181139289 -0.0098067389106041 0.0254881551441925 0.0397420557699075 0.0583543774339179 0.0741045824810811 0.0709472577838486 0.121383024383083 0.142582380876246 0.156397251343128 0.163564636394899 0.187306957253543 0.187947832050296 0.192117417042181 0.192727813714924 -9999 -9999 -9999 -9999 -9999 -9999 -9999 -9999 -9999 -9999 -9999 0.0723755535850478 0.0710498609435046 0.0718420081603766 0.0754626746693556 0.0804479239287432 0.0696722610394503 0.0267158192732202 0.0557848754848009 0.0478967448831635 0.0284635390680142 0.020064312817298 0.00924639653556097 0.0092898646194369
-0.0978783707865536 -0.112379078388221 -0.124965116784535 -0.184547007061973 -0.135228151587476 -0.1696398125564 -0.140108570004752 -0.138237781352486 -0.12052925117557 -0.0932151542738909 -0.0769686820317849 -0.0809955017394829 -0.0451833205128701 -0.0592520922080786 -0.000166443169963698 -0.00890649486764669 0.0310015637508851 0.0595622794539195 0.0688877375191503 0.0789624272253365 0.0750591935570344 0.101782674938238 0.15683678565654 0.176880011855779 0.151609950211059 0.165358890163747 0.194681310603157 0.200900489751993 0.202568400576999 -9999 -9999 -9999 -9999 -9999 0.119926476133563 0.118510399663437 0.100151029340319 0.0819508466909012 0.0866339294538856 0.0697363988830226 0.0616669270814179 0.0737359221037499 0.0674465574333279 0.0615558682073238 0.0511628879809754 0.0511283562805513 0.0330287505501598 0.0353505904139199 0.0427732149889251 0.0403978663450208 0.031141598196831 0.0272845053425097 0.0199375765291304
-0.100954331280986 -0.127832597495383 -0.132385533418906 -0.177434532456014 -0.167661501725925 -0.146468247670707 -0.13834113702315 -0.144457591877028 -0.148198963024523 -0.124407110544188 -0.0805853136564377 -0.0572379332716544 -0.0428011600646479 -0.102815376206245 -0.0379015643316437 -0.000656919155685137 -0.0139295029699498 0.0763435213880546 0.0786028027889119 0.0676169250056416 0.071852570766106 0.0973092304783905 0.135350334233253 0.154683004951237 0.157383659984594 0.180807098234284 0.17832888963716 0.15476335731192 0.200705000534842 0.22123522554782 -9999 0.151693074687731 0.120680758621499 0.0978966259104842 0.116093099165172 0.102715653126735 0.0838549890450418 0.0705001245090698 0.0712301418875711 0.0620309295644973 0.0565449121683582 0.0724047951133536 0.0704357712257457 0.0669368648682016 0.0663092944934175 0.0338480209794425 0.0157513623465899 0.0187133742520418 0.0356222787863462 0.0480082698538209 0.0497599407169786 0.0425104477751961 0.0223930093770157
-0.117421306488576 -0.128175076887362 -0.13728040231632 -0.190692179638984 -0.157305909304172 -0.144484097852311 -0.134995537608826 -0.142381268061028 -0.134268075282013 -0.114007327739741 -0.0667478925685896 -0.0631414666058691 -0.0475153989226661 -0.0541663193333082 -0.0706871968543022 -0.00408015486535007 -0.00354091131077672 0.036187679417772 0.0939104629163895 0.0741776433447909 0.0677892666738179 0.082432192672723 0.105244560857457 0.117070729423695 0.130250778918162 0.151337000445774 0.156460026835259 0.149835863635004 0.171323817113631 0.202193819458726 0.179249472202792 0.149335246002761 0.112124823936462 0.0892391520816806 0.101167336458101 0.109634142662742 0.104654495200648 0.081442035318615 0.0685997488561732 0.0569362459513272 0.0756682112297591 0.0731919490408515 0.068704755539245 0.0792681181836084 0.0742250464185487 0.037392082099931 -0.00163976129183901 -0.00143832309106634 0.0315726032391477 0.0436234269936834 0.0548855805608582 0.0466610550946085 0.0347216197110378
-0.130801030730472 -0.150132522779852 -0.155193156874 -0.174324191429048 -0.171298199757544 -0.149400486949389 -0.136605292268933 -0.126557852149194 -0.112324237886999 -0.084804388916979 -0.0746878397022939 -0.0742629813647578 -0.0679172632990765 -0.0274982300153059 -0.0310656734499179 -0.00323165797564856 0.00530668231342304 0.0189327548783869 0.0627347885057033 0.077451509230394 0.0776769776813083 0.0781592113109314 0.0961824644197409 0.111209665747087 0.11925207512315 0.119699989946734 0.125954247424147 0.138527971603765 0.168824261317319 0.202399024714039 0.186229098007125 0.162159928927085 0.119497677375586 0.103932451382495 0.109234988179777 0.118598095089384 0.106464627755655 0.0901566976018768 0.0798838097877397 0.0833121575656638 0.0821996065772182 0.0704762853765812 0.0583508293052477 0.0758421988558957 0.0850305045026229 0.0553366606992046 0.0295498443645442 0.0182447034665873 0.0353269360931682 0.0495706297579371 0.0615442213710758 0.0512669120479734 0.0423313357194464
-0.143067837385149 -0.162000311056298 -0.162284613508802 -0.167659371733949 -0.170642690750961 -0.128034898540596 -0.125193432039073 -0.124363867095109 -0.109935950773589 -0.0849449250730178 -0.0972055874139673 -0.0738282431927937 -0.0576739804740683 -0.0536816189384737 -0.0214064441864424 0.000352523966588358 -0.0024966318470647 0.0184028862562621 0.0464561671084362 0.066487779359721 0.0749798020093251 0.0733854166316027 0.070928265549556 0.074165237857933 0.0856540729430468 0.0889387290897556 0.100439694157796 0.133798490858552 0.159077375680662 0.20902075214067 0.200336467411373 0.176849109375521 0.146219526556494 0.134003145948553 0.128447658552475 0.130584226732236 0.123899039855103 0.1179673156445 0.107869253670214 0.0930020475885704 0.0866242882433315 0.0709756591367464 0.060406712730657 0.0702302509996581 0.0854671626909149 0.0857471909538832 0.066793056951293 0.0536078439488568 0.0541264492272666 0.0625511160171072 0.0685206241351205 0.0633465181059244 0.0511468878775132
-0.162316935500146 -0.179676316845281 -0.179651575176913 -0.169662996529263 -0.160049787803782 -0.122502594265875 -0.102389240220986 -0.108603391900908 -0.100178627535394 -0.0974322300571614 -0.101114833276248 -0.0934971728109895 -0.107728707925857 -0.0894171215531887 -0.0434747337468019 -0.0125168825098002 0.00924874400371795 0.0183787466151912 0.0212306777270922 0.0419688921528271 0.0482464983119149 0.0392830374437251 0.0343108510520422 0.0356196426149454 0.03892403827841 0.0530284660390079 0.0773441328798896 0.122359499119251 0.14859663943121 0.215736285178085 0.220111101095873 0.19722337066388 0.154037895714059 0.143459575956818 0.144621589149737 0.135439957378278 0.123997319241365 0.114498720669181 0.129259874867694 0.11995144533023 0.104537810903818 0.0875702943099583 0.0888490510097495 0.107337702509772 0.123009990899148 0.105554000590273 0.0843013075331418 0.0727517804845879 0.0694835363525978 0.0651164363555732 0.0660835004275371 0.0636753015227958 0.0517356808267876
-0.203160422681075 -0.200069396946519 -0.205370358641056 -0.187024096345147 -0.159971101530792 -0.133842910615343 -0.118080875982249 -0.12291047440621 -0.110095497462673 -0.11182822904147 -0.141917681781307 -0.137767510960272 -0.133929634310276 -0.0930258151124275 -0.0649732776897816 -0.0216205034831258 -0.0220813654195442 -0.00733919858723486 0.0058622418971199 0.0312511579728975 0.0463135998717768 0.000445529481237883 -0.00890855475087388 -0.00714779354054179 0.0015516319234711 0.0231339163157015 0.0700240185165512 0.0994160933321598 0.134601842305252 0.21860058607975 0.235388408323202 0.188093281458736 0.162836763868259 0.1499786929138 0.142780693088776 0.147548336513723 0.150810911884749 0.117218239953831 0.109200303980546 0.0872754260689877 0.117793570576824 0.11029404688483 0.119018574606478 0.126332878607529 0.121295176403365 0.123003049517422 0.0946571674907443 0.0893842020843804 0.0820913442725725 0.0726414425593511 0.0669404267649133 0.0636769020275823 0.0526696780408974
