data/pcas/pca_proj_current/PC16.asc
NCOLS 494 
NROWS 529 
XLLCORNER -117.166666666667 
YLLCORNER -55.5 
CELLSIZE 0.166666666666667 
NODATA_value -9999 
[rows 230 to 252 of 529, columns 212 to 264 of 494]
-9999 -9999 -9999 -9999 0.104570615109357 0.0765226247148743 0.0549479989231535 0.0308383137247828 -0.0457606824643495 -0.0788255372182114 -0.100299150028608 -0.121590952515217 -0.212691782830404 -0.466345562227937 -0.490351267013897 -0.46392115559234 -0.425882824846079 -0.40231368413881 -0.398266237525959 -0.41547239714823 -0.42372211691088 -0.402792693942809 -0.3218066153511 -0.352609004758792 -0.334895138129355 -0.382711417526681 -0.404027988095701 -0.397670647649625 -0.397263247765068 -0.39486376268513 -0.397462641155002 -0.395321123530486 -0.378809293486503 -0.361800611400483 -0.352575934856872 -0.355142888619596 -0.348998436059529 -0.34312813553586 -0.332278216285267 -0.319530832020986 -0.315665600630755 -0.318379703556989 -0.312755473330452 -0.302836449792 -0.303778965394947 -0.316232621378866 -0.313211037075628 -0.302414999818541 -0.291231496176428 -0.283125140956511 -0.276491887725901 -0.270350054454231 -0.264580897575694
-9999 -9999 -9999 -9999 0.0806408234230322 0.0678166110196497 0.0665087785448164 0.0358973941273205 -0.0189793478655827 -0.0540911258598444 -0.0595561147113179 -0.0894510281667334 -0.134750436296027 -0.380617998673865 -0.489589387505184 -0.457895583422023 -0.43057605702748 -0.420200895754769 -0.405661689396157 -0.410993712696368 -0.379672844017986 -0.411152166255992 -0.365398791264116 -0.339009268192562 -0.30696130150352 -0.315934230109389 -0.38535587435166 -0.402100695141777 -0.398322452755893 -0.389724968979117 -0.384525093097 -0.40351505970821 -0.38489470561774 -0.36187208613821 -0.353219089581796 -0.358555989150259 -0.355724032841446 -0.342512720502012 -0.339144107334604 -0.329460457330918 -0.320987682307734 -0.318754181297478 -0.310508444607806 -0.307930700001459 -0.312780635620165 -0.317336916769408 -0.314248731753562 -0.304462274810464 -0.293275653632758 -0.284741618198314 -0.276623141166893 -0.263012881677402 -0.258060614379345
-9999 -9999 -9999 -9999 0.10740896420287 0.0792917838472753 0.0714872142631311 0.0556165061508215 0.017276938863945 -0.02085429403686 -0.0455253102262596 -0.0657917103497243 -0.110169024619862 -0.276876115011238 -0.475494435842612 -0.450194820474051 -0.438205988882394 -0.418302403562618 -0.401627860025162 -0.403248132641295 -0.400054340826564 -0.352807735920491 -0.344651705700827 -0.33721464264623 -0.303851092341303 -0.28885709406563 -0.318239643824751 -0.390969327366325 -0.405573595275908 -0.39986449720901 -0.382751362141873 -0.394469766111411 -0.3950047333463 -0.370970556237545 -0.369507383378531 -0.368118561630141 -0.367141102608141 -0.356410332403943 -0.350283392153829 -0.341023550569152 -0.32093495558824 -0.319317781817385 -0.316158479956966 -0.313075047997919 -0.313667716990837 -0.299663506718024 -0.299311358875527 -0.300517808632229 -0.284873883097383 -0.279353782746216 -0.269184685715929 -0.257848787910939 -0.24820267359389
-9999 -9999 -9999 -9999 -9999 0.121494944478909 0.111366424141422 0.109759863200072 0.0761893620935707 0.021975029132536 -0.0131193456364729 -0.0312771269786745 -0.0513759077636104 -0.190347728511859 -0.452057867030767 -0.452513936813335 -0.45290922065789 -0.421264049113707 -0.388420649981675 -0.407174242725106 -0.417428587535809 -0.387260362568976 -0.344622627681167 -0.349375933725159 -0.323726068591227 -0.312317914389511 -0.324879344938682 -0.37116174906 -0.393320063816709 -0.388839691354721 -0.392689068151947 -0.393401898538549 -0.405708566045105 -0.379575213131103 -0.376833715337244 -0.379207507888899 -0.37943062021342 -0.364577566492133 -0.352153993920426 -0.3411481277502 -0.33284100904346 -0.326933667726775 -0.325126207527464 -0.318216844681275 -0.31496470752415 -0.300508481490098 -0.297062761147959 -0.291844873354337 -0.281541992411747 -0.269575941788723 -0.260140289809622 -0.250700596353388 -0.239642826452135
-9999 -9999 -9999 -9999 -9999 0.232312526176119 0.128702975326434 0.114437814945855 0.112297054647324 0.0827334739150189 0.0332612197811377 0.0198296736086085 -0.00063932055576077 -0.100872568491304 -0.322120066096065 -0.4411306713113 -0.444447448989194 -0.436448988863143 -0.403333049837334 -0.388325158260951 -0.395293119948334 -0.421847692795396 -0.353390164747666 -0.346578904805249 -0.320138120826811 -0.357022755946042 -0.352050573334896 -0.335869406797508 -0.36693989613394 -0.37608975000336 -0.39653068027743 -0.401775070975778 -0.398456624069145 -0.403654713303684 -0.394267100675153 -0.385690966109751 -0.378344391918252 -0.367104465941557 -0.356432032249431 -0.347387087056166 -0.336055696752325 -0.33395275590155 -0.325107618499214 -0.313470977758295 -0.310067017983119 -0.305755467102141 -0.298863064668268 -0.284434403942873 -0.270702215823676 -0.259614552769926 -0.249509227315693 -0.239603533297693 -0.230260015498011
-9999 -9999 -9999 -9999 -9999 -9999 -9999 -9999 0.112961082997188 0.114747314567867 0.0892219223794675 0.0793943110239813 0.0268536797049574 -0.0628854100788551 -0.111643774872192 -0.285546783577865 -0.474059733212691 -0.463591845613581 -0.438519243303992 -0.391786624737686 -0.39172884044213 -0.374499510872265 -0.408004450029088 -0.342451514642109 -0.32377795801878 -0.350510235063348 -0.369496375134181 -0.371463844367574 -0.360850708113938 -0.391772271024992 -0.413525346709381 -0.41221731306363 -0.428950113892824 -0.417844705415195 -0.421956590725839 -0.401655132364957 -0.384730532474002 -0.370276905912122 -0.355662075780248 -0.347899852123305 -0.339944543364763 -0.338218671393105 -0.32320622235636 -0.31405025585125 -0.306613510516064 -0.297353202626685 -0.289206609409596 -0.278643053392698 -0.262518130712808 -0.249221763335102 -0.235745731191289 -0.231025555978072 -0.220167865380217
-9999 -9999 -9999 -9999 -9999 -9999 -9999 -9999 -9999 -9999 0.121439894001274 0.11921247445829 0.0730884910886314 -0.00130043397232876 -0.0960009987196193 -0.222093401576065 -0.472989574667204 -0.454190160567441 -0.419427097182438 -0.404407296596896 -0.373704675602361 -0.410737475542547 -0.446023841269467 -0.3627058611767 -0.34357093588404 -0.375996907003344 -0.386243853593058 -0.404334656254776 -0.393144841085554 -0.408770372172997 -0.423352198839276 -0.429892337847053 -0.440308718549601 -0.437138322972657 -0.409461072661412 -0.406297420351412 -0.385744281938537 -0.371861744016499 -0.362288042971587 -0.353305498975432 -0.343194557948719 -0.340444042924218 -0.33175121785656 -0.318469535583686 -0.30404443402245 -0.290880802256438 -0.278682678918942 -0.271115401475862 -0.255977962011673 -0.242537308266709 -0.228800982112362 -0.219128728787281 -0.212896714582715
-9999 -9999 -9999 -9999 -9999 -9999 0.321337753415192 -9999 -9999 -9999 -9999 0.137603214507491 0.046405292107892 0.00278563174748581 -0.0616708062189607 -0.208515568923696 -0.470047428301685 -0.432794987380115 -0.422930628979312 -0.395130285753692 -0.364044025170181 -0.39221263421709 -0.437315307395301 -0.398405099853468 -0.308677480557804 -0.356278402748504 -0.387150015810871 -0.40713458182233 -0.40697156746637 -0.416677579289699 -0.429890895260615 -0.443144840476317 -0.455566623692123 -0.457137540445813 -0.414439333769385 -0.403996998961731 -0.387502330298826 -0.372238798763504 -0.368818905659722 -0.355248631734098 -0.350953620281639 -0.34728951796868 -0.336768481896087 -0.322077060772846 -0.304009057421892 -0.289301433496367 -0.274774685537399 -0.265041531603125 -0.248849810223033 -0.238028413955054 -0.228413264832361 -0.219129689939549 -0.209294746933167
-9999 -9999 -9999 -9999 -9999 -9999 -9999 -9999 -9999 -9999 -9999 -9999 0.0627316797794086 0.00150765778459575 -0.0748173664023417 -0.169300138124162 -0.405899476464631 -0.452947539093713 -0.438394939700597 -0.418006420872824 -0.399643176020701 -0.377739774846512 -0.388094520439694 -0.454339722033503 -0.320925534350262 -0.308257080221448 -0.362410310012815 -0.417172027865192 -0.424580271696358 -0.423873382349348 -0.435507945246964 -0.442416282943394 -0.453888263244353 -0.441541585143873 -0.411303296950112 -0.420814475877654 -0.402348437773268 -0.381814425345307 -0.368185577464479 -0.3576624411521 -0.360488172353963 -0.353199170286152 -0.345016754854099 -0.323305081712714 -0.306215715956285 -0.286641504517885 -0.273042313615234 -0.257611588666199 -0.246003079243404 -0.230873269616471 -0.22487832366568 -0.216188726618278 -0.206623833109956
-9999 -9999 -9999 -9999 -9999 -9999 -9999 -9999 -9999 -9999 -9999 -9999 0.0714440998881187 0.0223778895153585 -0.0486994113730803 -0.152652344022056 -0.319928410548415 -0.4528606320627 -0.487179817111841 -0.473503949126664 -0.413448910574689 -0.402961512376964 -0.380601702406846 -0.448732152834117 -0.379364111286833 -0.311517711500897 -0.381272031717904 -0.425072338440171 -0.427935847842361 -0.42645310530354 -0.431284890964632 -0.4289841567428 -0.434172479196006 -0.415280721654826 -0.410810276333545 -0.407898350156472 -0.405040847185538 -0.386012985888828 -0.370503922974882 -0.362983484847593 -0.374582231552529 -0.364859801286618 -0.348786813965961 -0.328110106901606 -0.308366231711807 -0.289473790535204 -0.270891872551548 -0.255879596533471 -0.244875349264341 -0.234733276879666 -0.224526468080163 -0.213731561871313 -0.204984354580901
-9999 -9999 -9999 -9999 -9999 -9999 -9999 -9999 -9999 -9999 -9999 -9999 -9999 0.0311287976528549 -0.0423696027004514 -0.203311675335721 -0.426340072664335 -0.415855435672336 -0.454480238605408 -0.457232893844496 -0.414062904809926 -0.42342569238987 -0.453659746365055 -0.451157352750581 -0.457860498965767 -0.324985089483145 -0.378600998460987 -0.407823359930195 -0.427411494571415 -0.424846506572944 -0.425458433969429 -0.411158615177395 -0.418410522406917 -0.39694162271483 -0.405102564677651 -0.396217261387657 -0.403791410917913 -0.393831921389678 -0.382990902198008 -0.37835175897865 -0.38791627837337 -0.374153852421025 -0.35994192929108 -0.336062397524466 -0.315103941881549 -0.292791205907356 -0.270894008491626 -0.25231683945224 -0.241914131183282 -0.230155525033084 -0.220940976305457 -0.212030318698848 -0.204073007538426
-9999 -9999 -9999 -9999 -9999 -9999 -9999 -9999 -9999 -9999 -9999 -9999 -9999 0.0550088846956697 -0.0015730900190753 -0.0907955332438071 -0.240800056744163 -0.227601930560874 -0.367603237709506 -0.469049839335692 -0.451352246401665 -0.424068054843256 -0.434321689879128 -0.40370991377605 -0.428308401266401 -0.369592081169853 -0.352414939633 -0.411196746389999 -0.428390234799491 -0.421281221936501 -0.411612039603149 -0.405426579710991 -0.403564570725507 -0.391387979308183 -0.388338341614275 -0.389378032422056 -0.389853215523603 -0.39711041152111 -0.40008575325788 -0.396020287652369 -0.389210689936654 -0.375543524682842 -0.356405000618361 -0.33456170870006 -0.313554813504541 -0.295745697789243 -0.273957740115177 -0.2524825835463 -0.239568712914583 -0.228846398442709 -0.224488759808829 -0.214664164060194 -0.208463683580713
-9999 -9999 -9999 -9999 -9999 -9999 -9999 -9999 -9999 -9999 -9999 -9999 -9999 -9999 0.0685367802920304 0.00661922731195644 -0.0648874462131613 -0.23698156038367 -0.46790747798958 -0.487117298815475 -0.479965501407731 -0.415777428129168 -0.424280646373344 -0.392065036857578 -0.378980825484018 -0.398689982058707 -0.329678987094009 -0.376858624872228 -0.423001043238077 -0.429241205845994 -0.407146264742052 -0.410794263095289 -0.399225827393253 -0.384001619070359 -0.375731644075425 -0.382450669459417 -0.386981866539026 -0.401396716601016 -0.401684353437434 -0.394357358663099 -0.38684941077179 -0.377483487509266 -0.358940435275971 -0.338436597498864 -0.31645701255061 -0.296626380235953 -0.2788649941688 -0.261908532059253 -0.244028971504273 -0.233638312383939 -0.223135095350479 -0.217435773478716 -0.211937825983679
-9999 -9999 -9999 -9999 -9999 -9999 -9999 -9999 -9999 -9999 -9999 -9999 -9999 -9999 0.11177814663683 0.0728671205055795 -0.0745459837733816 -0.319135628964476 -0.415324513715692 -0.463157203197775 -0.418703781280947 -0.386935856700533 -0.380066281135981 -0.381310767155377 -0.373627152929628 -0.427324664586335 -0.332893547207232 -0.363662686187628 -0.389184553211919 -0.440528167439694 -0.420486088275337 -0.418628153124006 -0.398494467117084 -0.384359535744836 -0.380678425777809 -0.391715528885192 -0.400963560883285 -0.409875340865265 -0.405124569864477 -0.396944908454633 -0.387745624804002 -0.378185288391725 -0.353426426837658 -0.339125921763451 -0.321502709449124 -0.303665708255873 -0.286257401856762 -0.26588883765435 -0.25183429923112 -0.242065588744511 -0.229624315635607 -0.221167302274818 -0.212306052365662
-9999 -9999 -9999 -9999 -9999 -9999 -9999 -9999 -9999 -9999 -9999 -9999 -9999 -9999 -9999 0.0529836149926266 0.0135888337234135 -0.0705671284162975 -0.339281274851861 -0.436590913268943 -0.423718961901586 -0.38318639951896 -0.425928441214426 -0.344952523445816 -0.367555698757948 -0.418191201351487 -0.32915096786206 -0.338931752669019 -0.397941744266589 -0.444490975780141 -0.434175266593043 -0.417700808163437 -0.401481749762431 -0.396653022365014 -0.402211546875184 -0.397696409224619 -0.411444602998726 -0.410567296336559 -0.401852479499218 -0.405952595616309 -0.398375761405543 -0.382098932727576 -0.36152199222689 -0.335075376552306 -0.324333124180805 -0.309837221473022 -0.294235858075469 -0.275173260197638 -0.259274207186575 -0.250830076949536 -0.236034810083065 -0.225208883833741 -0.218574394616902
-9999 -9999 -9999 -9999 -9999 -9999 -9999 -9999 -9999 -9999 -9999 -9999 -9999 -9999 -9999 -9999 0.0589528086207903 -0.0557332170394925 -0.172675443551548 -0.478655217416068 -0.441886005806905 -0.380116315462815 -0.493932192768313 -0.398534360829506 -0.323508105196238 -0.413959121362613 -0.399376967894013 -0.351471194243571 -0.397414594908429 -0.41157789618665 -0.449255410693931 -0.43157718135539 -0.404126835417937 -0.399697854062275 -0.404187586861968 -0.392527033069141 -0.392856998211514 -0.407186038184986 -0.403781375482756 -0.414838111262371 -0.412309863269943 -0.391894106495489 -0.355446114478186 -0.32832263449273 -0.32254303147735 -0.313713748418028 -0.298484457129565 -0.283082112623924 -0.264232885126042 -0.251777824040831 -0.241619891078707 -0.227652978023002 -0.219740692699739
-9999 -9999 -9999 -9999 -9999 -9999 -9999 -9999 -9999 -9999 -9999 -9999 -9999 -9999 -9999 -9999 -9999 0.045062661682587 -0.0303624404430643 -0.155096913316358 -0.47474784658057 -0.436018383232111 -0.494228319896724 -0.321610616954327 -0.320177818033531 -0.380704990605778 -0.414897067526697 -0.353815814473239 -0.308256875000577 -0.371906095759408 -0.431153365281316 -0.446329992124884 -0.415253211801802 -0.383148881217075 -0.409937586633928 -0.398872740927369 -0.374926283463444 -0.375853605362305 -0.382930362318375 -0.402545743644184 -0.413244641269285 -0.395209457155631 -0.352593686879658 -0.318105652214755 -0.319228926799381 -0.317942333268714 -0.305524181147567 -0.28843534520358 -0.26788987372159 -0.250809811701631 -0.241663349228447 -0.234661071830407 -0.22666242685487
-9999 -9999 -9999 -9999 -9999 -9999 -9999 -9999 -9999 -9999 -9999 -9999 -9999 -9999 -9999 -9999 -9999 0.0937961941970267 0.0103997088849306 -0.0940049360296894 -0.340784093884743 -0.466147329869828 -0.495060673827603 -0.442308486115719 -0.353363073333863 -0.420306550947532 -0.410167848056858 -0.405304434313855 -0.335752922489201 -0.358136706132697 -0.395996660604674 -0.45592554114371 -0.423884318997365 -0.38899119522475 -0.418703778356178 -0.407440485215106 -0.38876788130982 -0.335880599206555 -0.353483632782533 -0.385090513660112 -0.394315531573119 -0.383802876574808 -0.360904253980263 -0.343252146601317 -0.32896912605835 -0.322894630808836 -0.312833474154613 -0.296098152080761 -0.273674618161284 -0.254326543068839 -0.245623196035967 -0.24049311237526 -0.233932912770322
-9999 -9999 -9999 -9999 -9999 -9999 -9999 -9999 -9999 -9999 -9999 -9999 -9999 -9999 -9999 -9999 -9999 -9999 0.03601741760529 -0.0391736478995834 -0.147823571415684 -0.468333575357607 -0.488577591598644 -0.479656390008819 -0.323402941719473 -0.3494419144747 -0.355848627217217 -0.399057066534045 -0.320305979104991 -0.366615808083869 -0.369148528915432 -0.356776856673699 -0.437235731548085 -0.402081209903872 -0.42187441810594 -0.410088786082853 -0.373681486679752 -0.292223528268983 -0.32465739588516 -0.363363133206651 -0.38109408915369 -0.391374055389109 -0.364698678507231 -0.348909436176203 -0.333254862204373 -0.322972200110666 -0.31264903558399 -0.295865475104636 -0.279175849431078 -0.260247255879329 -0.249563212431486 -0.243766655396389 -0.238674018973104
-9999 -9999 -9999 -9999 -9999 -9999 -9999 -9999 -9999 -9999 -9999 -9999 -9999 -9999 -9999 -9999 -9999 -9999 0.0739632640035014 0.0303912654981458 -0.0798545819560381 -0.389491830138243 -0.428729557081453 -0.403078325503224 -0.363792987127828 -0.272430507617057 -0.405749487222868 -0.389081086182212 -0.388822835946333 -0.310373134580825 -0.34656891678196 -0.403310857525927 -0.443777273594548 -0.416054519528879 -0.391366068750607 -0.409691453119846 -0.37858087753808 -0.273320069276931 -0.30282084109571 -0.35503362670614 -0.38398712315523 -0.407520585613588 -0.378491811919944 -0.357247559634252 -0.328780068570123 -0.317187017673056 -0.304265232850784 -0.291853150081715 -0.279536242427447 -0.267007241226058 -0.252791546099965 -0.245827729203632 -0.242607590705765
-9999 -9999 -9999 -9999 -9999 -9999 -9999 -9999 -9999 -9999 -9999 -9999 -9999 -9999 -9999 -9999 -9999 -9999 0.270385604558314 0.0755490111643405 -0.035581766574512 -0.166981795271116 -0.429759820535692 -0.380647731569504 -0.434031694218223 -0.256965746972398 -0.365919955799788 -0.335481881226192 -0.335328460219062 -0.376620723052218 -0.35250067121722 -0.424564385604043 -0.414450126027122 -0.435186114951151 -0.407452701503595 -0.411961728222966 -0.400539009304096 -0.306658867601001 -0.319220196517816 -0.375897383782912 -0.403799968697122 -0.412955028231441 -0.389458724279843 -0.35144210584487 -0.338773705506633 -0.317980544194272 -0.300042096077172 -0.28833613193137 -0.281383355033217 -0.270838529553637 -0.258738989028174 -0.24958546993719 -0.24311606262804
-9999 -9999 -9999 -9999 -9999 -9999 -9999 -9999 -9999 -9999 -9999 -9999 -9999 -9999 -9999 -9999 -9999 -9999 -9999 0.143273604675272 0.0336854656370624 -0.0932986191808556 -0.441394945477546 -0.359108826424766 -0.372818845309343 -0.389925397214571 -0.296237283902263 -0.296154632424524 -0.320745389161939 -0.340632431136881 -0.322950294466698 -0.401699243344026 -0.43386958287856 -0.429372880811405 -0.419861497725825 -0.417083565265517 -0.400008963237212 -0.356152454821099 -0.361368628448014 -0.39054258691124 -0.402816935689788 -0.398051587249079 -0.343771971874918 -0.325929625908887 -0.334775069651339 -0.323894331001895 -0.302429414249824 -0.290983747326173 -0.280724185003495 -0.270202388613049 -0.259246775245576 -0.247867015489338 -0.242948894397217
-9999 -9999 -9999 -9999 -9999 -9999 -9999 -9999 -9999 -9999 -9999 -9999 -9999 -9999 -9999 -9999 -9999 -9999 -9999 -9999 0.0534167152585529 -0.0227719452755533 -0.289567062687055 -0.411063820013556 -0.318737879615937 -0.372312456722148 -0.272536658170544 -0.312303471963562 -0.37209015616497 -0.299199466134955 -0.309882410078363 -0.319357354642944 -0.365420321745995 -0.359068023919328 -0.401459174914978 -0.387925008441073 -0.372357078732798 -0.365127853899953 -0.390061460060689 -0.402305542680121 -0.397372505663706 -0.384416577718869 -0.305721001894784 -0.311223463401092 -0.340251054894865 -0.322520873000409 -0.310762780215575 -0.293267452998515 -0.280267509833126 -0.270220961646197 -0.260456810784641 -0.250433875704831 -0.246360111385096
