data/pcas/pca_proj_current/PC16.asc
NCOLS 494 
NROWS 529 
XLLCORNER -117.166666666667 
YLLCORNER -55.5 
CELLSIZE 0.166666666666667 
NODATA_value -9999 
[rows 184 to 206 of 529, columns 212 to 264 of 494]
-9999 -9999 -9999 -9999 -9999 -9999 -9999 -9999 -9999 -9999 -9999 -9999 -9999 -9999 -9999 -9999 -9999 -9999 -0.446009438992309 -0.517681906993644 -0.509314391466446 -0.538415216539825 -0.518131940739212 -0.514155510807621 -0.495540060992616 -0.51415147038939 -0.470358106461539 -0.39660771602691 -0.360618613625853 -0.453460006982699 -0.516604678658454 -0.46632281276118 -0.527488782795629 -0.525596607069758 -0.528870046299377 -0.527272668665104 -0.528931807739818 -0.520340875216273 -0.519149161206003 -0.430219574796941 -0.297560083519737 -0.280671515075604 -0.293849013803183 -0.296500276189384 -0.290942625910766 -0.280923622683151 -0.259292742924356 -0.245610257295447 -0.23586722331736 -0.233010387966282 -0.221852214005875 -0.207955272556753 -0.194457930616681
-9999 -9999 -9999 -9999 -9999 -9999 -9999 -9999 -9999 -9999 -9999 -9999 -9999 -9999 -9999 -9999 -9999 -0.485318097149638 -0.501971262579979 -0.511441430776945 -0.502999593400753 -0.505467168678075 -0.514576018631104 -0.529135845540741 -0.518787576706952 -0.499644833026124 -0.451880678544184 -0.393421075994943 -0.413238225700386 -0.535159233434594 -0.523185382438955 -0.522590388537737 -0.490701451767165 -0.514722108987288 -0.527281052972527 -0.537803086393088 -0.538209568567898 -0.457016569759047 -0.48879301034089 -0.331664021387027 -0.256454087824288 -0.249632244473582 -0.258089638981287 -0.259611202838955 -0.25732851312798 -0.250440562638208 -0.248657067433233 -0.252290036864329 -0.243669161939536 -0.228983573341498 -0.223920982270151 -0.206895546034131 -0.198363745051883
-9999 -9999 -9999 -9999 -9999 -9999 -9999 -9999 -9999 -9999 -9999 -9999 -9999 -9999 -9999 -9999 -0.428577077931139 -0.465894952372366 -0.478514245386767 -0.473580292624057 -0.47802884275838 -0.476560853223485 -0.486661681094506 -0.50667590527375 -0.499974047214082 -0.540878831794749 -0.447645926903928 -0.433449245009977 -0.482009340087128 -0.517087325279449 -0.514642899839636 -0.528937261874761 -0.534016278127858 -0.4958772507095 -0.506635121247946 -0.486597152048162 -0.41927839920414 -0.329010662629409 -0.409540769630237 -0.298101268440366 -0.238654387468774 -0.240886946111356 -0.236076594413292 -0.241146931820726 -0.247026566970327 -0.249610864322927 -0.238814259565066 -0.24010328869538 -0.233732460913711 -0.222178897504092 -0.222081048902551 -0.221007925814025 -0.212787696222258
-9999 -9999 -9999 -9999 -9999 -9999 -9999 -9999 -9999 -9999 -9999 -9999 -9999 -9999 -9999 -9999 -9999 -0.417460136114672 -0.448391911476321 -0.446604230794228 -0.443018143598791 -0.463666382649633 -0.518246442051479 -0.50981495233585 -0.523147380222943 -0.52315950290421 -0.464790327030402 -0.464098757430553 -0.495630654915 -0.482734381129262 -0.517258807746129 -0.508412304259355 -0.524425414218203 -0.518988546743993 -0.527753346074125 -0.366763475676416 -0.300119815076867 -0.315779044632973 -0.325182969290999 -0.289744682376169 -0.26272318440253 -0.246155690112632 -0.230407433459875 -0.240307287111788 -0.240502335669987 -0.236020698738941 -0.234354104069838 -0.234308128455574 -0.22804961414978 -0.219787165740693 -0.221806607563365 -0.22342482893919 -0.223138452664065
-9999 -9999 -9999 -9999 -9999 -9999 -9999 -9999 -9999 -9999 -9999 -9999 -9999 -9999 -9999 -9999 -0.46409298978138 -0.446364655323299 -0.443925987999786 -0.430559313640748 -0.41641636974836 -0.48521148895413 -0.501566901090918 -0.52664984678082 -0.532512269400913 -0.525410585115515 -0.524043848073896 -0.492525924636463 -0.473247501583214 -0.447263580444377 -0.494147162020275 -0.519808123653936 -0.529644091727152 -0.485428656347691 -0.36368675485239 -0.280544540091318 -0.279582368849415 -0.302628098309858 -0.297463765405432 -0.282782565377119 -0.273128696461961 -0.25455625032205 -0.244192492265495 -0.239718536100441 -0.240323068554729 -0.237272231829033 -0.239873198418718 -0.239054374826605 -0.230404665175134 -0.221399242738415 -0.222833260062185 -0.229824487823518 -0.221644490845449
-9999 -9999 -9999 -9999 -9999 -9999 -9999 -9999 -9999 -9999 -9999 -9999 -9999 -0.484169719071552 -0.46659642811066 -0.454604907334769 -0.45859478009553 -0.457941013289783 -0.445018597008064 -0.411665584427874 -0.434445049745691 -0.51306100465014 -0.51536572901209 -0.545441983501911 -0.505632078213767 -0.478079578481477 -0.498083782508995 -0.455094963624294 -0.444468739418411 -0.44199301852658 -0.511069929254773 -0.509557784683258 -0.42722345779579 -0.328429337056445 -0.289289619768053 -0.276160647641213 -0.291279899381008 -0.298314173454057 -0.285002127843649 -0.277261510439377 -0.268617020777362 -0.266786775236852 -0.248361183912634 -0.240665626482102 -0.245056478404741 -0.239292477673015 -0.238199025157465 -0.242314776135011 -0.237951168249591 -0.234454429927626 -0.23364385176533 -0.225223078931071 -0.221612930433169
-9999 -9999 -9999 -9999 -9999 -9999 -9999 -9999 -9999 -9999 -9999 -0.380498715144887 -0.415993475082725 -0.428246643793877 -0.415220816530799 -0.412474843194841 -0.426464099524202 -0.439100124048417 -0.445229782432317 -0.465805933218448 -0.501669796705875 -0.508396019718757 -0.535865995930126 -0.515216667636902 -0.461297597933106 -0.443027036089751 -0.444671984913468 -0.43281233776188 -0.432208514299391 -0.48854488890335 -0.496104833913503 -0.424807186358831 -0.379507627236084 -0.332921951401604 -0.306400667431409 -0.294353068529011 -0.282499455002853 -0.288190581726447 -0.287037166149789 -0.272404067758637 -0.270352525946159 -0.268823840204223 -0.252874725476531 -0.241643507093391 -0.244820689085076 -0.240808675522228 -0.242952672406246 -0.240486679227213 -0.237274927718521 -0.237111786372867 -0.235242261486802 -0.222221337995115 -0.219936910359472
-9999 -9999 -9999 -9999 -9999 -9999 -9999 -9999 -9999 -9999 -0.281986572959491 -0.317643233057834 -0.350746895466576 -0.365398993836195 -0.360551457801677 -0.372807379388608 -0.402948892138617 -0.438260981220215 -0.468345848295973 -0.488229462572995 -0.514154508095895 -0.490618195517729 -0.541938393644799 -0.484759010046271 -0.452490306446959 -0.433364648898499 -0.406201094445279 -0.458233055394335 -0.49650331478108 -0.500884656743513 -0.451969620131075 -0.423879612415808 -0.39667668655852 -0.360198409208411 -0.335774956106889 -0.309206799576694 -0.291742250873567 -0.285758035165139 -0.277255014793134 -0.270850799246371 -0.276853561708371 -0.277457503483922 -0.271118713662791 -0.249527135584494 -0.247973981752797 -0.248734285149813 -0.251540813345188 -0.249816671768526 -0.242424017374113 -0.244984929437605 -0.239747692541332 -0.23062764817753 -0.232015291396234
-9999 -9999 -9999 -9999 -9999 -9999 -9999 -9999 -9999 -9999 -0.246868379832526 -0.266560332115306 -0.316490108645732 -0.320114693414795 -0.313314432083849 -0.340412636019507 -0.390724779739349 -0.430794046240436 -0.456211911166944 -0.523893768646709 -0.506956030502297 -0.489161216984685 -0.484959407117595 -0.474268533166341 -0.444601424796266 -0.430139711766198 -0.435230022115242 -0.477637162041223 -0.497287533905355 -0.452685519737013 -0.430205209242816 -0.402271752410126 -0.376000716195561 -0.358867517896759 -0.33397551116228 -0.312577365067905 -0.298762437404563 -0.287248277394883 -0.282927792942667 -0.277199410817743 -0.276872862681543 -0.283581772127428 -0.278481490053093 -0.258468024516626 -0.247298867028193 -0.24291092769882 -0.248768302234689 -0.255113780387168 -0.246334505967507 -0.242745788266328 -0.240693004022093 -0.238556061153205 -0.245122402952124
-9999 -9999 -9999 -9999 -9999 -9999 -9999 -9999 -9999 -9999 -0.230238073064792 -0.25202376028882 -0.303953431316023 -0.299701898169244 -0.292294895134612 -0.310427424344722 -0.374245209954979 -0.468674767028954 -0.512675217422221 -0.48547500452637 -0.502461003029123 -0.461597519733396 -0.460018907703784 -0.48364643520376 -0.445340252657033 -0.464946920746985 -0.478595934328399 -0.495251317550154 -0.458526962313375 -0.426488658351151 -0.398301922925222 -0.372614579144612 -0.354130791331691 -0.34515194935929 -0.322562611280447 -0.3079628474992 -0.30197648063795 -0.299461238450162 -0.291842798339894 -0.285618877906617 -0.275772395581621 -0.276513933091787 -0.27780460040295 -0.261405925948707 -0.258762320587851 -0.253271141882709 -0.255154508966173 -0.264000441039365 -0.255892129207409 -0.247679367910127 -0.247632715423492 -0.239524870975307 -0.246620113336716
-9999 -9999 -9999 -9999 -9999 -9999 -9999 -9999 -9999 -9999 -0.252125756987519 -0.263887473389518 -0.298999352967781 -0.299430390159318 -0.28914275888844 -0.298183161338472 -0.374174446592856 -0.443579442179693 -0.504289098419275 -0.490695735522079 -0.491634609298911 -0.465751785531492 -0.500911776841345 -0.48845846805598 -0.47701025447877 -0.448331307253905 -0.474284801868323 -0.489506605549148 -0.461617955537901 -0.425447929128043 -0.390399951734595 -0.364456122686711 -0.351050816054571 -0.349818264846999 -0.322809251200947 -0.311553467352458 -0.310193535666398 -0.302730841402716 -0.294757435906856 -0.285556458837759 -0.285997303272251 -0.278937891021805 -0.264457417419176 -0.266234655204254 -0.267424000241972 -0.260125526739174 -0.260205953089328 -0.264898932205587 -0.257578900748657 -0.258580754030065 -0.251255504814824 -0.244822252386944 -0.252149762693041
-9999 -9999 -9999 -9999 -9999 -9999 -9999 -9999 -9999 -9999 -0.270853881695176 -0.307423992828054 -0.312608146471991 -0.316734419778109 -0.290948739150015 -0.306886095640691 -0.371369526887236 -0.418354716551747 -0.510924843384018 -0.48958383157165 -0.475211404386766 -0.503294230615138 -0.524290982265436 -0.469258311991482 -0.48183623239595 -0.456922577448373 -0.479323331904687 -0.481057842256415 -0.465680559923777 -0.436697541209957 -0.405084970110698 -0.373550941914422 -0.364216676547042 -0.353603222903463 -0.329779396584586 -0.313583584296475 -0.303298500151796 -0.295387113716221 -0.292581271020554 -0.288197468872114 -0.281594134566724 -0.27337346472812 -0.271740928833767 -0.269723284953284 -0.275687969977504 -0.267540316392246 -0.26694120455903 -0.264998611311972 -0.267471958761685 -0.266096818638034 -0.261286320050339 -0.260098638844342 -0.258561913496543
-9999 -9999 -9999 -9999 -9999 -9999 -9999 -9999 -9999 -0.271208889260211 -0.304016635136567 -0.334419454216562 -0.330938553178276 -0.337277106828613 -0.29308940761759 -0.303047294898836 -0.336515188840786 -0.426887618686872 -0.531458289803375 -0.496238599187126 -0.503539996203133 -0.503716627404493 -0.48722335744111 -0.450753746334156 -0.495304435403926 -0.483995733556769 -0.464874438301232 -0.469708950295305 -0.4686528421997 -0.447515663827994 -0.411639496460208 -0.38236459425855 -0.364992866820814 -0.355225591041063 -0.332959162817401 -0.31741576829402 -0.308363616593887 -0.299359938201257 -0.287357165803033 -0.281598405602247 -0.290834007640049 -0.276126346140756 -0.280049455910434 -0.269251699475702 -0.27173081168718 -0.270442233855193 -0.275465979472039 -0.265461036423833 -0.272199318761693 -0.272063224002819 -0.271761649722372 -0.270098426207771 -0.269751671577253
-9999 -9999 -9999 -9999 -9999 -9999 -9999 -9999 -0.241464953726399 -0.28675780010707 -0.342239703146815 -0.346342366765844 -0.333359071574587 -0.313031868981824 -0.267502584226465 -0.291694608929354 -0.338885178786692 -0.468915844271857 -0.543001024478326 -0.524556326352863 -0.519335030225621 -0.517730629336778 -0.444822865740368 -0.467515064795511 -0.502542483035513 -0.501611197717811 -0.46457457706537 -0.458002049054635 -0.451568837456464 -0.426621503652287 -0.394975371501755 -0.376535041398933 -0.37068146360501 -0.348280402864367 -0.335364803273773 -0.32429928527756 -0.308810970098673 -0.302939323500531 -0.298268208129789 -0.294822379889836 -0.302347369863662 -0.281432654178464 -0.282815840060849 -0.285565447515006 -0.282393144849647 -0.273667486756701 -0.276591789883095 -0.276611892953216 -0.277257456060312 -0.280275454507874 -0.276255284275701 -0.27442373473916 -0.278060127932604
-9999 -9999 -9999 -9999 -9999 -9999 -9999 -9999 -0.245147816149966 -0.321173872481638 -0.358077794568593 -0.351952253624263 -0.328684891038467 -0.30734737009596 -0.261874938737842 -0.281682666009169 -0.462576055165873 -0.528126392166023 -0.53879961381489 -0.539290170405738 -0.51932111886732 -0.463914889166126 -0.446345839348716 -0.479491727259536 -0.498471364170366 -0.51275939937701 -0.457595754527028 -0.440178684064924 -0.427615723279086 -0.401020135582382 -0.383534485100783 -0.392800908927608 -0.372493351943503 -0.342524038956377 -0.331812796859342 -0.326397754623376 -0.315467522007843 -0.299201646997356 -0.301377389859191 -0.30069735001185 -0.29355284407277 -0.289979869976072 -0.296756578774457 -0.288629909226137 -0.287715708912385 -0.288362396540086 -0.284754431760358 -0.281695756656435 -0.277889241584177 -0.276333980215189 -0.287869973580124 -0.285104425059689 -0.287237691301848
-9999 -9999 -9999 -9999 -9999 -9999 -9999 -9999 -0.251929974630568 -0.327625510432824 -0.343698624950086 -0.348535065982244 -0.337444705587441 -0.311388792702372 -0.23306301275672 -0.272030596290143 -0.47585878853222 -0.538219617358223 -0.540635913478298 -0.506496791443088 -0.459556795726582 -0.429877975924218 -0.405181651788238 -0.456901500652374 -0.474848733401351 -0.480737605701099 -0.444118491368532 -0.412179555463945 -0.400144634279396 -0.381721486070766 -0.393755245949118 -0.394278630205847 -0.381073667876582 -0.350273351523071 -0.333314874021564 -0.321774432717875 -0.311826921251809 -0.299293216341445 -0.298029180619729 -0.30255031235387 -0.301507252625323 -0.300217808029487 -0.302653706507845 -0.298872480146754 -0.295129262801193 -0.297985127336903 -0.295083346661093 -0.290710042985789 -0.288425315494257 -0.288666257030568 -0.287796224627009 -0.29281960080132 -0.296492074777467
-9999 -9999 -9999 -9999 -9999 -9999 -9999 -0.246183492750414 -0.298751421603888 -0.344297832318986 -0.363885725134865 -0.341481138574964 -0.345725617146023 -0.280952235037513 -0.242666268516193 -0.239941053742042 -0.433677592912643 -0.497709284539334 -0.473698169910751 -0.466072007690348 -0.421006744660656 -0.402560394749029 -0.414707622004148 -0.460361674103029 -0.447408587895908 -0.433743830925865 -0.412282376027333 -0.397210983568485 -0.388208692194214 -0.384906804514192 -0.386265264229154 -0.386538518203354 -0.378295383389143 -0.356223475834665 -0.337775110675675 -0.328987721742607 -0.317952777024077 -0.307919107004376 -0.306027820700028 -0.30542092463937 -0.313774947225722 -0.310356833641969 -0.311048467303875 -0.307613788238809 -0.30399534166806 -0.306704374503071 -0.302190021454745 -0.298665621852282 -0.297611213048287 -0.299745914624559 -0.299707990238314 -0.306746803771467 -0.313033589834915
-9999 -9999 -9999 -9999 -9999 -0.224980528049145 -0.255232736073871 -0.295444415235632 -0.330497583223044 -0.351428358215953 -0.344771345445861 -0.351973808218592 -0.334397751778486 -0.291208276703878 -0.258779666153783 -0.251669007528608 -0.454890365605663 -0.461449110075021 -0.43933387127603 -0.406770411111092 -0.399452952568414 -0.386170285752359 -0.426276726928422 -0.472743207011867 -0.428743384657265 -0.42087829248473 -0.401760845052061 -0.39053917421287 -0.382878728579723 -0.365680266970136 -0.375849779978218 -0.377632749042464 -0.376860102801391 -0.357538868044063 -0.343509294816948 -0.332863200560713 -0.324452520264398 -0.317232847684635 -0.315266812761124 -0.311453631452028 -0.316114344432375 -0.326270524344907 -0.318494267765378 -0.314064257290366 -0.312915878729777 -0.306496945353935 -0.306774843569379 -0.302131638250763 -0.303441665662883 -0.300161758746689 -0.30850504374968 -0.310448038184458 -0.318298096542513
-9999 -9999 -9999 -9999 -9999 -0.206176713974715 -0.264311214763901 -0.312047802141064 -0.332999897384226 -0.304226550554197 -0.315879424643626 -0.3244619844473 -0.327246378989669 -0.292564490486006 -0.261693100475321 -0.303705277562875 -0.495297452834512 -0.426870012035277 -0.419123950316586 -0.368792842650139 -0.369115749340425 -0.367637855776782 -0.43848348081973 -0.449500745708189 -0.430192421968472 -0.405385628512963 -0.39746071915314 -0.389077398446015 -0.381165908498662 -0.368846482691564 -0.366789061690986 -0.375953096768036 -0.380156405422562 -0.366461312978819 -0.356017043186993 -0.345614716242165 -0.339043831310541 -0.334888700752849 -0.33296332096203 -0.329476064751962 -0.322040255083169 -0.330399276405893 -0.320016480710088 -0.320836238298699 -0.319539090074783 -0.318135931524962 -0.30883373687337 -0.308236482248879 -0.308155796444706 -0.308806744993526 -0.316071297153404 -0.320695707501274 -0.325345065936608
-9999 -9999 -9999 -9999 -0.081628015555173 -0.17361202461499 -0.219727010017834 -0.312576222236905 -0.304431159355823 -0.259648633647837 -0.250267428820622 -0.282582760088197 -0.310252636830912 -0.285016311847635 -0.286833640547494 -0.332485041490359 -0.46413389075542 -0.417870637661211 -0.403096021985136 -0.356579804676773 -0.345087353418001 -0.362535376936673 -0.416352261842128 -0.40885110494454 -0.405862468782903 -0.400496221483857 -0.38879805411769 -0.380815845854162 -0.373690595826287 -0.372785675131317 -0.367054669607284 -0.376465950032892 -0.377777538385137 -0.372865089214184 -0.364152575342511 -0.356038254779637 -0.35373395737917 -0.343428965086522 -0.341807121902604 -0.340749743583814 -0.336653070357675 -0.335940934555922 -0.331810448716417 -0.322517592064172 -0.320929371016918 -0.320729553561905 -0.317786646189848 -0.312763101358474 -0.311900934601715 -0.313649823709999 -0.321713164870659 -0.32797177151132 -0.340527348575821
-9999 -9999 -9999 -9999 -9999 -9999 -0.230264251324197 -0.306578600576518 -0.271501647947526 -0.200723681599333 -0.21826424966687 -0.278510548051936 -0.293459170620036 -0.293424341747624 -0.304833504611947 -0.367913358601995 -0.465788669018718 -0.431267958386644 -0.430514564527469 -0.3912277102922 -0.365638699159682 -0.405402782629785 -0.408720720584966 -0.356003213904675 -0.359536700201887 -0.382863126875138 -0.381863104951097 -0.375183229050297 -0.367451825140554 -0.373007544651735 -0.369900226259721 -0.376525339272861 -0.380113927573642 -0.383539079619185 -0.375219381024871 -0.3706072077457 -0.3666896481045 -0.360766040845615 -0.353488616536433 -0.349874383216751 -0.342574471122671 -0.337444889809855 -0.336754935310942 -0.325936165192773 -0.327270870622326 -0.319537876245946 -0.319717681052698 -0.320914587618815 -0.321676931874307 -0.32230520881247 -0.33248774765927 -0.344928020534765 -0.354764941918875
-9999 -9999 -9999 -9999 -9999 -0.120539086262455 -0.189830642121362 -0.275874027751274 -0.261878563715481 -0.257527853248395 -0.279834739310976 -0.288122916602116 -0.283571434004547 -0.2784051248447 -0.292597210935437 -0.379402234167606 -0.448387287421902 -0.457512943362131 -0.453243243839914 -0.398563290074489 -0.370985723847601 -0.390645441492971 -0.387216485071311 -0.350514658535072 -0.370936747961226 -0.368941718539365 -0.371305059629012 -0.376040217519414 -0.370770326602022 -0.376417705880763 -0.378379417974996 -0.383860899673704 -0.387959701828075 -0.391574288866437 -0.384874928177513 -0.381497416216994 -0.376156519123765 -0.372102213538729 -0.366625984904088 -0.358638823528861 -0.352959852371942 -0.34708984182556 -0.343763051680423 -0.341262634645955 -0.343266729027556 -0.323350973319396 -0.321856807809874 -0.32720957785338 -0.334712095467477 -0.340378309666301 -0.349717565449969 -0.361589837403095 -0.371828546432468
-9999 -9999 -9999 -9999 -9999 -9999 -0.147026444580284 -0.257523788033745 -0.291086491478161 -0.328799464203768 -0.337983304777897 -0.31022861155849 -0.279974040990083 -0.267742272897782 -0.286237999914722 -0.365797623198975 -0.432480766089445 -0.466521208389722 -0.461571297321003 -0.418981362554298 -0.377771547961386 -0.391995317582117 -0.390683450143624 -0.38354397131109 -0.354539346985238 -0.365195774134274 -0.372287514459157 -0.376250015491743 -0.37390914827502 -0.380073169603272 -0.376460357175954 -0.388715462265756 -0.391514504016425 -0.40214285981305 -0.400652296499063 -0.395085201099859 -0.390560839347647 -0.388153776382739 -0.380105229617136 -0.367389709120971 -0.359628575469609 -0.356993802427502 -0.34971158447551 -0.343686067580168 -0.341199574907892 -0.338210791345114 -0.340382679516379 -0.35002228420107 -0.36223258871064 -0.36972291972687 -0.372838348338693 -0.379985488278235 -0.387293900668724
