data/pcas/pca_proj_current/PC17.asc
NCOLS 494 
NROWS 529 
XLLCORNER -117.166666666667 
YLLCORNER -55.5 
CELLSIZE 0.166666666666667 
NODATA_value -9999 
[rows 368 to 390 of 529, columns 312 to 363 of 494]
0.0180288414064811 0.018216725481114 0.0187901445557188 0.0193943265154256 0.0193007848503062 0.0187717226082605 0.0183024435713509 0.0183906707608541 0.0182585646070322 0.0183489165634851 0.018544716957106 0.0190313202805907 0.0188105458211177 0.018659440661743 0.0187552606810126 0.019134751168822 0.0185182879729069 0.0176224123939078 0.0183527292463282 0.0192708135327415 0.0202122843959223 0.0204793064402874 0.0211722735451727 0.0225052689134208 0.0232814792050069 0.0239506050635697 0.0253100503974138 0.0258138375325119 0.0263438221886299 0.0283407018357462 0.029380527402673 0.0282650331927344 0.0282655089920552 0.0285573359057416 0.028832410685587 0.0302859730696461 0.0309464101387127 0.0298397710272472 0.0295475647322317 0.029764399742676 0.0299785902637844 0.0300909590344997 0.0296026832117944 0.0288622367968772 0.0275846537747198 0.0255308051368951 0.0251120186739901 0.0260086384951786 0.0259879315823247 0.0258870595813638 0.0251282032788081 0.0234582607244106
0.0182306392366228 0.0184980207699908 0.019180495715304 0.0199115669224919 0.0193746850647105 0.0191402876016494 0.0195278101536601 0.0187233908008191 0.0182507838561371 0.0183843546405317 0.0184293051059631 0.0193515567894935 0.0190096273525275 0.0184651002860687 0.0182072510420055 0.01848683917556 0.0179628540384975 0.0178275594725938 0.01864087498292 0.0194790720910847 0.0199961855726407 0.0204517782017452 0.0213285472456204 0.0226140116158252 0.0235873207243169 0.0241071470296501 0.0254776257914468 0.0264719187732496 0.026874181801224 0.0284339123351612 0.0295243032623496 0.0296346180112236 0.0296422592226739 0.028462524655235 0.0295577652444592 0.0305350054601168 0.0301469213281973 0.0303265453526186 0.0296043983620515 0.0290640459311089 0.0297677871764014 0.0296145685261459 0.0284893444512156 0.0277141877520393 0.0277483800585906 0.0265262346534522 0.0269406378078875 0.027065151571647 0.0265231549295704 0.0261423890078471 0.0249900908399425 0.0246442980376951
0.0183474439150084 0.0184325395373725 0.0198929768021361 0.0198685472656818 0.0199202632707121 0.0201943929594127 0.0194906951011483 0.0184019835762402 0.0180354825251186 0.0181848750749133 0.0184508713469187 0.0182486961436279 0.0189164040883305 0.0184075869449001 0.0181242220502204 0.0181540733126793 0.0180450665161301 0.018351000819315 0.019034233736734 0.0195434138786482 0.0200114842079932 0.0206293811804928 0.0220323299822753 0.023034480896369 0.0237493337378874 0.024690836438151 0.0256798413095365 0.0270856637243646 0.028200536298404 0.029150543759265 0.02991676057303 0.0296798478845296 0.0302167391862658 0.0299946312406059 0.0314347304869789 0.0307279234715536 0.0294205497574302 0.029565848517444 0.0291251549691721 0.0289285034319686 0.0292651374745162 0.0289775240413606 0.0285593821394382 0.0277118983645657 0.0275513889106485 0.0274458808535847 0.0272346762995315 0.0271498179072012 0.0265365216927409 0.0262919290529453 0.025833506774606 0.0252092129678693
0.0187106636836936 0.0192580064170805 0.0202837381253994 0.0206540747729565 0.0201126661606551 0.0217646808537552 0.0185287379519621 0.0174904772879473 0.0171894795343917 0.0171030736497929 0.0177483552478491 0.0183645652071423 0.0188444117138266 0.0177834129828459 0.0177245335002928 0.0184929265174094 0.0188267208997958 0.0188440184715646 0.0191611256852926 0.0198081862290792 0.0204307606417615 0.0214380744992358 0.0227016072955706 0.0234385538993669 0.0244268965039562 0.0249944189312113 0.0261098803704466 0.0277770135431541 0.0285785481646351 0.0296220977942014 0.0298286020131456 0.0296434789163652 0.0301584134143977 0.03200995721711 0.0319948083255902 0.0293045963373657 0.0293375015360761 0.0292658322754177 0.0288674304613548 0.0290070094954004 0.0285072079017355 0.0286973179702029 0.0282833874116719 0.0278249574203544 0.0276539040970997 0.0277540965677442 0.0271010531051577 0.0279042909412928 0.0271446824870667 0.026515836755462 0.0266875635878736 0.0257125642352105
0.01897489045951 0.019143099033838 0.0203948479790013 0.0199249336127857 0.0201542751326508 0.0205339459416985 0.0177416451556452 0.0163860754563483 0.0152599524016432 0.0161128974439544 0.0171718529389883 0.0180721197886476 0.0185287659218919 0.0188925759981751 0.0183307475046376 0.0180352378859375 0.0185820616256404 0.0189218053205115 0.0194735863070688 0.0195552178527106 0.0200801467023832 0.0215908575331727 0.0224854965138394 0.0234130257122203 0.0244037819297442 0.0252137669223886 0.0259035019496996 0.0278672256550859 0.028324145180464 0.0295760034738036 0.0298922631402772 0.0297506951115152 0.030499588823672 0.0331795917273348 0.0324884218131351 0.0300008035525789 0.0307220766820795 0.0296127718728907 0.0290198656165558 0.0281357981968318 0.0276608203798011 0.0277557667194817 0.0273855147076492 0.0274389558702363 0.0273395216244509 0.0276833014720455 0.027573165876977 0.027922110613548 0.0275102485556807 0.0268717478091641 0.0274647066624919 0.026087277728643
0.0191460823994246 0.020112070107454 0.0203508124632507 0.0199593644813262 0.0201476612365618 0.0180176029900197 0.0167679412619746 0.0155949851328303 0.0148131202923728 0.0159796686171788 0.0163891375501849 0.0175540975884081 0.018328197180868 0.019140426292639 0.0193216893713393 0.0185562888511498 0.0187809561881609 0.0194124368606126 0.0192916231092967 0.0193737028382495 0.019953811928001 0.0216989529437527 0.0223765917209943 0.023383923453144 0.0243897361497858 0.0254937557497777 0.0269670099891987 0.0269882987030114 0.0278033584085116 0.0285860706528381 0.0287236594153875 0.0293426450125086 0.0309175925303365 0.0333389580847714 0.0319985981109554 0.030742473221479 0.0307407871809204 0.0294386671768277 0.0289712415083196 0.0276300505379815 0.0272565884970648 0.0269911341830213 0.027188071221748 0.0269916665650849 0.0276200789526903 0.0281761099896696 0.0287831753509674 0.0283770863980622 0.0288141285904539 0.0283641424224625 0.0279091452777032 0.0263100699425726
0.0212592788539665 0.0217187355756846 0.022358622794112 0.0207574894521462 0.0197565267979542 0.0182977309402046 0.0164518477042738 0.0152438982564385 0.0156420738054118 0.0155641579450713 0.0161541158822806 0.0181564128745205 0.0189417021156108 0.0192819982568948 0.0195951090869762 0.0197195048075764 0.0196022307888689 0.0206390477741211 0.0189772797519862 0.0195096097241703 0.0202723669710961 0.021340631355253 0.0226920137973061 0.0232094954193398 0.0242586943296022 0.0250386766808202 0.0260531675397837 0.0275822720967237 0.0276209694762837 0.0279595672842221 0.0279199957575879 0.0286639396163714 0.0309663788222867 0.033810441047082 0.0312097756146482 0.0305362673825286 0.0301960118299583 0.0304734049554009 0.0286388248799697 0.027052689579808 0.0273725328607799 0.026700379453844 0.0265871126706938 0.0267492262296645 0.0270441199284858 0.0282435400883762 0.0293775275477839 0.0294737959361359 0.0287842407743833 0.0276256921692829 0.0268070534744909 0.0265057977935569
0.0222739164482555 0.0243605961658475 0.0281764423605188 0.0204919415039825 0.0189111040571995 0.0173803153485992 0.0159372014775073 0.0154895525837505 0.0159486714080513 0.0154419021682847 0.0166239802933825 0.0186747572085307 0.0191963284884617 0.0203074875833276 0.0212764601766995 0.0200975556150077 0.0207533829829703 0.0205374271248533 0.0191718123959841 0.0194073265398361 0.0201549475144965 0.0212696319619178 0.0226789010958891 0.0235925011977894 0.0241748915458553 0.0252022085513704 0.0260563629944423 0.0265658868559147 0.0267369716053021 0.0270768204235158 0.027774416456507 0.0282447987223171 0.0299454237646727 0.0331074535668322 0.0298916594887855 0.0295951888721011 0.0297336263352705 0.0299960657521824 0.0287715343406951 0.0269968160736175 0.0270391247631565 0.0270885963280835 0.0269093835526988 0.0268958487292597 0.0277328612090636 0.0284651449818533 0.0286378372703906 0.028911309305998 0.0284342068908657 0.0278448268322415 0.0275753184710953 0.0271899110771442
0.0252102155031974 0.0267907914710549 0.0250604982995429 0.0200178734176386 0.0188148617767257 0.0168194998720158 0.0156557079665521 0.0165968194310831 0.0151836584174094 0.0162491909374455 0.0179299540389132 0.0194484887468732 0.0194977312633763 0.0200415309383917 0.0207988143048346 0.0216056719102441 0.023483787141865 0.0231008506552176 0.019632462531237 0.0195554071326964 0.0204091277820661 0.021041707994948 0.0227360980091267 0.0239020230057276 0.0242746232693135 0.0250979805267372 0.0259157965533293 0.0253841294153066 0.0258531823742047 0.025877271910006 0.0276407547604455 0.0275864454817735 0.0288279425180076 0.0305482114842734 0.0287168729520854 0.029194425255259 0.0291662993697941 0.0287387421903136 0.02827864451343 0.0278823371915992 0.0270909486344051 0.0268683582347322 0.0275558556630176 0.0278047355273137 0.0276723130444634 0.028919944415001 0.0295055682538497 0.0290741056540797 0.029357076669047 0.0285957338299288 0.0278187166892036 0.0276820573977795
0.0221528904371184 0.0213311110541983 0.020269052041918 0.0188977674432776 0.0183858315629826 0.0168496458338712 0.0165443584024156 0.0159960394852018 0.0150018174239394 0.0169886387845054 0.0188072187489931 0.0205970634061696 0.0206437214659499 0.0217411028386262 0.0235185632219934 0.0260843445118633 0.0264419085848752 0.0260774019180791 0.0207402083727425 0.0203648427197437 0.0208047247045748 0.022008229474485 0.0228465026273384 0.0234123129899381 0.0245414061333415 0.0253946078348253 0.0258229015592324 0.025591157803375 0.0252538451420461 0.0256776519547573 0.0266784135840044 0.028270450905712 0.0278454471424503 0.0288375084322195 0.0275499040348639 0.0282621255667669 0.0276941956038855 0.0277271685265655 0.0287068628852621 0.0283241551650171 0.0279861367052713 0.026879857106528 0.0276287539872078 0.0278383067169271 0.0286838033957655 0.0299424659627062 0.0290264905438259 0.0290685168575462 0.0281849396807046 0.028194355060313 0.027989983527955 0.0284009908262938
0.0210008906569037 0.0204450845948585 0.019770500984129 0.0190823601043426 0.0176001559201762 0.0171596696327517 0.0165240967988252 0.0158549726074911 0.0156608977298099 0.0177166197901016 0.0202599863284314 0.0242582696467344 0.0238973554263093 0.0259930341393395 0.0272090227435308 0.0289772384471448 0.0298353661289701 0.0284675576495443 0.021563908056737 0.0211351338641869 0.0216719038477436 0.0224309019310747 0.0231142036178801 0.0241715540862623 0.0247264048150126 0.0252813337080995 0.0256761088242033 0.0256497781531771 0.0250399681735098 0.0256913549483689 0.0254482992565647 0.0282966238825376 0.0267451047332186 0.0274062154707427 0.025421469309506 0.0255002958289763 0.0257033810186701 0.0279184083536927 0.0284744243719443 0.0281549191996944 0.0282047851957808 0.0282602737099397 0.0281210795095013 0.0291123082161908 0.0297703424313783 0.0284347196594807 0.0275473679155323 0.0280485566751075 0.0292314195432838 0.0293649707244959 0.0294226143469271 0.029640881451791
0.0201924596376011 0.0195811122923964 0.0199957684151321 0.0190898116436017 0.0177916003382965 0.0169110810018523 0.0168497258352184 0.0155198874505789 0.0163053089313565 0.0178614227001388 0.0197415259300374 0.0222529263921042 0.0256976009638906 0.0286447664971586 0.0300758256421438 0.0306432823149587 0.0308051203961285 0.029502178130413 0.0220806357657722 0.0220144107705844 0.0226293062291874 0.0231018343431329 0.0237290371114094 0.0244467176990318 0.0248612752420105 0.0248938289281058 0.0247992241879499 0.0246513868172795 0.0247307425844933 0.0254345086862846 0.0245088364984901 0.0255795493956207 0.0257565002569559 0.0247411181210515 0.0235134789440707 0.0237744030102694 0.0257418236844936 0.0274808797973382 0.027968053568304 0.0285822296075713 0.0286430449157264 0.0287448131271205 0.029793081551469 0.0312564922114431 0.0295064744344499 0.0288487902845244 0.0285279731502537 0.0287713742778029 0.0292550182999381 0.0297466134277532 0.0300136616572009 0.0303496673760801
0.0206050730667672 0.0206753988634005 0.0202263131181495 0.019956964217016 0.0177755502606339 0.017165821061062 0.0163573643771655 0.0158984980331335 0.0169380411999357 0.0179569122643545 0.0201360802469819 0.0211823763884048 0.0232862238165073 0.0289172714569867 0.0312584674365551 0.0315218452527537 0.031638220613384 0.0306587096008896 0.0235708999626696 0.0232404889815801 0.0232766094432805 0.0234611321617067 0.0239893784557882 0.0244438450462166 0.0249781518840593 0.0256260148183101 0.0253567142617988 0.024394205562587 0.0246978751803399 0.0252750726932041 0.023982950448255 0.026242771271451 0.0240102076642543 0.0226312863954758 0.0222257736467298 0.0240881726370472 0.0254703967459652 0.0265890608953856 0.0276844307805539 0.028147843171648 0.028699091141206 0.029097964193303 0.0299684752618179 0.0314280585426995 0.0305953069114162 0.0288620374817172 0.0289602027552928 0.0294447128559512 0.0297504846435386 0.0297875418260817 0.0300911506271227 0.0300954772297691
0.0208387316192029 0.0214405855543776 0.0195607697300996 0.0192728277617784 0.0177297363716899 0.017851310980927 0.0166405747474051 0.0164147307739503 0.0179883869896973 0.0186054200150046 0.0204072674509325 0.0207381598731512 0.0216831476042263 0.024090011231988 0.0272081455247081 0.026040352929651 0.0264467530734357 0.0246456685510723 0.023145564188305 0.0234426035209344 0.0236200699936282 0.0243065336704994 0.0240728321872943 0.0248582146690723 0.0253973159056947 0.0249420298118556 0.0251643445010108 0.024292113703893 0.0254230571567183 0.0255570433391291 0.0265017892933201 0.028811695054638 0.023913981766583 0.0215735840526078 0.0228217953173287 0.0242340547635805 0.0254278621191408 0.0260252613300436 0.0268842126324767 0.027368707473842 0.0284422473109641 0.0286025994662252 0.0299297945622071 0.0331086825262881 0.0314025581442378 0.0295447006167635 0.0294398606938084 0.0297839975433702 0.0299752613582464 0.0297139408973278 0.0296972224993821 0.0299360729677227
0.0205266537076437 0.0202816246195353 0.0186403540555846 0.0187899824343102 0.0185252909361275 0.0185195593347254 0.0170220391252588 0.0171374082313947 0.0177822523869058 0.0184813268394045 0.0204594193650102 0.021065263229203 0.0213800865970168 0.02244455648507 0.0235846527134387 0.0245436036814668 0.0237608864868646 0.0236853485176736 0.0236956588791907 0.023803009955052 0.0240839721582863 0.0243888914232518 0.0242547755898148 0.0252836160486652 0.0255262492802408 0.0256650642301539 0.0255444974246034 0.0260753792633185 0.0271610138715575 0.0264408455679746 0.0288283099082366 0.0269901919669086 0.0223626703917914 0.0223973676574993 0.0228817301857479 0.0238240665159839 0.0251080934529825 0.0260014465284858 0.0276594568768994 0.0281881989154663 0.0278244925404356 0.0285029236150989 0.030712536894008 0.0321387499243661 0.0295298570098857 0.0287860812674188 0.0289849836146878 0.0291187238877184 0.0295934855322565 0.0302217862601941 0.0302891217727149 0.0301484897831958
0.0200307539637699 0.0191329479189321 0.0182120139998968 0.0188037865750912 0.019651063155062 0.0184098393278319 0.0171185195693769 0.0170682978210033 0.0173191348690878 0.0189686385271267 0.0208612974660325 0.0208841709387696 0.0216295804537636 0.0232043266471432 0.0243731433633406 0.0248346787823631 0.02444029512114 0.0239985680004032 0.0246452132054828 0.0243828926143628 0.0238241394769609 0.0243108878894954 0.0253253508486528 0.026052319871565 0.0261331899844483 0.0261557126876529 0.0263640907786639 0.0273910423467068 0.0278456373664221 0.0274242258673313 0.0289100090024558 0.0243009403519071 0.022419350692218 0.0227925849376572 0.0235742218929759 0.023909262245407 0.0252522160522697 0.0268772201495947 0.0268849643680813 0.027799102576078 0.0276546506097442 0.0294447850010552 0.0310282675605517 0.0329495009721516 0.0294345950582917 0.0289774498545005 0.0292542284433769 0.0295643582413786 0.029984863089517 0.0301583406514907 0.0303043556120603 0.0297788446258343
0.0188709416451161 0.0185013344543987 0.0179800112160274 0.0185028890683915 0.0192527277621419 0.0188754173105298 0.0191736074496976 0.0177697583734239 0.0181483331065218 0.0193087550863773 0.02032423558206 0.0215746092062582 0.0223543642763584 0.0235984186597643 0.0244084125560363 0.0248743594099089 0.0256788207624705 0.0248901444361081 0.0252827400790793 0.0248318759858232 0.0236644927866748 0.0252478487625933 0.0258773005947632 0.0267730234184817 0.0267807195364218 0.0272814069921977 0.0274516572645175 0.0299563169478068 0.0302111356081668 0.0307398681549744 0.0258236493791274 0.0236836176691611 0.0230814677711151 0.0238850247397072 0.0247517785835074 0.0250083392744052 0.0256191708762656 0.0257341281089968 0.0265799087418885 0.0278351433408341 0.0284752592402995 0.0295453728847171 0.0304177036300342 0.0300770792985061 0.0292694995052081 0.0291988003505218 0.0295415039246239 0.0294897148188137 0.0301603252992005 0.0303905988181856 0.0302653571390871 0.029551368627842
0.0178113025773689 0.0186096055971691 0.0166824242181766 0.0179920919701011 0.01703945518254 0.016535456908724 0.0184045461229032 0.018681408359967 0.0192514983289913 0.0199966067307939 0.0207136615253164 0.0221568580254813 0.0226730231894733 0.0232164143799699 0.0240069575650917 0.0251667335310974 0.0261058415482014 0.0259225107274632 0.0258695339235273 0.025176591338358 0.0248310725081665 0.0261038157809129 0.0267065165632777 0.0278973396884575 0.027411021773201 0.0278167941757805 0.0301741089033094 0.0327071947102497 0.0312686615761932 0.028523977725785 0.0249594050163195 0.0240807665720871 0.0237754638288671 0.0246988401489996 0.025310471745483 0.0253682624717363 0.0258684426235646 0.0257779082860255 0.0267999998091969 0.027872410900839 0.0281927205001783 0.0297103813694432 0.0305380180000679 0.0302027670615802 0.0292302204169058 0.0296017815171815 0.0300281152708315 0.0300374691236456 0.0301021948804504 0.0304163604279261 0.0300020942037591 0.029653869213502
0.0191882960987376 0.0189784127710673 0.0172908656536685 0.0186976709412635 0.0192261548073229 0.0178124210628131 0.0185008524060297 0.0187192062387034 0.0197390242341386 0.0203911319612048 0.0208699639339476 0.0221958133822373 0.0227259354732421 0.0240447236925687 0.0247615343864856 0.0256329192384331 0.0257525556984211 0.0259097556821151 0.0249955993235724 0.0255383419680599 0.0248878952549534 0.0258584699040651 0.0269887445432611 0.0279692082419513 0.0274404283396412 0.029364770088174 0.0334449028273168 0.0332282008664871 0.0293614671011082 0.0265245184959524 0.025030492413577 0.0246297101806514 0.0248291540914403 0.0254836067630274 0.0255490275398763 0.0251544898791014 0.0261751849804641 0.0260518010725878 0.0267914778571238 0.0277615278873038 0.0285001554861971 0.0308271667171646 0.0306841555226337 0.0303144991208793 0.0299189195496778 0.0301531246472287 0.030430559910696 0.0304297969413034 0.0305380262027543 0.0305278644501532 0.0305624420231143 0.0300575649011489
0.0206289268341555 0.0188168721429404 0.0185421327671806 0.0192863099744189 0.0207611236048269 0.018633322676845 0.0187967159077337 0.0194652117901186 0.019944520312421 0.0208407584099495 0.0218347511325184 0.0225171215441098 0.0232273495409705 0.0237555063422481 0.0245723612399601 0.0249828499252804 0.0254544882418509 0.0266866847414966 0.0246399075787482 0.0246870993250599 0.0253034943073165 0.025789473240598 0.0268795667191984 0.0265465202707187 0.0270487048104738 0.0312214174114968 0.0355846759601025 0.029362485961165 0.0276521187046715 0.0266091946690673 0.0253941055281308 0.0252312394865069 0.0254111569986184 0.0258366562698616 0.0262296629526675 0.0258110521168876 0.0264087558187373 0.0260224848618838 0.0268982967406429 0.0278996091798724 0.0286696710739014 0.0313756383914316 0.0302942123765414 0.0288392907098807 0.0302413799942258 0.0307553927053259 0.0313880725160288 0.0310535387089494 0.0309161846858421 0.0312237001658355 0.0312312321704504 0.0302630623482437
0.0197806463421308 0.018580585527138 0.0185729095269574 0.0207414892502639 0.022523742875617 0.0206461725910276 0.0193193010087091 0.0200273609481409 0.0208604604345341 0.0220833608345366 0.0227888986766481 0.0233242710498672 0.0236721174969473 0.0240203159512037 0.0243143458742947 0.0251448668294991 0.026331307466245 0.0268923231408861 0.0249626629607694 0.0235628112683388 0.0237138757499023 0.0246995225680987 0.0269910222796908 0.0256941158024765 0.026282546216961 0.0321526852581004 0.034798244657593 0.0286442237309482 0.027484468012529 0.0272853216199408 0.0259017040137286 0.025880999338885 0.0265227948515395 0.0268912879082396 0.0270870747357121 0.0263825964536273 0.0274101277868977 0.0268608975189397 0.0269744877420298 0.0284469640473593 0.0290671724087507 0.0312057212425529 0.0312500829635225 0.0293076588482279 0.0304065722333234 0.0309297878188972 0.0320582916587246 0.031279234537428 0.0314451338840034 0.0314909650825834 0.0314814869211158 0.0309161628638025
0.0201777111982803 0.0190678071704069 0.0193863733826697 0.022211996207284 0.0232053947864998 0.0221671958656287 0.0205054901330853 0.0213716798539744 0.0219803353215397 0.0231442311464592 0.0233403835928285 0.0232332703695093 0.0240325356223611 0.0242389139769761 0.0245412255679801 0.0249343472863862 0.0250364486780121 0.0258533738484542 0.0264648887274074 0.0239820780966453 0.0230943610285624 0.0240368532178731 0.0253076474657311 0.0260478831655714 0.0260710316124017 0.0290610048774543 0.0331487538734818 0.0305437277697072 0.0273727431923849 0.0271027853072456 0.0263564005265987 0.0264339588611351 0.0267406946533702 0.0272285366295319 0.027862040443783 0.0271747186207548 0.0287044290983245 0.0279195598335263 0.0278749112059851 0.0284218491786068 0.0294973471695442 0.0302695933801858 0.0317976816675201 0.0290323124519985 0.0315378007223646 0.0331475693258667 0.0329354409223286 0.0322664481889553 0.0319092045010867 0.0320634177611984 0.031954396105815 0.0321401698523749
0.0196617880308497 0.0199797289012822 0.0198825232353093 0.0216283281030815 0.0208143613125342 0.0228688661450392 0.0220777735273274 0.0218808925881946 0.0224536282884336 0.0232203576078576 0.0233921951955401 0.023932873097453 0.0233207494976105 0.0242096850322938 0.0246195640239323 0.0249586486065533 0.0244800979248877 0.0237150826998239 0.0255079671989146 0.0241887800036385 0.0230932783913179 0.0234108025812503 0.0242319078923529 0.0247772043720588 0.0259792078132221 0.0248823816210454 0.0301642092310682 0.0308193136909151 0.0291615091570608 0.0262286533707684 0.0263369827127366 0.0267247472985686 0.027160261416056 0.0275995759073522 0.0276116506926319 0.0282048320420944 0.0293146449605631 0.0290715369835629 0.0287110787228745 0.0299778466030011 0.0299845725565582 0.0313357962733775 0.0321371596031534 0.0319472801428331 0.032702122840305 0.0342595052076235 0.0351403127050282 0.0335860313561206 0.033303799119275 0.0329106901409139 0.0325146816943766 0.0327093557395264
