data/pcas/pca_proj_current/PC17.asc
NCOLS 494 
NROWS 529 
XLLCORNER -117.166666666667 
YLLCORNER -55.5 
CELLSIZE 0.166666666666667 
NODATA_value -9999 
[rows 299 to 321 of 529, columns 416 to 467 of 494]
-0.0332374797715664 -0.0333085595974072 -0.0334063292153598 -0.0338522087127848 -0.0302031510459015 -0.0325511601153748 -0.033411288800362 -0.0328121993665052 -0.0346554393353494 -0.0351100014491493 -0.0362076882135051 -0.036167150370012 -0.0368500452885812 -0.0347926335281434 -0.0331642400271211 -0.0338899812241378 -0.0327485650119615 -0.0311914610051054 -0.0316051744306239 -0.031138532504199 -0.0299482942693853 -0.0290868972170957 -0.0288376382332892 -0.0293205078449301 -0.0301231768075904 -0.0303851846819302 -0.0303484293078499 -0.029514010591129 -0.028728655462736 -0.0281690676603723 -0.028212905118875 -0.0284015869907545 -0.0277356083050569 -0.0273594224045368 -0.0262185797981646 -0.0249558842757599 -0.0231629507691573 -0.0209306555800015 -0.0192250166639435 -0.0181917424662373 -0.0178281571504665 -0.0174826319900995 -0.0171926765506093 -0.0171319270563738 -0.0165351204751884 -0.0156916290310906 -0.0154372574808877 -0.0147480884017882 -0.0139151423993644 -0.0139382132554841 -0.013259584310771 -0.0134240625342489
-0.0336833418850119 -0.0319519677460011 -0.0337690917633829 -0.033752384425634 -0.0327779777286477 -0.0309763373928177 -0.0320411123099728 -0.0327344141632121 -0.0342730626565692 -0.0371472581293602 -0.0372746803785673 -0.0370972314649803 -0.0372834391327891 -0.0351470212610387 -0.0346925155317752 -0.0340535790610748 -0.0317068895202038 -0.030736661005216 -0.030675852041926 -0.0311483456329864 -0.0303281465652763 -0.0298675790050683 -0.0285595348138253 -0.0292244838737743 -0.0288514308844249 -0.0277315690266785 -0.0276470086947858 -0.027343158377647 -0.0278447551582374 -0.0266368885362455 -0.0267053861057272 -0.0269573131474898 -0.0266398892387919 -0.0253836525544155 -0.0239859513677515 -0.0232857578924089 -0.0216983708698188 -0.0202175856701452 -0.0187480471777419 -0.0182796839642719 -0.0174856389150768 -0.0168762289639839 -0.0168632867490534 -0.0173430335505822 -0.017380225224738 -0.0169883493468889 -0.0159808455479588 -0.0131676545112203 -0.0120840618154352 -0.0114402044649745 -0.0112825395999267 -0.0106916133605205
-0.0317940426174508 -0.0318541134141263 -0.033765322612355 -0.033838033216516 -0.0339057506392819 -0.0316330480278462 -0.0323078070454702 -0.0337866618743878 -0.0354064466163477 -0.03882477051202 -0.0383834324873219 -0.038174780308408 -0.0365231540012016 -0.0355515975002024 -0.0350951154840072 -0.0339222982421754 -0.0314895783537907 -0.0306984523867879 -0.0304165563690609 -0.0307134462499821 -0.0305201014533612 -0.029249055640261 -0.0280603126262754 -0.0282201357084303 -0.0258391445597541 -0.0248377027016761 -0.0247070139117229 -0.0255325184942064 -0.0251604215536479 -0.0247997144465587 -0.0252520882689087 -0.02510222486375 -0.0249790475703563 -0.023465228426741 -0.0225330582390118 -0.0213609722483567 -0.0198459242562476 -0.0186206240212167 -0.0177950178688366 -0.0175916880296808 -0.017424357828599 -0.0169366833796153 -0.0165966727587268 -0.0164709040011228 -0.016442360994139 -0.0169872694596732 -0.0154259673827871 -0.0119522292321914 -0.00995058485302572 -0.00923216227258336 -0.00958134170907068 -0.0107429596132501
-0.0322952276137609 -0.0315487074147985 -0.0339297367484944 -0.032408063258188 -0.0315438247362415 -0.0321249094777803 -0.0338023460151419 -0.0340698314782018 -0.035778666668185 -0.0394428363933352 -0.0395134382183054 -0.0376250073936478 -0.0363840093343478 -0.035623822028609 -0.0350095746430387 -0.0332193429941182 -0.0312166694602513 -0.0308401728122625 -0.0306327209467269 -0.0300376224786671 -0.0297875904279557 -0.0283678082978109 -0.0275342466801505 -0.0259427204486407 -0.0225869815613637 -0.0219508102807031 -0.0225616373928267 -0.0223553854155388 -0.022358892271073 -0.0239708469746521 -0.0241982202789635 -0.0233048195626756 -0.0236666454820272 -0.0221436671713305 -0.0208444715397662 -0.0196257923299632 -0.0185420723133843 -0.0173782033743478 -0.0169453403330428 -0.0165910646253805 -0.0166794174483935 -0.0164977673823744 -0.0156267974582485 -0.0152015956162696 -0.0147819545906618 -0.0151510906570606 -0.0137525218557838 -0.0104012824882881 -0.00887213543519222 -0.00850084058603998 -0.00818822098007269 -0.00877953823022698
-0.031172650268677 -0.0308798527553752 -0.0317466621085542 -0.032522443951542 -0.0322678478023643 -0.0323053336941507 -0.0328142071830162 -0.0341181386989651 -0.0363463530389169 -0.0372041152291896 -0.0378770064591814 -0.0367515489684642 -0.0353415577966186 -0.0348103031555588 -0.0343503896375915 -0.0326382818996044 -0.0312126147039166 -0.0310924935481161 -0.0304726001097714 -0.0295163374385936 -0.0286440303936812 -0.0274870479114457 -0.0268457098589543 -0.0235166355406878 -0.0202086997619688 -0.0196757782054852 -0.0196996339558848 -0.0197605699588945 -0.0204892472072953 -0.0221812633598971 -0.0212346069530614 -0.0207989870353652 -0.0198126971561697 -0.0199421594095633 -0.0197773189357284 -0.0188004934242682 -0.0171280824000388 -0.0165378304085545 -0.0163651994636054 -0.0161394452442123 -0.016061898279326 -0.0160109769586031 -0.0154923901854259 -0.0148219760224628 -0.0141270579736239 -0.0130937524376092 -0.0113889516803238 -0.00874228006149158 -0.00721316187165127 -0.0058902629347187 -0.00553695010333724 -0.00583221137863496
-0.030332676750066 -0.0296703006354556 -0.0299413940651025 -0.0310228893019491 -0.0322238129328008 -0.0310761588730818 -0.0318469043632558 -0.0337077699634403 -0.0363330993641471 -0.0345014676687019 -0.0350526436964532 -0.0347130806210118 -0.0333196216751585 -0.0324861515141279 -0.0317808517817833 -0.0307611164428547 -0.0309270537470033 -0.0300360206923729 -0.0292527735623141 -0.0285865751499113 -0.0276003598271502 -0.0267561572660697 -0.0253587339519492 -0.0213211283043996 -0.0184719897784686 -0.0170215700788116 -0.0173526329944229 -0.0175738357381654 -0.0178574329227344 -0.017865036545614 -0.0173194880620219 -0.0170311935992967 -0.0177817062182408 -0.0186263643611829 -0.0184148693112189 -0.0181606546139525 -0.0167471561157075 -0.0157758129473066 -0.0159144328224133 -0.0154883817994144 -0.0164702737148201 -0.0160228975195599 -0.0152739721054973 -0.0148538677861588 -0.0139557537047252 -0.0127213094985272 -0.010400546151754 -0.00631696487291092 -0.00405401717937803 -0.00388600912997056 -9999 -9999
-0.0296825316218798 -0.0283125644687477 -0.0291515331981066 -0.0301436127676767 -0.0304533327668316 -0.0298118145464269 -0.0306115953465611 -0.0344250407180719 -0.0335061172287344 -0.0321930473802958 -0.0334261932046964 -0.0342792276793834 -0.0309515010551287 -0.0307616663953495 -0.0295375297954302 -0.0275715414428064 -0.0294580515670826 -0.0285947834916459 -0.0281358567201156 -0.0271702135261448 -0.0270799025227031 -0.0259914339965738 -0.0244098440547467 -0.0207637991392093 -0.0170243586595508 -0.0150264546740979 -0.0151167557490343 -0.0149129539219074 -0.0140002506488806 -0.0141029275532181 -0.014288983024424 -0.0149568952958873 -0.0159295598035062 -0.0158116899198959 -0.017255979367014 -0.0169137300124056 -0.0163778802215448 -0.0155728174289854 -0.0163161448201457 -0.0159767749457846 -0.0161099422116358 -0.0154363393579883 -0.0149400817531876 -0.0142750625186275 -0.0128851290316152 -0.0117269090901789 -0.00975166872597769 -0.00609857138826159 -0.00217769525727815 0.000340331572040886 -9999 -9999
-0.0260764427140915 -0.0272487767906694 -0.0283602731121444 -0.0283194443441454 -0.0296704735427041 -0.0284220645193717 -0.0285905950983573 -0.0300004873482103 -0.0316259549339265 -0.0304334513079915 -0.0310074974443805 -0.0296496516782477 -0.0286508291280894 -0.0286122380764926 -0.0264820256122141 -0.0260429733837922 -0.0278860688795188 -0.0274169958188676 -0.0266714436473655 -0.0263133193975444 -0.0255609777416824 -0.0249075223206426 -0.0235823628683267 -0.0196194806484151 -0.0167825806628598 -0.0143752328962184 -0.0131226539283043 -0.0125980906990393 -0.0122550057894956 -0.0117669176375468 -0.0124454463535603 -0.0136188927626931 -0.0148818904352721 -0.0157549743894498 -0.0163377967804623 -0.0159777567358474 -0.0159287442747152 -0.0156951424265231 -0.0159305747009266 -0.015728439971095 -0.0152280255392284 -0.0146808461290501 -0.014421023392424 -0.0129251331593188 -0.011640872105987 -0.0108523791597517 -0.00914937425352461 -0.00590701158545742 -0.000722967220553622 -9999 -9999 -9999
-0.0280004428862299 -0.0263053686900231 -0.0253196365090857 -0.0259391478182059 -0.0276420070843078 -0.0295263846877058 -0.0280451884675822 -0.0279982328773654 -0.0303379322739439 -0.0294004316750716 -0.0281454392097008 -0.0274731580958931 -0.026597375250858 -0.0260996805678543 -0.0246513408027067 -0.0244189389002123 -0.0259578148890941 -0.0261113327196614 -0.0253566396965169 -0.0249122076387905 -0.0241209791036152 -0.0237810839713676 -0.0224462160946922 -0.0192045460591486 -0.0164911798614887 -0.0140399901948082 -0.0116505115318937 -0.0117235855129633 -0.00998438180856101 -0.010117669151625 -0.0113951634155182 -0.0121228025126729 -0.0119362326214579 -0.0132876209162428 -0.015533598857476 -0.015965309351431 -0.0160086072833485 -0.0158410249893666 -0.0153497193672024 -0.0157835637710611 -0.0145724527599535 -0.0135871496547582 -0.0131178931983598 -0.0120518690463565 -0.0107828174003179 -0.00935770069224551 -0.00719926034832247 -0.00470608205976439 0.000299210235414044 -9999 -9999 -9999
-0.0296359967105333 -0.027442128547829 -0.0264243257549459 -0.0253185961081805 -0.0259267868102606 -0.0277793738090442 -0.0264407915550777 -0.026563329268575 -0.0270262564415882 -0.0268341037648396 -0.0253993307072691 -0.0249992141649795 -0.0249099267839827 -0.0244705686694426 -0.0243564412828367 -0.0232267161770162 -0.0234362776949828 -0.02464392782416 -0.0247835537854926 -0.0237981144342097 -0.0233616538307696 -0.0222591833629005 -0.021217877294922 -0.0192795888754776 -0.0159403271914995 -0.0125901675471219 -0.0110172941776877 -0.010427595426662 -0.00976003409380885 -0.0103495972644949 -0.0111120059908247 -0.0112662973340557 -0.0116261836188513 -0.0130494941353417 -0.015042842403093 -0.0162577627225825 -0.015907450829459 -0.0159649062154555 -0.0156440195789063 -0.0153661845177613 -0.0142529625332433 -0.0138458684506803 -0.0121917821923453 -0.0105906908175527 -0.00910468066394785 -0.00793591979949709 -0.00634439980445026 -0.0039635513327107 -0.00104696482564826 -9999 -9999 -9999
-0.0305141511381673 -0.0281534603683205 -0.0276431323890213 -0.026489165567713 -0.0270062900361323 -0.0260592477952124 -0.0255969374308302 -0.0248764507106429 -0.0245199305605675 -0.0242496072475176 -0.0233680565645127 -0.0232531015923804 -0.0220710883612385 -0.0223197088966195 -0.0227296455510132 -0.0222092438490109 -0.022727975248327 -0.0236104739405949 -0.0234287493885089 -0.0235892096441986 -0.0230040111038326 -0.022002909335847 -0.0209407580923028 -0.0189602877635122 -0.0161739317687418 -0.0123258898124323 -0.0106772429424662 -0.00971228289577536 -0.00925361361263397 -0.00944386666329697 -0.0100643512324405 -0.010586034258702 -0.0121572638819508 -0.0150731627319447 -0.0162552875788578 -0.0161868011048096 -0.0159789841574658 -0.0158566757356566 -0.0154787072654279 -0.0146293111122672 -0.0136470102574898 -0.0124852455953156 -0.0104912949400046 -0.00979897329602095 -0.00752867919398229 -0.00637854334828633 -0.00518455838743961 -0.00333369133103134 -0.000621399470437045 -9999 -9999 -9999
-0.0290322458674893 -0.0267895530759664 -0.0241275562008311 -0.0231813706419625 -0.024821095846677 -0.0244313913747606 -0.024027926161505 -0.023074444295889 -0.0225857473552856 -0.0224529233065399 -0.0215895758069605 -0.0215935960014852 -0.0201375489799784 -0.0203244386817899 -0.0212422219249218 -0.0224222016726954 -0.0226159421705 -0.0234885160005924 -0.0236221570001144 -0.0238405224742643 -0.0235088461562863 -0.0222210325271709 -0.0209130371492776 -0.0198161657003642 -0.0170730479341075 -0.0135783627575167 -0.010813349830317 -0.00987498720939425 -0.00940151522386576 -0.0100158623223218 -0.011466229433688 -0.0113554258466459 -0.0127204159853948 -0.0144754664277957 -0.0147705960389267 -0.0146550665646526 -0.0152404817221123 -0.0156731632549593 -0.0140920356075501 -0.0137668575771275 -0.0128462556905411 -0.0111763457294309 -0.0102671470240087 -0.00851438700359561 -0.00686055558824364 -0.00500357542095187 -0.00236267288556694 -0.000529664488541998 0.001174654722917 -9999 -9999 -9999
-0.0283714043987378 -0.0265496002294931 -0.024801883950295 -0.0237858967985202 -0.0221762284912022 -0.0218588796412495 -0.0231336643211783 -0.021844732307964 -0.0205946233226149 -0.0214104947305214 -0.0214108853713228 -0.0193577272340873 -0.0188236117079901 -0.0193414259241532 -0.020044967483493 -0.0217630858031445 -0.022544314414038 -0.0238723008091027 -0.0242668775570395 -0.0245494278627485 -0.0247683742142443 -0.0234063115216738 -0.0214441820942456 -0.0201904629914683 -0.0179901388122556 -0.0149559646684922 -0.0114649072179165 -0.0109233753053961 -0.0100962060643021 -0.00989298213012929 -0.011052301009812 -0.0124560025610456 -0.0144863601122254 -0.014459247743662 -0.0140246180331251 -0.0134219027960644 -0.0140057708424422 -0.0128231165623895 -0.0129255294209921 -0.0127871976070473 -0.0128031026209066 -0.0105255526979681 -0.00871865549479009 -0.00717978265055536 -0.00560106715272082 -0.00363724139290936 -0.00148933747455643 0.000628369809537149 0.00264004238742072 -9999 -9999 -9999
-0.0273047329174855 -0.025256528729014 -0.0248990812109961 -0.0231717344587004 -0.0224881864502032 -0.0212698595139239 -0.0210462280577874 -0.0201541563970355 -0.019462204814213 -0.0196893759038244 -0.0174571036685525 -0.0164030189734582 -0.0168660772997425 -0.0177219719683648 -0.0187062932396467 -0.0207111146654422 -0.0224761861675978 -0.0238763270809628 -0.0253354184575513 -0.02457251147319 -0.0238464982153601 -0.0225495275899907 -0.022363280533814 -0.0209149265503609 -0.0192378896416067 -0.0160794982289125 -0.0121202476474791 -0.0109610901674595 -0.0100028030199439 -0.00857042524039486 -0.00793154858231565 -0.0121073354775095 -0.013649473795903 -0.0128393573001988 -0.0130110243094699 -0.0130499744377869 -0.0124072224347956 -0.0116482705766381 -0.0110326286654843 -0.0117071426785106 -0.0118303353575328 -0.00959833076246747 -0.00774810986740732 -0.00664603039770248 -0.00402916069105674 -0.00253047724526306 -0.000283468549533872 0.00253215631143153 0.00301659115503658 -9999 -9999 -9999
-0.0247968982712875 -0.0236547322666926 -0.0220127646705806 -0.0209757510900108 -0.0206150669592654 -0.019214790151326 -0.0180779204808257 -0.017823610250965 -0.0167404182879702 -0.0157308971019969 -0.0153981091468982 -0.0144050499097347 -0.0154088205044487 -0.0163123451353461 -0.017630182531915 -0.0195156902499438 -0.0209119871138556 -0.0236914047610309 -0.0256147936755143 -0.0251050405352806 -0.0231821350282169 -0.0230922211158966 -0.0234855407603397 -0.0225664420628932 -0.0198547552491082 -0.0157864672710028 -0.0132987182376594 -0.00961106244954316 -0.00896342754287288 -0.00872053872318673 -0.00998936690547228 -0.0118728770563083 -0.0121557938268893 -0.0114334267960606 -0.0115181458878345 -0.0120179662431262 -0.0115901192375081 -0.0115292501003079 -0.0107186956637145 -0.0107555098708696 -0.00956686531789472 -0.00908952572471955 -0.00710148665436561 -0.00563632585162457 -0.00384113423409022 -0.00192332254858252 0.000277220984812976 0.00260748751427284 0.00455688662922771 -9999 -9999 -9999
-0.0220282795294052 -0.0209032877892646 -0.0193336454547092 -0.0184194469343043 -0.0182515326192383 -0.01791097021855 -0.0162276261434562 -0.0154802718292434 -0.0153482327566262 -0.0138352971757504 -0.012723742829783 -0.0120283340638909 -0.0139394625611785 -0.0153283787884592 -0.0165306927240713 -0.01832768851087 -0.0199889023418435 -0.0224392299109501 -0.0240288970559814 -0.0246822421253155 -0.023316965888705 -0.0231169184441937 -0.0235279753525671 -0.0228428407224301 -0.0196197826309835 -0.0151589554928384 -0.0129621197711533 -0.00999987417124887 -0.00934736058274158 -0.00862560024259099 -0.00894836747135003 -0.0100793038316488 -0.0108954004195308 -0.0112280253805812 -0.0109332362696241 -0.0108406763793163 -0.0105641594435858 -0.0107520410046351 -0.00998463026181537 -0.00970286200216741 -0.00884667519003787 -0.00730810660580644 -0.00566730828682407 -0.00374223060637116 -0.00218205417383974 -0.000166192624587447 0.00224390216206116 0.00183509137464613 -9999 -9999 -9999 -9999
-0.020117848643646 -0.018578868961321 -0.0171012395323311 -0.0157984602344593 -0.0155486803134358 -0.0160675226192327 -0.0152810476703999 -0.0143246622131582 -0.0134729168438902 -0.0130320231074244 -0.0106329002503759 -0.0106709244352457 -0.0123392483121081 -0.0142385525009557 -0.0159605582544401 -0.0175195285948342 -0.0190884672462281 -0.021216656928283 -0.0223645778481814 -0.0233353415278452 -0.0226802176014888 -0.0226622255856894 -0.0232554635763636 -0.0216957512814864 -0.018131239975139 -0.0135342742187551 -0.0114487652612172 -0.00978445005959083 -0.00916951684378159 -0.00876101784312672 -0.0098448935472237 -0.0101781945751534 -0.0105730270440924 -0.0106571946396277 -0.010936421205208 -0.0106932972807106 -0.0105764282622509 -0.0101093304602486 -0.00938749348706044 -0.00819272491041456 -0.00718657951152438 -0.00575706023262626 -0.00430094620265986 -0.00186091048549217 0.000392754070936696 0.00216600030748709 0.00370923909878351 -9999 -9999 -9999 -9999 -9999
-0.0198732567845147 -0.0174706381076071 -0.0150799209760836 -0.0133283729541097 -0.0135243673424239 -0.0139422164173625 -0.0132046324792824 -0.0121904812355562 -0.0112950165550534 -0.0110777126590864 -0.0111315561874542 -0.0101984862415953 -0.011629757587084 -0.0132534444762958 -0.0148216665866747 -0.016420252455469 -0.0182200896683141 -0.0195390410090519 -0.0209431921123119 -0.021820107147032 -0.0213793091717608 -0.0208313952127414 -0.0203637810310311 -0.0185490935744744 -0.0165261852755739 -0.0124537202350834 -0.0107137583531412 -0.00953339856170432 -0.00865528962724196 -0.0081901196441759 -0.00953236890748804 -0.00977574082644356 -0.0100131715199202 -0.0101541654500658 -0.0101762969524584 -0.0113162592836222 -0.0104764170125107 -0.00995847173210129 -0.00892747128691923 -0.00785965799954638 -0.00652921205665283 -0.00428772921889375 -0.00242288966163609 1.59804965815802e-05 0.0023208407414162 0.00390421446094322 0.00406780963409897 -9999 -9999 -9999 -9999 -9999
-0.018987322999139 -0.0144804419087948 -0.0112037746149556 -0.0113062676438719 -0.0109001578287925 -0.0109521657062007 -0.0114457218724018 -0.0123613094694309 -0.0114335001386483 -0.0103504734275828 -0.010684211059408 -0.0100435296095924 -0.0113456061579528 -0.0123294236874027 -0.0136522491071309 -0.015863442124474 -0.0168864852615884 -0.0178819174921534 -0.0187436214301999 -0.0201330472010488 -0.0200991553112277 -0.019333508786375 -0.0194076953529504 -0.0176121540816161 -0.01572742425089 -0.012552207360235 -0.00927545932513013 -0.00823776453384484 -0.00785135594055908 -0.00751662203585227 -0.00846689799211742 -0.00863626386572688 -0.00917645785772453 -0.00997408551953571 -0.0105508356855308 -0.0111337142009262 -0.0105600502063918 -0.0100306449124479 -0.00776092236309758 -0.00631249968636677 -0.00556676804878004 -0.00417263415166225 -0.00191736155190142 0.00148551756275975 0.00347974984436664 0.00433694894900435 -9999 -9999 -9999 -9999 -9999 -9999
-0.0186474087000903 -0.0129002887084818 -0.00906124091140778 -0.00976523085842176 -0.0101202121909381 -0.0100403208937693 -0.0107782208012969 -0.0114732162314189 -0.0107776609249273 -0.0102966377194823 -0.0106048738604712 -0.0105610685119228 -0.0115097121402637 -0.0121895526972361 -0.0131663310461904 -0.0144475097856241 -0.0155841426337843 -0.0166124755379984 -0.0180030800633418 -0.0182501553543183 -0.019346934740614 -0.0190220195588818 -0.0185628454788423 -0.0162242975997234 -0.0144765985609032 -0.0112585535716824 -0.00800870313872648 -0.00733460063994293 -0.00627472388403308 -0.00647634463348101 -0.00700509993111995 -0.00791679416360355 -0.00893265692153264 -0.00959562377883044 -0.00992177093155355 -0.0106291858333904 -0.00878412658788044 -0.00965456885932681 -0.00733296903253008 -0.00528505481185834 -0.00450961662433119 -0.00272468989709398 0.000176437379244027 0.00312628693703887 0.0039917310397756 0.00334203304733113 -9999 -9999 -9999 -9999 -9999 -9999
-0.0180664209416668 -0.0131213487742491 -0.00840133921058753 -0.00892077800124211 -0.00939957517695464 -0.0116604780161996 -0.0117598959196482 -0.0107041381624115 -0.0114775252434818 -0.0104734647561268 -0.0103610810660381 -0.0110213682280136 -0.0108995413929463 -0.011356177293744 -0.0132471037222317 -0.0139767064089499 -0.0154393196014265 -0.0162386171849591 -0.0174120840720063 -0.0173926021411029 -0.0179611660220927 -0.0178979716513149 -0.0164858503516703 -0.0149214506599547 -0.012967251146677 -0.01049164735195 -0.00757746765721323 -0.00648692970507675 -0.00504155883867966 -0.0047139582198493 -0.00590735319038316 -0.00813757675251245 -0.00861611275620283 -0.00992329384860349 -0.0101736718162475 -0.0108175537375457 -0.00945565730188536 -0.00764710201309485 -0.00595559329328962 -0.00341589134984105 -0.00269580309280268 -0.000776581693339717 0.00297413938495891 0.00511520943436444 0.00541246450902286 -9999 -9999 -9999 -9999 -9999 -9999 -9999
-0.0173793863820917 -0.0150802734675294 -0.0129317307415887 -0.0115493308591657 -0.0109208036350671 -0.0119089960106988 -0.0113791736950997 -0.0121542344591564 -0.0115551755213384 -0.0104175899468695 -0.00926645912546245 -0.00936694729836771 -0.00944834543929488 -0.0113034127373517 -0.0131027129837171 -0.0143537719146873 -0.0144471609577796 -0.0148347241753661 -0.0161026153581664 -0.0166699494128885 -0.0167872268201637 -0.0160537950039832 -0.0148781685412777 -0.0140833742099422 -0.0122597364271102 -0.0092832691586453 -0.00739601785984742 -0.00544035465214393 -0.00429766982205451 -0.00377691158989657 -0.00498479853000131 -0.00747279341285967 -0.00821887322062623 -0.00932745970426593 -0.00865148332763183 -0.00917752956469467 -0.00773707607455329 -0.00565532721372755 -0.00349405291565474 -0.00208542885483665 -0.00025185622374585 0.00164550571608027 0.00474765607852193 0.00633573425308392 0.00651693604793813 -9999 -9999 -9999 -9999 -9999 -9999 -9999
-0.0185541863531526 -0.0151078126413097 -0.0140083847037386 -0.013767937018505 -0.0132068395684462 -0.0121298102808428 -0.0117993297080886 -0.012118781763606 -0.0122142892043547 -0.0115383451355199 -0.00973936321339583 -0.0116520840704102 -0.0113826643819952 -0.0101458271400215 -0.0118730125175587 -0.0123017585568109 -0.0129227567739799 -0.0137361357753911 -0.0146942794634883 -0.0152461016466547 -0.0155022805377975 -0.0146107334624623 -0.014656077847526 -0.0139012299523189 -0.0108593119136803 -0.00872921691389225 -0.00713483524240069 -0.00547752065024198 -0.00471696603914604 -0.00439711265187642 -0.00566177240544688 -0.00646720013136692 -0.00731684597977525 -0.0069387271652035 -0.00751308774769649 -0.00748222536116383 -0.00621796808327169 -0.00437331419309617 -0.00240939515626379 -0.000362072585161743 0.00261309416555494 0.0058745200143262 0.00597651610857483 0.00732268911090656 -9999 -9999 -9999 -9999 -9999 -9999 -9999 -9999
