data/pcas/pca_proj_current/PC17.asc
NCOLS 494 
NROWS 529 
XLLCORNER -117.166666666667 
YLLCORNER -55.5 
CELLSIZE 0.166666666666667 
NODATA_value -9999 
[rows 0 to 22 of 529, columns 0 to 51 of 494]
0.014694926012007 0.00964859785388653 0.0126409289317435 0.0187895541109866 0.0219959397305328 0.0270178515397155 0.0334788179886405 0.0290624380547542 0.0247865417625285 0.028343926076685 0.0289687528245998 0.0364722411879798 0.0354232197742096 0.0345283735783369 0.0359818038060515 0.0392694850241606 0.039820402647831 0.0412965550555283 0.0392235083249954 0.0402391134087812 0.0383104108404868 0.0411324340990103 0.0408026142744795 0.0413044234979261 0.0421347292832455 0.0426971483521629 0.0440496235828108 0.0433309190192822 0.0423856385602245 0.0396234704451687 0.0402260944999462 0.0385803801104275 0.0367270657534981 0.035646907593519 0.0376439100259432 0.0388578856387848 0.0427062793290314 0.041347739219513 0.0428437153028543 0.0376578265511547 0.035586837684784 0.0373083385561681 0.0323216037691899 0.0320350532430569 0.036602327298716 0.0345725330269555 0.0334478526189202 0.03162613029068 0.031001022150618 0.0309467745508578 0.0310683984078433 0.0318622091908165
0.0101471841499117 0.00958872211595285 0.0107999103722251 0.013634486495273 0.0199511667687788 0.0226066497197616 0.0209881601209274 0.0269738028107464 0.0234774280904538 0.0277300387057633 0.0310989386111233 0.0276276455697695 0.0374665015036497 0.0353968726051322 0.0351882643629501 0.0367807597690304 0.0372147224037321 0.0373980945000143 0.0390939426699129 0.0386647722809598 0.0389815647661299 0.0393491671873538 0.0417000635047468 0.0421618023119164 0.0429238205048901 0.0450267458507192 0.0431599243092361 0.0411699251712389 0.0394855624966146 0.0377014031432716 0.0383011814723046 0.0382176347589423 0.0365833519136347 0.0389280016370306 0.0393803681950881 0.0373904135483589 0.0410732302960366 0.0435656877455688 0.0438178697234219 0.0376826589537139 0.0311562560171618 0.0320094015627129 0.0325904982301513 0.0298948367505289 0.0314595546145942 0.033688297507843 0.0338040983363963 0.0316724218306111 0.0306988826169849 0.0317616509756171 0.0321980813035936 0.0320507019848859
0.00905225198919352 0.00820121398307128 0.0124974312720229 0.013600802215253 0.0165726889441303 0.0207960483417806 0.0149878139519212 0.0242585213058565 0.0212579896550278 0.0194250641710532 0.0276630637544614 0.0255551868873784 0.0354449781948623 0.0366588459789694 0.0339957993037276 0.0358327992195989 0.0368725990245294 0.0384849253579746 0.0380261746979858 0.0375498137530755 0.0391260126554786 0.0373834012025393 0.0376087970853637 0.0389947359241974 0.0396824417999577 0.0415357608718003 0.0392708832600014 0.0387340554424946 0.0370186392086929 0.038089193136604 0.0384581402284634 0.0360200262437357 0.0364118002277966 0.0355092406685208 0.0374292383810254 0.0368182913369489 0.0404971566626877 0.0418984112746357 0.0395714286871849 0.0378613037671608 0.0313338156430765 0.0282694526945372 0.0291924701318625 0.028775427205016 0.0297190502312359 0.0329260273324598 0.033546158946646 0.0312242400658492 0.0297429741263901 0.0316370634616234 0.0312699179024302 0.0326920621064829
-9999 0.00896608024595683 0.00728768045977091 0.0105817934999983 0.0156748707567871 0.016563265676245 0.0145300878641009 0.0185714743139284 0.0259857622970734 0.0133718156301315 0.0196620162429483 0.0233346035754062 0.0299344331124823 0.0342886452212757 0.0357518616733223 0.0361408066489325 0.0365052223606134 0.0379800405397276 0.0373818151274422 0.0360277232301836 0.0359407278398053 0.0344401133512316 0.0344854275692185 0.0374483461707155 0.0363334091362666 0.0384313832315717 0.0368918203833301 0.0368464309960789 0.0346821987323794 0.0349674331270475 0.0362890018494381 0.0361303845299727 0.03678465340819 0.0356220798564985 0.0345216010347848 0.0349508165972838 0.0364955177160223 0.0366091833344785 0.0334803165918586 0.0322457021181689 0.0306782681642263 0.0257233442582122 0.0300515119686538 0.0276843165491852 0.0273583237470207 0.0268097482453879 0.0269228063595646 0.0295052915942167 0.0286691619253425 0.0307382585171189 0.0297301750816494 0.0315118356781931
-9999 0.00788284235023584 0.00846367131924552 0.00900658850494859 0.0125663218284621 0.0114129627606922 0.00982409689800165 0.0158414341634993 0.0242060236138829 0.0158032896564545 0.0152220920840509 0.0193355556970632 0.0268992887423532 0.0361377011772089 0.0426717121939832 0.0378456437621273 0.0378841558943451 0.0374399809223396 0.0379195471541543 0.0372417497906448 0.0349124837191439 0.0326626283439653 0.0311624896744053 0.0293966957342662 0.0363400142805763 0.0353819101531661 0.0329877100915589 0.0328502908659558 0.0338973647062847 0.0331414837577766 0.0311637208739524 0.0308747927225734 0.031657989848931 0.0358765840588987 0.0313903920757458 0.0333102721014056 0.0325877038639689 0.0316493188596939 0.0313845751944526 0.0292797601249017 0.030448901600962 0.0246034980812391 0.0288824685103984 0.0309313693146001 0.026659931440765 0.0239788273060065 0.0247402700320973 0.0306989823404859 0.0276329845155023 0.0288692886720852 0.0295617766064483 0.0306780230378781
-9999 -9999 0.0106260911844248 0.00605445803879251 0.00744307647362796 0.0112817162215686 0.00814156300093508 0.0107149615713645 0.0162190020553122 0.0190336318198056 0.0199785575856619 0.0209638047495343 0.0254849739167673 0.0388821714781639 0.044801171647536 0.0444704578426201 0.0403828092209272 0.0389652812283011 0.0385211652810693 0.038852432386453 0.0359752894330541 0.0314261802332515 0.0293491062985192 0.0303228708415277 0.0312942333621018 0.0344211311701113 0.0356793268935124 0.0321964382241443 0.0309658581993484 0.0308422012622918 0.0298155949864714 0.029432128816476 0.0275473048147826 0.0324927496633935 0.0281179922295713 0.0273033263252621 0.0266320681280574 0.030214104227489 0.0305134304766544 0.0267092543371858 0.0307660962651658 0.0265080125735891 0.0293873910528999 0.028974492945043 0.0259325977606105 0.0242119185404166 0.0240249820746309 0.0268159547270128 0.0259687651459491 0.0276560783075475 0.0280381090199331 0.0299366062670663
-9999 -9999 0.00977170899881025 0.0055070353852594 0.00568431826343152 0.0113716964578027 0.0111984834952003 0.00807989396528208 0.00945494079538237 0.0178164726381868 0.0204926249365801 0.0232256843127854 0.0255301660463145 0.0381366912907339 0.0435140565828398 0.0759362688988098 0.0444004225512776 0.0401358439340041 0.0396915216701945 0.0427907450654148 0.0377246350463895 0.0344282735679086 0.0317628316555336 0.0321568597771192 0.0322177178516135 0.029268880693162 0.0324173125702307 0.0325442447306356 0.0312223975461643 0.0299899195131245 0.0308255312637654 0.028745883004626 0.0272848044774225 0.0293874481319875 0.0268960142021082 0.0245808851187423 0.0241354666989383 0.0241029480993854 0.0246478228799154 0.0260839265028694 0.0302640242991097 0.0292852115730887 0.0287860085079002 0.0301511493961863 0.0245067814697073 0.0230112114683035 0.0238055424778092 0.0228803614657414 0.0251807121422393 0.0264285223679802 0.0296231055414305 0.0307611483618872
-9999 -9999 -9999 0.00272565423853907 0.00274050298378767 0.00333715772038259 0.00791061532268242 0.0122518008826338 0.0108229121871265 0.0138622369421017 0.0186086318263448 0.0242636249489608 0.0316218590601909 0.0382310296402416 -9999 -9999 -9999 -9999 0.0423130798103644 -9999 -9999 0.0374141265153611 0.0334099498474814 0.0329040816999859 0.0305454615322183 0.0279740809800856 0.0293822609133242 0.0303545300555448 0.0303242359832943 0.0288200827250229 0.0272856872155198 0.0269309906357918 0.0251191570677941 0.0239152605036602 0.022699519158559 0.021811405204764 0.0226546984476686 0.0189287478223691 0.0240277506135632 0.0233891262191072 0.0285588355006847 0.0301646462207847 0.0282445802541372 0.0300445470806442 0.0254646004155301 0.0231954368291767 0.0236143770004047 0.0215878896457893 0.0249284187754486 0.0267687088413254 0.0288915605123351 0.0306619960496669
-9999 -9999 -9999 -9999 0.00207658836670555 0.000317034279005757 0.00302543326016169 0.0122126034291202 0.0128483939329591 0.0135165341339198 0.0188690541662004 0.0284784089842146 0.033540337620019 0.0333246868567316 -9999 -9999 -9999 -9999 -9999 -9999 -9999 0.0434570573947075 0.0392324512762698 0.0371078928889766 0.0316548955878779 0.0283247867594505 0.0284382068501468 0.0287475617922957 0.027115781428642 0.0276346085408213 0.0258794365307639 0.0262150206050116 0.0233992906819978 0.0214040578186872 0.0200390172013049 0.0183010295248625 0.0197346041059429 0.0196112867914184 0.0196354944429856 0.0229039757520126 0.0245445300266816 0.0249684547795426 0.0262690349989648 0.0269499634453646 0.0253061223899449 0.0239122138321289 0.0238478388796355 0.0221806127112854 0.0248186794750747 0.0276027204299821 0.0315517433830214 0.0303533093706216
-9999 -9999 -9999 -9999 -9999 -0.00149726308914624 0.000635879207297629 0.00874684106687676 0.012499877788174 0.0140467180527969 0.0227461039131026 0.0286232338042027 0.0311384619138324 0.0335743131422667 0.044101241027917 -9999 -9999 -9999 -9999 -9999 -9999 -9999 -9999 -9999 0.035722952327435 0.029036068688984 0.0278770954729391 0.0269263972862618 0.0263523878999842 0.0248902556860136 0.0241163164470622 0.0215032135370161 0.0217304021659334 0.0235067411087651 0.0193688684277178 0.0180012071831315 0.0195342816751511 0.0190090969667889 0.0222665029716051 0.0191854076386223 0.022852823122882 0.0223400774396297 0.0223798620104503 0.0253392506139881 0.0233288532233776 0.0215572247315285 0.0206920094643275 0.0194906019427649 0.0251944851730569 0.0291706598161439 0.0296876517104761 0.0295741756695705
-9999 -9999 -9999 -9999 0.00501770891280037 -0.00153780345496962 -0.00151705187749532 0.00564799368566768 0.0110202087321741 0.013805611764555 0.0172780476699637 0.0298664726322844 0.0265902044845008 0.0326560640875681 0.0337923568203633 -9999 -9999 -9999 -9999 -9999 -9999 -9999 -9999 -9999 0.0358771242793172 0.0309159905590773 0.0292346014454149 0.0267458262217666 0.0249376757839902 0.0247083866501661 0.0243737095176249 0.0207139497842985 0.0197495176287037 0.0186687410209611 0.0181950235564363 0.016896819602721 0.0158337235097414 0.0165577216819346 0.0190346929125365 0.0176669183827426 0.0201723440682345 0.0207660947296834 0.0202721753506994 0.0254338941755711 0.0214588658028156 0.0192254571121206 0.0198298987832276 0.0178402421229611 0.0245282599557934 0.0277884350514306 0.0273839123663138 0.0248278774243328
-9999 -9999 -9999 -9999 -9999 -9999 -0.000490979282914084 0.00332277209673254 0.0103695225561066 0.0137206500510786 0.0127588656401903 0.0197058130628505 0.0259455956882032 0.0308601506394252 0.0294176388798026 -9999 -9999 -9999 -9999 -9999 -9999 -9999 -9999 -9999 0.0368486655490567 0.031529209574273 0.0306468394514396 0.0290961518804929 0.0245846857628234 0.0222741063371404 0.0212321925155399 0.0199882934158718 0.0194645464375762 0.0180123565468577 0.0174854789501693 0.0172265975977154 0.0158981452949822 0.0151687561931333 0.0160965636652869 0.0176975626633345 0.0180827401672827 0.0166111135185467 0.0139215371942533 0.0130332436843421 0.0205604616438814 0.0184197649561222 0.0180483306216216 0.0159338195281977 0.0197153092699673 0.0219591373939171 0.0233503099598059 0.0254975584390494
-9999 -9999 -9999 -9999 -9999 -9999 -0.000451571617224283 -0.00225689618121663 0.00728501438231177 0.0107771081402549 0.0126948815324619 0.0171510445787356 0.0278057433845096 0.0281933788171879 0.0296856816792233 0.0258521051584857 -9999 -9999 -9999 -9999 -9999 -9999 -9999 -9999 0.0403270168665034 0.0349071556030335 0.0318738953983469 0.0294382789337988 0.0262017332574639 0.0222772483850394 0.0207567245563234 0.0202570369479461 0.0173020057520223 0.0147088889716311 0.0166104996559401 0.0152238967621934 0.0138176426315578 0.0103969792168508 0.0145010962503315 0.0104893280919336 0.0159822770896228 0.0117658310698421 0.0113411804605973 0.0111777327294499 0.014483279403908 0.0197476839851077 0.0161564828506383 0.0192070404478449 0.0214255792587353 0.0182551704484774 0.0228393726813301 0.0266813655503636
-9999 -9999 -9999 -9999 -9999 -9999 0.000812577792529634 -0.00246607155219963 0.00192417170795678 0.00922710330648341 0.0123125397622145 0.0133140849981505 0.0157471828916887 0.0244152721299253 0.0222403726662447 0.0222903485401128 -9999 -9999 -9999 -9999 -9999 -9999 -9999 -9999 -9999 0.0401064568924409 0.0360309483603582 0.0312556882302337 0.0279339773013997 0.0231682434884555 0.0197503798925848 0.0188909142693802 0.0159062618915616 0.0136246209562207 0.0138595257401984 0.013919890850092 0.00897883011211414 0.0085237027461515 0.00919487427185658 0.00889224231917293 0.0109663401487879 0.0109067510627923 0.00959077976045022 0.0100701606696772 0.0115562257340132 0.0150213396021546 0.0170433325833881 0.0175293680768514 0.0206880019469716 0.0176894041427987 0.0208968812915828 0.0242032679541758
-9999 -9999 -9999 -9999 -9999 -9999 -9999 -9999 -0.000413264025411864 0.00560701351302431 0.0100138431110312 0.0116960379046698 0.0121224844829103 0.0139141592465092 0.018013449666982 0.0202315201498939 -9999 -9999 -9999 -9999 -9999 -9999 -9999 -9999 -9999 0.0485213554370774 0.0401713233657803 0.0315033377764181 0.0269410872011621 0.0241461704510373 0.0198796213209823 0.0167434730816063 0.0144666142031743 0.0135740338325055 0.0122742188568183 0.0125922042600486 0.011592897694063 0.00795450175624626 0.00891628725015567 0.00857905830155234 0.00992019247546033 0.00869098622176984 0.011010962128344 0.00966336125332595 0.00920337335166188 0.0144934715675305 0.015404439382835 0.0148254987688242 0.018412120797636 0.01880567521286 0.0204559653382707 0.021824036743884
-9999 -9999 -9999 -9999 -9999 -9999 -9999 -9999 -0.00553466053091903 -0.0023622735199812 0.0061090324571815 0.00830551279694866 0.00895315803589999 0.0101001824494047 0.017498988462902 0.0182753559565329 -9999 -9999 -9999 -9999 -9999 -9999 -9999 -9999 -9999 -9999 0.046369741986606 0.0333366301350684 0.0265480552789941 0.0215797894593467 0.017849444928389 0.0138467344768194 0.0114488795579407 0.0109969493355608 0.00913247813142443 0.00947287734777622 0.0107663807188587 0.00739057664812712 0.00824861721624237 0.00903891402357659 0.0101128519943406 0.00849367864362657 0.00924471835482163 0.00822751731050803 0.0079788345958075 0.0131047215694117 0.0122087765711783 0.0122812731564592 0.0161061310403284 0.0193326025294503 0.0208565211149734 0.020646648123596
-9999 -9999 -9999 -9999 -9999 -9999 -9999 -9999 -0.00768737332451067 -0.00559562408750292 -0.0016025697618289 0.00683097618641051 0.0096169979621504 0.00919557596934722 0.0140908178190209 0.0212088211455109 0.0120112763189366 -9999 -9999 -9999 -9999 -9999 -9999 -9999 -9999 -9999 0.0493484208057752 0.0396118511553222 0.0302421629848812 0.022719814283289 0.0184218688126651 0.0141106579754096 0.011571955900697 0.00880425156587503 0.00790425908245732 0.00859162801211022 0.00996761792256751 0.010683124295719 0.00714442174603114 0.0084465360363726 0.00951066507732701 0.00960394700446054 0.00971046927402988 0.00995081113421031 0.00883484945316815 0.0117254319370683 0.0129934148367135 0.0129314419490485 0.014796804814442 0.0174958467052997 0.0204951731705511 0.0202606719397394
-9999 -9999 -9999 -9999 -9999 -9999 -9999 -9999 -0.00414432890430125 -0.0100274708002301 -0.00516731950265281 0.00153753300338946 0.00700428193669672 0.00817465808615089 0.0108430707539628 0.0182886690808059 0.00996993504175359 0.0206523964904098 0.0156919436756905 -9999 -9999 -9999 -9999 -9999 -9999 -9999 -9999 0.0391860678884347 0.0320977265699665 0.0249796360864756 0.0201495051734018 0.0128952026613615 0.0108624979074749 0.00876077722925317 0.00743767181607724 0.00703024079548695 0.007485544896385 0.00965659875360278 0.009478619997001 0.00849976632013708 0.00798409061386854 0.0103066485552412 0.00933045452604725 0.0101752590964184 0.0105867585918686 0.00972335881187564 0.0109631406381081 0.0122802222488886 0.0135276834549188 0.0143221150832574 0.0173988691786712 0.0193872033940366
-9999 -9999 -9999 -9999 -9999 -9999 -9999 -9999 -9999 -0.0115233920574941 -0.00420038879962961 -0.00917623270604295 -0.00402997024905041 0.00304640771355333 0.00609573238315142 0.0109535522261664 0.0148112298553717 0.0135769119140781 0.0139129100547159 0.0176964681694893 -9999 0.0335291979309161 0.0292652345538748 -9999 -9999 -9999 -9999 0.0423591798837595 0.0368759454788139 0.0286508501523993 0.0239605676633821 0.018123588310486 0.0135455404823788 0.0112905999062131 0.00931461707374087 0.0085117409790145 0.00916266201717728 0.0101403710031251 0.00703980611466754 0.00750827766233525 0.00787105089652337 0.00816050426609036 0.00967535247024631 0.00917217558973385 0.00941743537088763 0.00983714073785519 0.0103991574040321 0.0125630702676875 0.012643189429893 0.0128961100460155 0.0145211267829753 0.0151921774144267
-9999 -9999 -9999 -9999 -9999 -9999 -9999 -9999 -9999 -9999 -9999 -0.0108284601588993 -0.012189947002333 -0.00761207295044083 -0.00270405959708098 0.00480894662998929 0.00905005957397251 0.0121749805288626 0.0188692970655936 0.0193350488205211 0.0207196652204412 0.0295713349161349 0.0258322263907055 -9999 -9999 -9999 -9999 -9999 0.0388553596251241 0.0301826689679093 0.0226156808499343 0.0185499815439228 0.0151242413433334 0.0130342008400993 0.0110639186724409 0.00949937509350357 0.00746432132493635 0.0104721792215944 0.00773607171836488 0.00667725119367302 0.00766995829355038 0.00731618156205677 0.00811950249687818 0.00799274567703198 0.00841873263016921 0.0101898325037196 0.0112250937844122 0.0123225788941602 0.0135359482895394 0.0130322828729219 0.0133384219638586 0.0151309464826876
-9999 -9999 -9999 -9999 -9999 -9999 -9999 -9999 -9999 -9999 -9999 -9999 -9999 -0.0113353156481696 -0.0107295523041827 -0.00251065374697032 0.00355774132667835 0.00826635654501956 0.0120530419416352 0.0177227000248859 0.0177381776871332 0.0225174517045956 0.0269000921070128 0.0293733504784534 -9999 -9999 -9999 -9999 0.0399542352801428 0.0360835571824057 0.0250189767212359 0.0188427261090371 0.0144814250464917 0.0125223527280555 0.0115316264318493 0.00918674705446801 0.0085994383973913 0.00739039105627781 0.00756134236501621 0.00627938656992599 0.00523055481246798 0.00336117355968468 0.0046696738755245 0.00681613458206295 0.00796308571996979 0.00865109822526727 0.0104676134239597 0.0112648201078507 0.0119413426072379 0.0131622382899484 0.0132085169872741 0.0145900475898041
-9999 -9999 -9999 -9999 -9999 -9999 -9999 -9999 -9999 -9999 -9999 -9999 -9999 -9999 -0.0145517594128342 -0.0111078355017851 -0.00683880097625059 0.00264465155670637 0.00334584580536013 0.0103945893537217 0.0162770092847554 0.0239728960860791 0.0586946670974605 0.0306059220571491 0.0382597864046729 -9999 -9999 0.047503616679222 0.0337363980688951 0.0308463840391758 0.0266392352622123 0.0190709359114417 0.0155360045960822 0.0150572968119261 0.0130700973449808 0.0120908918368281 0.0111174404086325 0.00796650594928466 0.00636502785872106 0.00339185669062056 0.00291432899385044 0.00134297499145447 0.00189981902907574 0.00409414996148025 0.0070790039363009 0.00946858079860552 0.00948569635128646 0.0109006170410079 0.0115383829733874 0.0129595008728038 0.0120411977337512 0.0132832829422732
-9999 -9999 -9999 -9999 -9999 -9999 -9999 -9999 -9999 -9999 -9999 -9999 -9999 -9999 -9999 -0.0128568536593987 -0.0108062157695483 -0.00338700505260406 -0.000617732460726911 0.00605068123622007 0.0163461575082299 0.023609493643913 0.0293807713329838 0.0441732000363483 0.0561623857270399 -9999 -9999 0.0409851404065964 0.032343536653525 0.0311574011131596 0.0300809421893082 0.022645246555734 0.0197085012081251 0.0191465952645019 0.0158804040240343 0.013414575581269 0.00890172864288635 0.00702286117477341 0.00490804050123067 0.000606680134881771 0.000588064540575695 -0.0014408308726292 7.72368674327728e-05 0.00168217904123327 0.00338569627323265 0.00687738855844977 0.00977009507333931 0.0109764981260804 0.0114186592144261 0.0124525373908806 0.011973325294988 0.0121890949701311
