data/pcas/pca_proj_current/PC17.asc
NCOLS 494 
NROWS 529 
XLLCORNER -117.166666666667 
YLLCORNER -55.5 
CELLSIZE 0.166666666666667 
NODATA_value -9999 
[rows 391 to 413 of 529, columns 260 to 311 of 494]
-9999 -9999 -9999 -9999 -9999 -9999 -9999 -9999 -9999 -9999 -9999 -9999 -9999 -9999 -0.0125454417856143 -0.0139487775552102 -0.00790827168320565 -0.00998943818246817 -0.00944830771685864 -0.00320088423288126 0.0124883451628936 0.0218321591114465 0.0280584885413121 0.0248976589231119 0.026199271579067 0.0243879699625482 0.0271739326518092 0.0251718868060066 0.026328657067308 0.0251750829328581 0.0230835965714377 0.0220270184076636 0.0202833931214128 0.020771625267101 0.02050104572476 0.0212112962660143 0.0216527488639858 0.022129013462832 0.0217715142525574 0.0223181887219266 0.0228876662891964 0.0219962378837153 0.0212644979115582 0.0206413506044176 0.019520252224982 0.0196689092865527 0.0201625691145352 0.0202606156654406 0.0194987221110751 0.0187702855864522 0.0196983976650535 0.0193607974515847
-9999 -9999 -9999 -9999 -9999 -9999 -9999 -9999 -9999 -9999 -9999 -9999 -9999 -0.011490270922806 -0.0141497948730753 -0.0130123988234654 -0.0080491479886329 -0.00896893507102672 -0.00824128072424918 -0.00632200087207008 0.00573905372324418 0.0171725906979075 0.0288987022636558 0.0264327589516109 0.0256376675703864 0.0244092750531478 0.0245838196359204 0.0314917191472465 0.0240121678155583 0.0258231369043429 0.022760419495943 0.0223818675457595 0.0214557343484476 0.0220470563801614 0.0216525056493148 0.0225301260143261 0.0225472745273508 0.023419294727964 0.0230111895882149 0.0224380475037026 0.0230670971392875 0.0234532420394598 0.0220765866576867 0.0212318727160741 0.0202897342599151 0.0207013429007232 0.0208796742979996 0.0186658926543234 0.0189894096422657 0.0187112952467109 0.0196212734982353 0.0191800104441663
-9999 -9999 -9999 -9999 -9999 -9999 -9999 -9999 -9999 -9999 -9999 -9999 -9999 -0.00982162048450677 -0.0124909735363173 -0.012489266662936 -0.00728424003487671 -0.00633445437772279 -0.00649446993371322 -0.00520325118592799 0.00129760673937782 0.014182939699321 0.0258913604326305 0.0264051947006785 0.0251444539049152 0.0290923881336387 0.0266704620291947 0.0290009077531858 0.0290148820279639 0.0258715743105309 0.0242295085283294 0.0226274623104379 0.0219489123461482 0.022122706836473 0.0226330414336811 0.0232463004303653 0.0233906195174613 0.0237453800815743 0.0238931499267245 0.0237269265956866 0.0238932996801706 0.0245474337358119 0.0234112810128261 0.0220642837455416 0.0207227241152959 0.0209045551124399 0.0199388532874002 0.0186654366278806 0.0187767725845157 0.0187617440146075 0.0190947282503587 0.0191828431273868
-9999 -9999 -9999 -9999 -9999 -9999 -9999 -9999 -9999 -9999 -9999 -9999 0.00344127636722716 -0.000524335065024722 -0.00787555696793021 -0.00626735389922578 -0.00225235686249309 -0.00187384896944218 -0.00141757105102519 -0.00153874751662361 0.0130966465869326 0.0271288100361524 0.0307583181589458 0.0289183752064853 0.0268864698707626 0.0278413349728821 0.0255231824213634 0.0258305113584793 0.0261522001238247 0.024595780292116 0.0237273704003774 0.0227626428204712 0.0222407052946645 0.0223666080849496 0.0226169201443835 0.0235965691430298 0.0242312933343022 0.0247375038456743 0.0242801455274665 0.0244723380255192 0.0246738980335561 0.0242208312450451 0.023924211996982 0.0229036175494988 0.0213932558003322 0.0210271921183889 0.0192391789480933 0.0188848922205462 0.0188013323927921 0.0181551821902856 0.0191834757240966 0.0179860124225133
-9999 -9999 -9999 -9999 -9999 -9999 -9999 -9999 -9999 -9999 -9999 -9999 0.00301287848357656 0.00348093843493075 -0.000396547397454955 0.000710584664972203 0.00236758104991652 0.00341706303998371 0.0038915284534122 0.00296542085808238 0.00460781806424004 0.023771113216887 0.0241001993884649 0.0282829055788184 0.0272786216450118 0.024368014638642 0.0221998255754089 0.0228391909906671 0.0287412085470225 0.023325871149303 0.0229765219654897 0.0225006418927609 0.0224385204102879 0.0225529268478542 0.0231952061487494 0.0243784018044099 0.0249118213622441 0.0255723552241658 0.0253245622131221 0.024941022895628 0.0252185574821416 0.024562468980545 0.0239918150605496 0.0233661130160761 0.0233259191573254 0.0215440006494001 0.0176423005075065 0.017967401002533 0.0182168975493134 0.0191008780348701 0.0195876901291637 0.0188807937050403
-9999 -9999 -9999 -9999 -9999 -9999 -9999 -9999 -9999 -9999 -9999 -9999 0.00845668171273167 0.00549976262756893 0.00468484912087636 0.00551297506704518 0.00591175825955326 0.00830528328766483 0.00887470791040815 0.0102598053593865 0.00306659681673493 0.0113212102728821 0.0172431513986826 0.0239890472983382 0.0262845586784171 0.0243203192493417 0.02197690835073 0.0280049378652636 0.0262575758162445 0.0217805202619336 0.0221563097176409 0.0217745293504069 0.0212852462991661 0.0223323964623493 0.0234530518461018 0.0241745002157411 0.0251111717308956 0.0261965486961421 0.0257880670101983 0.0249648325019327 0.0256674792040504 0.0247682847732983 0.0243202720715315 0.023585363582186 0.023286155934018 0.0210939029533131 0.0176093209928766 0.0168936673443974 0.0182760348505981 0.0189384678890934 0.0184538284896494 0.0185687017500963
-9999 -9999 -9999 -9999 -9999 -9999 -9999 -9999 -9999 -9999 -9999 -9999 -9999 0.0099466679672833 0.00848237832643028 0.00758786558087526 0.00899431685239133 0.0102136708061943 0.0123581385548132 0.0124084472950621 0.00655606834834283 0.00732928942806943 0.0201732226556142 0.0257128866173851 0.0252697364962832 0.0270568919986153 0.0229135266337402 0.0277453421581192 0.0240048757844041 0.0194229483175275 0.0205247190787571 0.0200388422417299 0.0201994531789059 0.0218047396628167 0.0231217719510317 0.0242339640217874 0.0251017729983103 0.0254800495559017 0.0260760700314359 0.0254103344430648 0.0251382793869686 0.0245785705957737 0.0244219305256448 0.025664305822091 0.0224591402676221 0.0208352183043341 0.0179564436571054 0.0176237348553587 0.0182296386206979 0.0186145223959847 0.0186562818769375 0.0187718232944324
-9999 -9999 -9999 -9999 -9999 -9999 -9999 -9999 -9999 -9999 -9999 -9999 0.0149917001860154 0.0131459137839815 0.0120703512713198 0.0105617008931372 0.0126151596884778 0.0118522469584268 0.0117063511264875 0.0124343619608722 0.00521468948612511 0.00747072989491171 0.0165021526375208 0.0267456355667928 0.023160907461789 0.0257600375106158 0.0262123546308237 0.0212614340941042 0.0225651222168403 0.0202530635392303 0.0199049696767339 0.0194890939109219 0.0200315544571465 0.021804203673666 0.0231125528415055 0.0241506986833716 0.0243454960435599 0.0245112891104718 0.0247043887028061 0.0244327039502654 0.0239568353084031 0.023619885820908 0.0228076071165909 0.022334668135811 0.0218425792879144 0.0204771540565214 0.0189012841423767 0.0180021266650528 0.018244317061488 0.0189533022601666 0.0183467761278761 0.0187852120123071
-9999 -9999 -9999 -9999 -9999 -9999 -9999 -9999 -9999 -9999 -9999 0.0207463178342911 0.0177856930822766 0.0166460522814003 0.0137946589790255 0.0157831741902051 0.0155699746593254 0.0123678400635685 0.0117825238647249 0.0102853288501118 0.011088201550543 0.0134239807455843 0.0173773345245903 0.0242754476200851 0.018741110744507 0.019232136832662 0.0226629315986704 0.0285461438760139 0.0246859660761088 0.0240790834849753 0.0207667322284525 0.0210350280803852 0.0206188294878777 0.0222210523905751 0.0237660588909489 0.0242927904481143 0.0243741734604651 0.0238404157622235 0.0236050139526 0.0231031162152194 0.0229639723116371 0.0223067614181842 0.0214686787143406 0.022031915685249 0.020973836875184 0.0201940239016302 0.0190288308220793 0.0183856054375576 0.0183899313757762 0.0185394872594575 0.0185980841461092 0.0188929915219029
-9999 -9999 -9999 -9999 -9999 -9999 -9999 -9999 -9999 -9999 0.0248007426121988 0.022543138927739 0.0196344683645688 0.0188872573832883 0.0189170239740385 0.0186698685383183 0.0179967906301672 0.0147560524272713 0.0103726646703024 0.0111256564124307 0.00856370106465648 0.0200275117445274 0.0160658153104269 0.0227257696007956 0.0230274912742626 0.0208355850971447 0.0199568426374125 0.026602908239138 0.0249242102118098 0.0251303144629984 0.0222868622015807 0.0221034317966575 0.0215836077748127 0.0225587432859657 0.0241040807725256 0.0242776486622405 0.0240743889708618 0.0228475130379145 0.0223790184266214 0.0221170073481295 0.0220340424545374 0.0214687430703456 0.0213006776354105 0.0214246287793867 0.0194189960267068 0.0187469892705137 0.0183366009344852 0.0182516472271519 0.0184760268196844 0.0184330310337963 0.018632217548917 0.0190379097891044
-9999 -9999 -9999 -9999 -9999 -9999 -9999 -9999 -9999 -9999 -9999 0.023805029716896 0.0215846324169351 0.0197407250851063 0.0191497220814946 0.0197180900234689 0.0193192740597993 0.0174644780984884 0.0144616503052042 0.0139404784071732 0.010211674677123 0.015491556855688 0.0239229657879326 0.0215682517286376 0.0226414554236018 0.0206621972283952 0.0187935467872898 0.0232101481178509 0.0271666317017587 0.0258769432813312 0.0244422713663999 0.0228925069065883 0.0227625487298443 0.0230279957129833 0.0236983853698531 0.0233962810858221 0.0228842559724163 0.0220523797516989 0.0214740518225868 0.021339310747444 0.0209339414479615 0.0206859898528182 0.0206419874060458 0.0200903773355927 0.0187938275215826 0.0180826477671018 0.0178241090265687 0.017856358693875 0.0181480002423549 0.0185778215642481 0.018188202099033 0.0188366033503519
-9999 -9999 -9999 -9999 -9999 -9999 -9999 -9999 -9999 -9999 0.0237100196431972 0.0235618515890868 0.0233623715316227 0.0205663196832922 0.0193603574511884 0.0201164267870986 0.0189956918809712 0.0194895774281072 0.0176735927111882 0.0111116529218126 0.0124580947733919 0.0147312211365668 0.0204593249163389 0.019122845817773 0.0164899609959472 0.0210029895578585 0.0179835509096199 0.0214706550062808 0.0265629087932064 0.0291180354739316 0.0250498147081432 0.0243109431677416 0.0239819614835526 0.0244480543911564 0.0238922550193392 0.0223842567927565 0.0220523891194871 0.0213938203006201 0.0205558834194681 0.0198661421370476 0.0194641848117698 0.0198405144012319 0.0200982831553307 0.019151329904023 0.0181612369678655 0.0178259310505622 0.0172510995158459 0.017994011638075 0.0179467391191252 0.0182336353860135 0.0180662401910748 0.0189915024233187
-9999 -9999 -9999 -9999 -9999 -9999 -9999 -9999 -9999 -9999 0.0241245794921257 0.0231059033468941 0.0231268986974065 0.0227031942240868 0.0219255081011226 0.0225991485407217 0.0222132729222248 0.0218015195773702 0.0154302239813051 0.0134207009702592 0.0175832130310878 0.0197885346883534 0.0211692037628892 0.0216566262567081 0.0154981565486253 0.0177855355118819 0.0187179278469887 0.0243246656650341 0.0291885578980961 0.0342920893905324 0.0286582804531716 0.0275817559797194 0.0273613404595707 0.0260088915890549 0.024737329267123 0.0228402295311597 0.02144386927456 0.0204481655515545 0.0197659145139933 0.019713892348666 0.0191643492322329 0.0189698390565706 0.0193508735665263 0.0188903555616405 0.0185260562684618 0.0171875727849551 0.0172407862221704 0.0175177012766408 0.0180485612806325 0.0184014063340022 0.0188891176225613 0.0195964917930662
-9999 -9999 -9999 -9999 -9999 -9999 -9999 -9999 -9999 -9999 0.0229607212100438 0.0221433688244785 0.0223645001046013 0.0228939434055924 0.022325042172861 0.0198447542275814 0.0217816405661654 0.0216074412079744 0.0179510161898436 0.0143156399702868 0.0166188231991949 0.0213526665619751 0.0172311564099229 0.0204295995973035 0.0167923272654987 0.0146925713608325 0.0183110394188034 0.0224152672386904 0.0269334067204974 0.0296431611141367 0.027549762968832 0.0263556861081587 0.0282775412286309 0.0262322319183789 0.0242240793962225 0.0227361569114502 0.0213591599642018 0.0198776766575949 0.0193528051274033 0.0190834125382046 0.0185889333914852 0.0183666098498284 0.0180321175660817 0.0182790921030326 0.0177817202570359 0.0170105296025145 0.0165679186908829 0.0165623336515374 0.0174963363015779 0.0176516295852893 0.0183118071692477 0.0189833035782659
-9999 -9999 -9999 -9999 -9999 -9999 -9999 -9999 -9999 0.0196608662834828 0.0213425602614037 0.0216267935790996 0.0217862232476251 0.0216593902555454 0.0219828846973892 0.0194917255752912 0.0198249298378909 0.0215214250899805 0.016014151672362 0.0144054184808509 0.0168410080765955 0.0193115788448226 0.020628196365225 0.0158288008831268 0.0163065483366688 0.01740054834991 0.0202755962782972 0.0235972732053701 0.0269034269942749 0.0305133135646644 0.0250887734860821 0.0269599799165657 0.0253830373224956 0.0251120408615039 0.0227988710000393 0.0217169492054923 0.0202055947367656 0.0194690687774938 0.0191314279950345 0.0184048990194487 0.0183171731592585 0.0177606689475634 0.0176923705719004 0.017704606573548 0.0174371024271225 0.0167852513899771 0.0162327476361148 0.016419979303744 0.017057905380435 0.0179956159645716 0.0190963777154924 0.0195816209341774
-9999 -9999 -9999 -9999 -9999 -9999 -9999 -9999 -9999 0.0158449273856213 0.0182251313801601 0.0196765459367228 0.0205769756397904 0.0209626107141428 0.02148617218818 0.0185415851583993 0.021288480580565 0.0194138163400232 0.0166188743617678 0.0168756065241041 0.0177299402262778 0.018630616185842 0.0186211832260706 0.0161709166712951 0.0159658420429034 0.0194411132869504 0.0220231391935848 0.023838817693537 0.026024828422079 0.0297044013103947 0.0272364806179953 0.0240049962224642 0.0235641776981787 0.0240134635885288 0.0225514756863309 0.0214195202488511 0.0204558961979386 0.0188865217187085 0.0180488836945809 0.0180750516224041 0.0175561209379089 0.0173668222097796 0.0175736135115469 0.0171231643241348 0.0170173822480345 0.016576129253929 0.0160311190042356 0.0157514941676725 0.0164315739906369 0.0176218973934127 0.0189620336176213 0.0196144662904665
-9999 -9999 -9999 -9999 -9999 -9999 -9999 -9999 0.0133389783758354 0.0157159570580578 0.01852056120718 0.0206447909305653 0.0210352923510258 0.0209220526745379 0.0202330316886135 0.0193490143710641 0.0206616729323268 0.0183356077910037 0.0169990457893164 0.0176586545660205 0.0173826127759855 0.0190879844064462 0.0181053696892302 0.0152265429517579 0.0173651937121165 0.0200939249904337 0.0223952072736333 0.0242809545791651 0.0273744353200644 0.029838492985113 0.0296491037423606 0.023863498927944 0.0238448104274361 0.0229285887576077 0.0207972125135579 0.0208297804920208 0.0201057409125783 0.0188192639400138 0.0181107198702225 0.0179253208992483 0.0174209916994844 0.0168595869381307 0.0169271651786054 0.0169927682137906 0.0166878244325138 0.0160966082060546 0.0156636758929114 0.0156620164770724 0.0167683520950921 0.0181105886810823 0.018735781741608 0.0197001926310885
-9999 -9999 -9999 -9999 -9999 -9999 -9999 0.00689561585914039 0.0134128283329957 0.0168715207797805 0.0190261691057628 0.0198731585151467 0.0188887860513593 0.0182699006991749 0.019244482399222 0.0212167294693396 0.0203321711627635 0.0179303606170974 0.0167869964533173 0.0177819399042521 0.0178175062861183 0.0157310020767812 0.0174385830021324 0.0155563674903101 0.017993964654114 0.0207144124451789 0.0235713240136013 0.0257896371080651 0.0288246078927646 0.0293774253561033 0.0326393838428231 0.022796378923974 0.0235049882087235 0.0226484070782675 0.0205406407698046 0.0189393395796743 0.0176311758902514 0.0169537189963703 0.0168857404294886 0.016058895016688 0.015364133097399 0.01495390855124 0.0166349825827471 0.0167155675721113 0.0167140345881334 0.016246626568149 0.0159785915518013 0.0162479916783964 0.0168775885872815 0.0179291160230717 0.0190627828879712 0.0200050439399346
-9999 -9999 -9999 -9999 -9999 -9999 -9999 0.000814781456272284 0.010060428731285 0.0162598388523775 0.018378633306338 0.0200459421003676 0.0188013130365303 0.018325070864126 0.0198094754041817 0.0213488846797645 0.0203423059785029 0.0180856210328902 0.0158491375430144 0.0156540100347206 0.0169765072605595 0.0144923204907899 0.015749942749039 0.0147707258791983 0.0168518924563529 0.0208844560827358 0.0234369671648134 0.0270662529541188 0.0318705692849734 0.0285898736381077 0.0278715133118685 0.0269735774052136 0.0312730003342848 0.0229018009976849 0.0209989288800076 0.018776903743619 0.0175516315200474 0.0167839310424256 0.0167758207174807 0.0158664134433512 0.0150473008008978 0.0145293843245202 0.0145932791693793 0.0162549926168314 0.0162809306619172 0.0162382587149968 0.0162895672904249 0.0167477056752126 0.0170460137992925 0.0177709325676514 0.0186644134321174 0.0198817250030568
-9999 -9999 -9999 -9999 -9999 -9999 -9999 0.00192426344613858 0.0121394211947675 0.0165463331977787 0.0179227322871675 0.0202695682684885 0.0191053866707004 0.0191909714287461 0.0213551945339829 0.022642163190942 0.021268396387701 0.0192000880072974 0.0180093734018436 0.0166460856115486 0.0173894407162978 0.0156859115050281 0.0146180826991058 0.0161568992394978 0.0170244237423749 0.0194324805691092 0.0223545577900066 0.024639894293306 0.0293592830200101 0.0277109027437454 0.0267669922430875 0.026698065009838 0.0214839397335858 0.0213845488249688 0.0202014815621008 0.0185364263437741 0.0171762017039505 0.0164140529495965 0.0158246468544787 0.0154749594324138 0.0147559993901994 0.0141713726005013 0.0141972877298198 0.0140775325449736 0.0153794513992915 0.0161612046028927 0.0161639000432245 0.0163785363889417 0.0174236216424226 0.0175830066479403 0.018317878647934 0.0196488889178087
-9999 -9999 -9999 -9999 -9999 -9999 0.00762531139430597 0.0115827395332202 0.015414083147972 0.0174240554693882 0.0184393796194333 0.0195134680189341 0.0198993768857848 0.0204443913802334 0.0224756305701881 0.021389723850119 0.0200468473757041 0.0184386855298011 0.0177106620228673 0.0178136087986578 0.0184732523004182 0.0160299602208204 0.0141109947113873 0.0159440909720114 0.0195381430672818 0.0178254331966837 0.0208098469038347 0.0241771535622128 0.0260817420863306 0.0268710298153353 0.0260493778714422 0.0310422211890345 0.0218261606735864 0.0203585859679598 0.019314755210467 0.0180967221420626 0.0169157857142387 0.0159855370682559 0.0151285200388371 0.0145487120194498 0.0140030365361537 0.0135608579100924 0.0134638699765013 0.0138584206138208 0.0154365574603461 0.0161021908538451 0.0163386147349013 0.0169499998651741 0.0171229044867332 0.0173422544426481 0.018265692632493 0.0192539398940358
-9999 -9999 -9999 -9999 -9999 -9999 0.00985476399219465 0.0147357169540369 0.0163731743416747 0.017956389242139 0.0188767330761724 0.0191707095281245 0.0189068980067317 0.0201761265523258 0.0221485629431886 0.0205581873700172 0.0185537786024778 0.0177438777007193 0.0171783819482184 0.0185183042098054 0.0177031399497217 0.0162340766996485 0.0136695245921648 0.0152453604118977 0.0197616403392555 0.0188654323482218 0.0198723673762475 0.0235630279321944 0.0245828644309192 0.0260652026158701 0.0267808855856118 0.0323364509257608 0.0232338194105897 0.0202699659259499 0.0188503112193316 0.0175309744881454 0.0163391981279191 0.0152447389060664 0.0145522881557612 0.0138590655782354 0.0134924240090833 0.0129819228209358 0.0132462091381212 0.0136351345717113 0.0152842986981224 0.0161004096332913 0.0164901772495011 0.017305007399522 0.0173196947841753 0.0178241769082506 0.0184515771459804 0.0195177967576613
-9999 -9999 -9999 -9999 -9999 0.0105361084236849 0.0125178504172486 0.0149987484492982 0.0182576458720123 0.0202838706517745 0.0200592836581187 0.0202441525474255 0.0199077900449734 0.022260629258315 0.0211207306152951 0.0187801445698158 0.0181452941270765 0.0167510259337952 0.0174048068221861 0.0178041928375839 0.0153127788564397 0.0143331066610038 0.0150475041030053 0.015171120603501 0.01788101963539 0.0210764163105058 0.0205560748930611 0.0224213559936089 0.0235109639267806 0.0258100622169334 0.0270178223781938 0.0220805171556703 0.0227501310599391 0.0214345395768009 0.0189495248986094 0.0187522030500741 0.0160172918100452 0.015155077750545 0.0143591110682914 0.0137782147826288 0.0130454146315836 0.0142218270607938 0.013510008520436 0.0139528246756271 0.0154872044137656 0.0160804304600671 0.0168572003064581 0.0176580790973076 0.0177653207851493 0.0176626753148541 0.01857742588071 0.0197968210720282
