data/pcas/pca_proj_current/PC18.asc
NCOLS 494 
NROWS 529 
XLLCORNER -117.166666666667 
YLLCORNER -55.5 
CELLSIZE 0.166666666666667 
NODATA_value -9999 
[rows 368 to 390 of 529, columns 260 to 311 of 494]
-9999 -9999 -9999 -9999 -9999 -9999 -9999 -9999 -9999 -9999 -9999 -9999 -9999 -9999 -0.021640160664351 -0.0187403415879938 -0.0173215860463882 -0.017119417741713 -0.0170909763351484 -0.0174936148802849 -0.0178124253329789 -0.017744766477766 -0.0184909575993221 -0.0188670455219693 -0.0193589524872896 -0.0194181596406207 -0.019670261745039 -0.019176595031301 -0.0189772533890373 -0.0185626758639925 -0.0186764051408564 -0.021083462175476 -0.022908840059771 -0.0249237411312113 -0.0255053585186911 -0.0209435426274047 -0.0218234425164992 -0.0246167699322355 -0.0279511093071012 -0.0251583054614611 -0.0226917888801857 -0.0279998763448397 -0.028656785836512 -0.0291584645352157 -0.0288285768570603 -0.0285369030759127 -0.0300282112179607 -0.0303173654549433 -0.0295233036505983 -0.027461205683306 -0.0283608785092798 -0.0280706816239558
-9999 -9999 -9999 -9999 -9999 -9999 -9999 -9999 -9999 -9999 -9999 -9999 -9999 -0.0241140084227617 -0.0207424068125397 -0.0182339385689664 -0.0177460328331362 -0.0173668908995254 -0.0168317450810098 -0.0172364054522259 -0.0174927541642681 -0.0178462385094844 -0.0188071024636317 -0.0192615173743144 -0.0199776816843452 -0.0196590105596069 -0.0198736557503235 -0.0194792609526458 -0.0193927623690002 -0.0188366026856476 -0.0189625694109001 -0.0189300692897715 -0.0228739832100055 -0.0261360226188496 -0.0259233219922731 -0.0205963542953148 -0.0188884704392058 -0.0250165462251258 -0.0284187492298512 -0.0245737734077547 -0.0231858194264001 -0.0278983432870527 -0.0285008381008915 -0.0297963371514019 -0.0303773993421498 -0.0304137474208981 -0.0305763424882908 -0.030529266313982 -0.0298208383208328 -0.0277524950409851 -0.0284456420355541 -0.0280707544759101
-9999 -9999 -9999 -9999 -9999 -9999 -9999 -9999 -9999 -9999 -9999 -9999 -9999 -0.0249182448131284 -0.0207880899853662 -0.0184784948432729 -0.0176451498167785 -0.0169931908745972 -0.01689234293945 -0.0175573568510616 -0.0183878296073737 -0.0190986143410867 -0.0199936978710939 -0.0213590929147082 -0.0208853959172969 -0.0202409086238965 -0.0200045532277606 -0.0198124369054377 -0.0203470034919359 -0.0193752210855666 -0.0211755121105725 -0.0210241359246479 -0.0249577081787602 -0.02691633804841 -0.0260214113098013 -0.0216370916376804 -0.0203352843511497 -0.0264927037342132 -0.0288789402422894 -0.0257306621051522 -0.0266052078262073 -0.0272867041077031 -0.0292067275779319 -0.0308215939412821 -0.0306755023411799 -0.030797891780897 -0.0307476476999283 -0.0301926544359803 -0.0299316961880936 -0.0285495873942843 -0.028711308938931 -0.0283128239675519
-9999 -9999 -9999 -9999 -9999 -9999 -9999 -9999 -9999 -9999 -9999 -9999 -9999 -0.0293094296553688 -0.0221925617643903 -0.0198936664278206 -0.0183714715069805 -0.0176338286269108 -0.0173092125980048 -0.0187476848030902 -0.0196290400716451 -0.0208011758706431 -0.0218720096923586 -0.021970671240473 -0.0212515566386752 -0.0208574628593643 -0.0211868374644151 -0.0204929716450803 -0.0209341728409946 -0.0204087285340185 -0.0239631194768973 -0.0251684611012957 -0.0250142039138695 -0.0270716649914078 -0.0268515608254067 -0.0247831890866108 -0.0240154392119108 -0.0287502069359946 -0.0294313492802374 -0.0279956181416275 -0.0278867698032575 -0.0282537040491923 -0.0310170675780731 -0.0309451520218809 -0.031017415390826 -0.0308086170076183 -0.0301487125123199 -0.0297018436669281 -0.0297200884158338 -0.0291186603750943 -0.0288668038283997 -0.028546827068362
-9999 -9999 -9999 -9999 -9999 -9999 -9999 -9999 -9999 -9999 -9999 -9999 -9999 -9999 -0.0263928414898103 -0.0220317444847289 -0.0195532805769578 -0.0186942967491082 -0.0180458368658488 -0.0192171865638121 -0.0202028972414778 -0.020388196147275 -0.0212458864155316 -0.0213725926771984 -0.0215650838854459 -0.0207855043471356 -0.0213746214918346 -0.0214092636727611 -0.0214936192916046 -0.0204466996482308 -0.0245408252003497 -0.0265779194022732 -0.0264345194296802 -0.0274727685041299 -0.027337489350733 -0.0272395004597918 -0.0260272239499748 -0.0286394243757742 -0.0295489300181653 -0.029449043506534 -0.0272962574179003 -0.0302917656511855 -0.0309573357506336 -0.0310493973354045 -0.030865378033137 -0.030571621347885 -0.0300952795890809 -0.0296162976585927 -0.0296585853820436 -0.029560213570296 -0.0290141614649124 -0.0287567818631643
-9999 -9999 -9999 -9999 -9999 -9999 -9999 -9999 -9999 -9999 -9999 -9999 -9999 -0.0312968295981108 -0.0266453073383892 -0.0226603800605666 -0.0192234186593697 -0.0184185819409092 -0.0184494159912759 -0.0193300544702719 -0.0216733181341072 -0.0215162618154692 -0.0212633107288729 -0.021870999005186 -0.0219408735571668 -0.020762234659315 -0.0209550105765455 -0.0221381250387269 -0.0217831361125442 -0.0205815220803887 -0.0239871985371353 -0.0269154917847315 -0.0272732362807226 -0.0275384382609358 -0.027525107528611 -0.0274099976717406 -0.0264474371096295 -0.0264661893266208 -0.0295383045230213 -0.029686437245763 -0.0284069804596197 -0.030818198916951 -0.0308579250228599 -0.030946664411543 -0.0308127838720465 -0.0305174167504535 -0.0303834710765233 -0.0297005629625976 -0.0294745364401958 -0.0293697167717642 -0.029087568461413 -0.0284366497286105
-9999 -9999 -9999 -9999 -9999 -9999 -9999 -9999 -9999 -9999 -9999 -9999 -9999 -9999 -0.027945838223041 -0.0237755398535382 -0.0210192617182052 -0.018258540609974 -0.0180387053531745 -0.0199979180993369 -0.0207123340976808 -0.0223510644470383 -0.0217457352748552 -0.022633947511414 -0.0214476769461646 -0.0217967103040789 -0.0225736584321254 -0.0220200134091865 -0.0225788755611263 -0.0205960996483055 -0.0228271962876241 -0.0257208352940463 -0.0276619168956181 -0.0277026539977106 -0.0274450795956879 -0.0273888930107171 -0.0268890926198033 -0.0256076427223268 -0.0280630032064791 -0.029595714051274 -0.0291042431666935 -0.0309122324344406 -0.0308864002145198 -0.0308453819155907 -0.0305198094398077 -0.0304302223776254 -0.0303378904118383 -0.0296355120123924 -0.0293694165882449 -0.0291474840170964 -0.0288284258251796 -0.0283997597681805
-9999 -9999 -9999 -9999 -9999 -9999 -9999 -9999 -9999 -9999 -9999 -9999 -9999 -9999 -0.027901636262611 -0.0254693168314293 -0.0228402139884472 -0.0204399219636846 -0.0189100040124203 -0.0200261130157114 -0.0210582593987051 -0.0218297619802529 -0.021400753056039 -0.0226733517657 -0.0222262332825858 -0.0228723192354476 -0.0229439069852321 -0.0241200272483312 -0.0239000160948249 -0.0218970140279455 -0.0247571302590422 -0.0260208145515864 -0.0278765277639255 -0.0281486390494253 -0.0276667369020799 -0.0271628529761039 -0.0270594391074156 -0.0264037885917677 -0.0275336514553026 -0.0295660104867142 -0.0301913146468412 -0.0306942942720275 -0.0307648834825536 -0.0306655571684772 -0.0305034504931051 -0.0303144104593677 -0.0302929371959592 -0.0296698281749697 -0.0292830468644588 -0.0289604835803703 -0.0285358496975081 -0.0282356750127136
-9999 -9999 -9999 -9999 -9999 -9999 -9999 -9999 -9999 -9999 -9999 -9999 -9999 -9999 -0.0268709538950328 -0.0246594852952626 -0.021737487401701 -0.0206576061394079 -0.0204172004958745 -0.0202684117350178 -0.0218624595513694 -0.0237595056737572 -0.0219155373742655 -0.0235863972283763 -0.0238073550621528 -0.0233624642903322 -0.0231843470045918 -0.0244747614060982 -0.0247237791544688 -0.0236120235422951 -0.0263250336676398 -0.0272978735568468 -0.0278568386618838 -0.0285011114390503 -0.028374667589116 -0.0275247559536389 -0.0274172141742027 -0.0281285443465899 -0.0287806400690188 -0.0294255595666739 -0.0304962581378291 -0.0304761687124512 -0.0307006043838368 -0.0305900568685637 -0.030560022127726 -0.0304270488062317 -0.0302537926211963 -0.0297440999897256 -0.0294205514081854 -0.0290789544850907 -0.028616853146457 -0.0283799730675398
-9999 -9999 -9999 -9999 -9999 -9999 -9999 -9999 -9999 -9999 -9999 -9999 -9999 -0.024273065174165 -0.0245734266986999 -0.0233341491403278 -0.0209018307921024 -0.0202109777590235 -0.0200384247474344 -0.0217875194349295 -0.0233876510692332 -0.0253212148539283 -0.0242793638862195 -0.0241473738982223 -0.0241779660316895 -0.0237057111218882 -0.0237027813679116 -0.0243675260805559 -0.0249652588163399 -0.0249170400554479 -0.0265370767547993 -0.027436705319563 -0.0280733416738708 -0.0283351715481003 -0.0287575217497416 -0.0280904499599942 -0.0279598305482348 -0.0285590048889404 -0.0290675594930434 -0.0298490960316551 -0.0302200025710829 -0.0304628430530692 -0.0307811590429925 -0.0307238142034751 -0.0304549151900605 -0.0302842516680754 -0.0301904421831023 -0.029907018131946 -0.0296126439740982 -0.029214220349338 -0.028628763875236 -0.028398688753697
-9999 -9999 -9999 -9999 -9999 -9999 -9999 -9999 -9999 -9999 -9999 -9999 -0.0259053198740989 -0.0237314852502764 -0.0237040688067524 -0.0228666358427623 -0.0222109290505942 -0.0210982942642454 -0.0204254622545155 -0.0221351501150966 -0.026480664173027 -0.0265463554414588 -0.0262964965092461 -0.0248760439801823 -0.0242462309119451 -0.0234440382478829 -0.0240307820145323 -0.0245066809644887 -0.023903288750101 -0.0242264026692946 -0.0269973371526009 -0.0275907234538386 -0.0284160812946695 -0.0287303798704769 -0.0288794750742805 -0.0289176735126619 -0.027841172897036 -0.0289527170798754 -0.0293099760726769 -0.0297682253260891 -0.0301556924812427 -0.0304198207305835 -0.0306158035269979 -0.0303497024855478 -0.0297470293469774 -0.0299378902074039 -0.0299500147291637 -0.0298920617559612 -0.0295117165640474 -0.0289201201635532 -0.0283923807513238 -0.0279977272300298
-9999 -9999 -9999 -9999 -9999 -9999 -9999 -9999 -9999 -9999 -9999 -9999 -0.0251426789629107 -0.0231843327979648 -0.0237617883953986 -0.0235875565969027 -0.0230390869324101 -0.0217233990272966 -0.0212580476232454 -0.0232023211196898 -0.0258925080450495 -0.0260142477116289 -0.0249390955135924 -0.02500447745877 -0.0252562218296699 -0.0239537079670633 -0.0241663833322543 -0.0240396323623273 -0.0238320535224752 -0.0250917589545186 -0.0274928360697794 -0.0281595575875667 -0.0285009234013707 -0.0290634050403749 -0.0290682417384947 -0.0293300824164176 -0.0286059800198344 -0.0293485982964314 -0.029470830707351 -0.0297783302510315 -0.0301280840553611 -0.0302113209518138 -0.0301676604113682 -0.0298751606727744 -0.029341001564278 -0.0296649364772229 -0.0295704315600148 -0.0296089014526855 -0.0294146561791808 -0.0290159754087916 -0.028465707230164 -0.0278263937237099
-9999 -9999 -9999 -9999 -9999 -9999 -9999 -9999 -9999 -9999 -9999 -9999 -0.0252845021446815 -0.0232284775699993 -0.0229748384306669 -0.0230787782105329 -0.0229694247181685 -0.0230339645239549 -0.0223752287376053 -0.02227858880763 -0.0269323893718438 -0.0270953540693671 -0.0252418756024378 -0.0253978169557914 -0.0254422586777036 -0.0239822590233343 -0.023930009171597 -0.0237200811075818 -0.0242361632906379 -0.0261834136140762 -0.0275216843460588 -0.0283957847808301 -0.0288350075561527 -0.0295532348766123 -0.0297806392205377 -0.0296446881963829 -0.0293418897681289 -0.0289872792765272 -0.029684416124469 -0.0298165650267087 -0.0300434648635824 -0.0301051850503874 -0.0298007342860916 -0.0293358780922354 -0.0295242335078599 -0.0297283561772314 -0.0294606193176125 -0.0295988160393521 -0.0294987687547976 -0.0291260642050548 -0.0285755653228306 -0.0274250207840941
-9999 -9999 -9999 -9999 -9999 -9999 -9999 -9999 -9999 -9999 -9999 -9999 -0.02528578458641 -0.0231057659477704 -0.0225130456438892 -0.022607239244864 -0.0224373820228438 -0.0226095860448143 -0.0226454019663805 -0.0234938701186185 -0.0264487431812427 -0.0279688734321054 -0.0251437738093072 -0.0250177762475319 -0.0254934250797342 -0.0257825300821209 -0.0250291799033422 -0.0245897878118905 -0.0245374952794516 -0.0264877907497363 -0.0279894049153026 -0.0288748621701671 -0.0289483095619901 -0.0297963720465183 -0.0300273333481105 -0.029969690713411 -0.029901338468048 -0.0292086000442868 -0.0285995909488259 -0.0302714179539891 -0.0301314654535991 -0.0300699344709073 -0.0299091531385183 -0.0289550175553221 -0.0292266107215107 -0.0294563160878659 -0.029292375270663 -0.02935078195707 -0.0293202762084302 -0.0290140319680016 -0.0284920321923947 -0.0272685983261646
-9999 -9999 -9999 -9999 -9999 -9999 -9999 -9999 -9999 -9999 -9999 -9999 -9999 -0.0231176040235541 -0.0223142574934691 -0.0218205218902689 -0.0220932771945522 -0.0222857573871393 -0.0230184805722975 -0.0243418416136489 -0.0277656527974727 -0.0291167807443837 -0.0265904133392605 -0.0271132946637148 -0.0261608415400443 -0.0259469319561762 -0.0265240971543792 -0.0254788510864153 -0.0252614925111551 -0.0259606993655154 -0.0281080322235423 -0.0290942651992774 -0.0294704227886402 -0.0299096016113031 -0.0297580927757738 -0.0287923314896985 -0.0299804251903629 -0.0299823915617374 -0.0281936715215326 -0.0304045882523345 -0.0303990229943196 -0.0301960085895376 -0.0298277199039483 -0.0291599878059751 -0.0294264911303159 -0.0294166485179988 -0.0293854803854915 -0.0293899382736185 -0.0293594938815729 -0.0291338980528486 -0.0281871095160617 -0.0267419088463445
-9999 -9999 -9999 -9999 -9999 -9999 -9999 -9999 -9999 -9999 -9999 -9999 -9999 -0.0227507483798642 -0.0219491488131885 -0.0217648613579912 -0.0220647099230004 -0.0230170623690237 -0.0261461368602669 -0.0285212192818633 -0.0291506567215499 -0.0301141677697564 -0.0290033958647833 -0.0281697097321971 -0.0265090413884807 -0.0261239917822334 -0.0268851109737147 -0.0266231611644087 -0.0271576182932153 -0.0264990691100321 -0.0287693126439018 -0.0294050992853382 -0.0304163265682871 -0.030406508407703 -0.0295011657982577 -0.0267202731254967 -0.0299576659858808 -0.0301805703857168 -0.0297080648700253 -0.0304590110211929 -0.0304671374090684 -0.0302318553983821 -0.0299486442683404 -0.0296624496589987 -0.0295628587433937 -0.0294164080700441 -0.0294934160781514 -0.0293803135740564 -0.0291199104973156 -0.0291309248026322 -0.0280942440858304 -0.0265902037092438
-9999 -9999 -9999 -9999 -9999 -9999 -9999 -9999 -9999 -9999 -9999 -9999 -9999 -0.0221958089670544 -0.0214944490211763 -0.0219139047130344 -0.0222531130431156 -0.0237178514607971 -0.0270573610940037 -0.0284651496877644 -0.0285494594347951 -0.0296924725513494 -0.0288771786729988 -0.0279094873423911 -0.0256347654572827 -0.026049383684483 -0.0268311807467876 -0.0266080545838509 -0.0270158643530635 -0.0283520848229701 -0.0296479968392433 -0.0303284724457475 -0.0307101969885368 -0.0307740459293207 -0.0288320841760725 -0.0280517458504916 -0.0305866349982538 -0.0300563879325428 -0.0300762309247946 -0.0302566417336806 -0.0303436142285095 -0.0300399228977225 -0.0299524666978564 -0.0297554621035526 -0.0296562319441077 -0.0294536379375156 -0.0294770285885131 -0.0291499887930662 -0.0290337020013545 -0.0290043839101156 -0.0282661633381385 -0.0264604040295174
-9999 -9999 -9999 -9999 -9999 -9999 -9999 -9999 -9999 -9999 -9999 -9999 -9999 -0.0220716378900726 -0.0213940488200359 -0.0214760454022023 -0.0217572057132136 -0.0229082473470273 -0.0248115600186155 -0.0292497046723647 -0.0295022751009288 -0.0281105099860873 -0.0274554390687144 -0.0299027195482869 -0.0261766522135714 -0.0260569292056709 -0.0268081033392016 -0.026854422720825 -0.0264646753231507 -0.028244562428288 -0.0298501547620661 -0.0306722516377871 -0.0309148562373975 -0.0309404087676399 -0.0299983841540553 -0.0302315141357197 -0.0305287964088203 -0.0303816923999907 -0.0303626674705343 -0.0301871590968384 -0.0300830933247648 -0.0298622769869645 -0.0300028934217049 -0.0298521904749144 -0.0296966177319336 -0.0293788384541387 -0.0291430533970844 -0.028869813488413 -0.0286774392827474 -0.0285687128833889 -0.0285960646772438 -0.0268143391799413
-9999 -9999 -9999 -9999 -9999 -9999 -9999 -9999 -9999 -9999 -9999 -9999 -9999 -0.0221064957673551 -0.0214749530814898 -0.021035689957291 -0.0215831910807751 -0.0229291624244383 -0.023579222196624 -0.0269942949830812 -0.0315740681450714 -0.030466621805408 -0.0277545507225956 -0.0300026962603503 -0.0265775061308548 -0.0261405627990357 -0.026436689710679 -0.0268515860556695 -0.0270545199804871 -0.0270667138742687 -0.0294771499857467 -0.0306323087815383 -0.0306956022630773 -0.0309749940621655 -0.0309492658966955 -0.0306506368442491 -0.03032616894972 -0.0305863852425399 -0.0304872454127349 -0.0301859004376251 -0.0297780046084978 -0.0297226798667977 -0.0298815814232642 -0.0295357701740437 -0.029320198034145 -0.0291838122236949 -0.0288363098418881 -0.0286829281931417 -0.0285265196763976 -0.0282852762460641 -0.0281759416116175 -0.0283188163959912
-9999 -9999 -9999 -9999 -9999 -9999 -9999 -9999 -9999 -9999 -9999 -9999 -9999 -0.0217248392103706 -0.0210808198061369 -0.0215540308696618 -0.0220782449252464 -0.0223805317452844 -0.023647237584165 -0.0245602004501032 -0.0312821459079526 -0.0327720297418677 -0.0315459506594441 -0.028421288770398 -0.0252311347635195 -0.0258401978595326 -0.0260928247387716 -0.0271675523102723 -0.027260705144 -0.0276393090306655 -0.0299150585420249 -0.0308747819403423 -0.0308626307494277 -0.0310658755986938 -0.031051103142425 -0.0306663609557737 -0.0304871541992718 -0.0306878480193471 -0.030525795351861 -0.0302277607784479 -0.0298594255657291 -0.0297667237129541 -0.0296261491846309 -0.0295044106469601 -0.028891889020768 -0.0286831122119411 -0.0284282300838477 -0.0283358420194865 -0.028204747135482 -0.0280514404448218 -0.0278891913149569 -0.0281531412838434
-9999 -9999 -9999 -9999 -9999 -9999 -9999 -9999 -9999 -9999 -9999 -9999 -9999 -0.0216108045125741 -0.0206092684128496 -0.0214259599504857 -0.0229871376838353 -0.023659080993999 -0.0247435976582566 -0.0260599957177619 -0.0305670584597386 -0.0321887395201443 -0.0323076392285188 -0.0293576489553525 -0.0259101843153661 -0.028351425749625 -0.0264349723328707 -0.026763285071759 -0.0273709324747695 -0.0287039254386572 -0.0305060312793832 -0.0306845531400404 -0.0307475191054353 -0.0309159276792557 -0.0309338056372895 -0.0309667608832603 -0.0308594585684191 -0.0307118620471939 -0.0304522395412741 -0.0302780242468757 -0.0299631298560101 -0.0296412724709202 -0.0294497833877437 -0.0291105256702932 -0.0283137013856081 -0.0278901078357775 -0.0278399541952283 -0.0276042910103807 -0.0275053532562723 -0.0276950379944976 -0.0278319686597304 -0.027866778646852
-9999 -9999 -9999 -9999 -9999 -9999 -9999 -9999 -9999 -9999 -9999 -9999 -9999 -0.0213178553604339 -0.0202026338151108 -0.0207081252544877 -0.021361444316082 -0.0218199958806914 -0.0233824333285697 -0.0257288591295483 -0.0319159976654539 -0.0335960739091693 -0.0299151175657815 -0.0311058929564769 -0.027719255050358 -0.0301634966043948 -0.025903068210358 -0.0262728815638177 -0.026897565724763 -0.0291545261175692 -0.0306809972482143 -0.0305221759038366 -0.030621758257261 -0.0308584672086361 -0.0309407833021075 -0.031066309076546 -0.0309117034784179 -0.0307389578048001 -0.0305344966933563 -0.0302519711166384 -0.0300135055347643 -0.0292451409015272 -0.0287788748550498 -0.0283431005140661 -0.0277299326234398 -0.0272430757329266 -0.0271613459047519 -0.0273063945510884 -0.0276057621072081 -0.0275940479184824 -0.0276364752495718 -0.027551793631689
-9999 -9999 -9999 -9999 -9999 -9999 -9999 -9999 -9999 -9999 -9999 -9999 -9999 -9999 -0.0194234276274598 -0.0194318246717399 -0.0198669337398581 -0.0209228689923565 -0.0225609472664944 -0.0248558379048289 -0.0291276256339939 -0.0344961002293278 -0.0331590131153868 -0.0313851612209846 -0.0322290065473866 -0.0306119627498486 -0.0265730519570967 -0.0266934414378499 -0.0273214802006378 -0.0292844292637694 -0.0308758247298879 -0.0306000549431975 -0.030592191556535 -0.0309734108292784 -0.0309350946828084 -0.0311650288670428 -0.0310925893505999 -0.030752985704238 -0.0303368814789252 -0.0300444235631791 -0.0299473294461899 -0.0290024624738518 -0.0284025687315774 -0.0279594959051507 -0.0272383594509456 -0.0265321979166524 -0.0265582506264211 -0.02730763974881 -0.0273189009682915 -0.0267719796264187 -0.0271633673702311 -0.0271359819932436
