data/pcas/pca_proj_current/PC18.asc
NCOLS 494 
NROWS 529 
XLLCORNER -117.166666666667 
YLLCORNER -55.5 
CELLSIZE 0.166666666666667 
NODATA_value -9999 
[rows 69 to 91 of 529, columns 52 to 103 of 494]
-9999 -9999 -9999 -9999 -9999 -9999 -9999 -9999 -9999 -9999 -9999 -9999 -9999 -9999 -9999 -9999 -9999 -9999 -9999 -0.0160786591015026 -0.0188181110536222 -0.0133540960088253 -0.0107598105110517 -0.0150572316778607 -0.0139620491470187 -0.0138658358011481 -0.0138581438054769 -0.0195684949880744 -0.019400672204132 -0.0147114269090629 -0.0204270099499498 -0.0198496902337766 -0.0149280243201205 -0.0148788841513275 -0.0150821714864556 -0.0151383953259581 -0.014565734158439 -0.0150084484446237 -0.0157968753434919 -0.015996218665669 -0.0152556092230756 -0.0175962323440594 -0.0173539959492216 -0.0186194812728699 -0.0179301480852049 -0.0175127888693717 -0.0172782813044003 -0.0167575613088937 -0.0161690193293419 -0.0163124418481065 -0.0167158341959685 -0.016030628948305
-9999 -9999 -9999 -9999 -9999 -9999 -9999 -9999 -9999 -9999 -9999 -9999 -9999 -9999 -9999 -9999 -9999 -9999 -0.0160063536836281 -0.0147712655669636 -0.0180742725006884 -0.0141983479816737 -0.0113205142949011 -0.0144589163335187 -0.0144763836884103 -0.014106870555732 -0.0142833505736811 -0.0145578858508755 -0.0193748914366723 -0.0192560252032021 -0.019726973863856 -0.0197390448669494 -0.0150701411894457 -0.0152461298010492 -0.0152444171995924 -0.0149910817714677 -0.0149949330393982 -0.0154640948847263 -0.0196467176706733 -0.0157749416893155 -0.0186820801206609 -0.0175324152151106 -0.0180188212511862 -0.0175276305532131 -0.0177613785858086 -0.0179790854229981 -0.0181370150327948 -0.0163249964146286 -0.0158163206572213 -0.0166451801571336 -0.0164879923049131 -0.0162734215163023
-9999 -9999 -9999 -9999 -9999 -9999 -9999 -9999 -9999 -9999 -9999 -9999 -9999 -9999 -9999 -9999 -9999 -0.0170057684437901 -0.0148356397963217 -0.0176162782270928 -0.0173682876526241 -0.0136602564509258 -0.0130793610397698 -0.0164165448128024 -0.0141774018712379 -0.0137665993513019 -0.0143916563218484 -0.0145447344793906 -0.0148194755991394 -0.014562780600186 -0.0199106683674436 -0.0200819590317268 -0.0199232928992518 -0.0145512893273732 -0.0146829395257319 -0.0202253859946163 -0.0153842461960341 -0.0201503717682092 -0.0196875270626589 -0.0204624799313192 -0.0185573917827902 -0.0176489681411807 -0.0185313103475356 -0.0179460210506425 -0.0176895945234021 -0.0175336521162981 -0.0178116947294686 -0.0160573835564734 -0.0157856118246975 -0.0155221175548053 -0.015379967231013 -0.0156034442085019
-9999 -9999 -9999 -9999 -9999 -9999 -9999 -9999 -9999 -9999 -9999 -9999 -9999 -9999 -9999 -9999 -9999 -9999 -0.0164058275249526 -0.0142593913257456 -0.0158501241203467 -0.0134467669090776 -0.0203679479150887 -0.0183576649269628 -0.014967117987288 -0.0142261156307985 -0.0137330221227837 -0.0143539605822637 -0.0145489111775919 -0.0141199762418336 -0.0142425842959913 -0.0196374771120245 -0.0194527091807 -0.0193688026604362 -0.0196456349268368 -0.0197369535298001 -0.0196218384557613 -0.0195613567686396 -0.0191538886670785 -0.0189454264315496 -0.017955294019437 -0.0178379723908119 -0.0179509207459987 -0.0147262043789713 -0.0147839790638243 -0.0181747423074565 -0.0172972053189072 -0.0161073478155617 -0.0166587688645163 -0.0164772196230107 -0.0159053676577051 -0.0164608622663588
-9999 -9999 -9999 -9999 -9999 -9999 -9999 -9999 -9999 -9999 -9999 -9999 -9999 -9999 -9999 -9999 -0.0139076656494548 -0.0170474912141576 -0.0183554319785843 -0.0184361388133845 -0.0163338113909417 -0.0151566247378106 -0.0197141667475571 -0.0178510868593704 -0.0153055964270708 -0.0144675943542949 -0.014285209237549 -0.0134076718847285 -0.0132177884863099 -0.013324677361585 -0.0195895086873967 -0.0201064637008566 -0.0197189651039765 -0.0194682278007455 -0.019384907516203 -0.0194302490355177 -0.0197272246260677 -0.0190278529638262 -0.0187904270965773 -0.0184234699939152 -0.017309782955582 -0.0171465401223623 -0.01752303498493 -0.0175404008158145 -0.0146105352061517 -0.0168739031135025 -0.0163611628609778 -0.0158718577080058 -0.0172087317994891 -0.0187699258858197 -0.0171313404999414 -0.0160398355980676
-9999 -9999 -9999 -9999 -9999 -9999 -9999 -9999 -9999 -9999 -9999 -9999 -9999 -9999 -9999 -9999 -9999 -0.0165832845942088 -0.0162589527393239 -0.0171241366455123 -0.0167657189967445 -0.0148732839002533 -0.0145490419920614 -0.018857163086012 -0.0159732066578131 -0.0133710165595064 -0.0132160255044153 -0.0135075123034435 -0.0143121596269378 -0.0122645086656143 -0.0190155694452441 -0.0161730928722314 -0.0169683318478782 -0.0163279390670055 -0.0136768192671852 -0.0184341989862461 -0.0181559866667909 -0.0181657851798621 -0.0188233873432813 -0.0184100576940421 -0.0175042031564854 -0.0172595287500841 -0.0178403147678643 -0.0175264918755996 -0.0171371010544097 -0.0159427754869144 -0.0160349617030526 -0.0162066669427906 -0.0176560623188033 -0.0185152716614536 -0.0169754313535645 -0.0152456168834711
-9999 -9999 -9999 -9999 -9999 -9999 -9999 -9999 -9999 -9999 -9999 -9999 -9999 -9999 -9999 -9999 -9999 -0.0147404885795378 -0.0150690054535093 -0.0141660072084243 -0.0154451978432617 -0.0164748124024005 -0.0140915173820159 -0.0197364354494606 -0.0147196083681169 -0.0131988430129991 -0.0120748575931013 -0.0131759289570926 -0.0153023676156158 -0.0137351453542705 -0.01626337671835 -0.0183305920823572 -0.0182789646398847 -0.0177509190862205 -0.0165780488070599 -0.0168798283641038 -0.0177960672687084 -0.0178608626280431 -0.0187840771327716 -0.0184730942810091 -0.0178643317387174 -0.017600137815185 -0.017822925678674 -0.0177698319787993 -0.0165200075147344 -0.0163220654588142 -0.0154411779419534 -0.0161878509962371 -0.0167063130366393 -0.0173284879964843 -0.0159854001863533 -0.0151177744209402
-9999 -9999 -9999 -9999 -9999 -9999 -9999 -9999 -9999 -9999 -9999 -9999 -9999 -9999 -9999 -9999 -9999 -9999 -0.0135244830474274 -0.0141896421165686 -0.0146379855296208 -0.0166660450818153 -0.0145840425994515 -0.0134990317966393 -0.0161361983196258 -0.013966361286404 -0.0124180587782694 -0.0125502899122829 -0.0139517817941154 -0.0124998205315255 -0.0139427975079607 -0.0142749743394567 -0.0139266136511913 -0.0179598158863829 -0.0166514828832617 -0.0172386901279167 -0.0186835392712696 -0.0186479998020111 -0.0192703443099323 -0.0191166172199948 -0.0183142318460911 -0.0173697945991079 -0.0174706853916462 -0.0175414168764105 -0.0168088714550634 -0.0167139082427087 -0.0168606847257089 -0.0165851097846975 -0.0155247603161181 -0.0153063522964067 -0.0153610918397519 -0.0151900375746004
-9999 -9999 -9999 -9999 -9999 -9999 -9999 -9999 -9999 -9999 -9999 -9999 -9999 -9999 -9999 -9999 -9999 -9999 -0.017457306920833 -0.0125110643625151 -0.0130518597210028 -0.0160138861163247 -0.0155181370594174 -0.0143457510852514 -0.0176361002736376 -0.014969397533219 -0.012527681446942 -0.0103457220474325 -0.0123633620075299 -0.0143278198758378 -0.0133469146952396 -0.0131564496268013 -0.0129211629602088 -0.0127962360301529 -0.0174028039962559 -0.0174633789259117 -0.0148638843411702 -0.0220328073802134 -0.0214839920672115 -0.0210722897411855 -0.0198575385041699 -0.0180822701713786 -0.0173323234065163 -0.0162348675887349 -0.016087923767836 -0.018741968320553 -0.0193686800989902 -0.0167980868044148 -0.0152553838298671 -0.0121281142763143 -0.0152905966746141 -0.015577197093084
-9999 -9999 -9999 -9999 -9999 -9999 -9999 -9999 -9999 -9999 -9999 -9999 -9999 -9999 -9999 -9999 -9999 -9999 -9999 -0.0146410964739429 -0.0136876850739047 -0.012901241617824 -0.0144308678115102 -0.0221823116606833 -0.0131610803333279 -0.0129760886925854 -0.0158549241921722 -0.0104485138132988 -0.0132239356481804 -0.015838412970365 -0.0139292376494341 -0.0133195399068645 -0.0127274489448471 -0.0175483318172854 -0.0162244542859648 -0.0156222459094003 -0.0124446099181276 -0.0212338703375359 -0.0213388110925167 -0.0207113888490825 -0.0202150902707815 -0.0184919876945553 -0.0167397925176932 -0.0171939298254145 -0.0179245584613058 -0.0169894606422741 -0.0177425421074745 -0.017018362352184 -0.0147814058074353 -0.0123055978724124 -0.0116198342128823 -0.0154428246024309
-9999 -9999 -9999 -9999 -9999 -9999 -9999 -9999 -9999 -9999 -9999 -9999 -9999 -9999 -9999 -9999 -9999 -9999 -9999 -9999 -0.0151202058380969 -0.0122380819243303 -0.012136057871361 -0.0134899740331333 -0.0130080495381207 -0.0115803280268896 -0.010995479219068 -0.0148445600023744 -0.0133952381152526 -0.0150555095831729 -0.0132289145362747 -0.0133523918532852 -0.0124425090865324 -0.0145924366895479 -0.0133142992901613 -0.015059375587077 -0.0179201765479314 -0.0156305027013109 -0.0129688011163553 -0.0175556122101093 -0.0188033830772798 -0.0190186675227607 -0.0189066891380773 -0.0176098741531415 -0.0170066889069972 -0.0184700431306666 -0.0164314127542367 -0.0156163674242116 -0.0139896820533102 -0.0120215183923446 -0.0122616756304305 -0.0120758801004987
-9999 -9999 -9999 -9999 -9999 -9999 -9999 -9999 -9999 -9999 -9999 -9999 -9999 -9999 -9999 -9999 -9999 -9999 -9999 -9999 -9999 -0.0114509009549693 -0.011927937990562 -0.0104580767948515 -0.0104564902940931 -0.0105234552402388 -0.0107711168418995 -0.00813722348252968 -0.0110170228206853 -0.0107048578231333 -0.0109708230655471 -0.0135283742160974 -0.0117733810842242 -0.0122788940186621 -0.0107904634463962 -0.012388858810962 -0.0147669002521121 -0.015797927222972 -0.0145484091300325 -0.0142117129532373 -0.0161201970714271 -0.017171804401301 -0.0167426401920797 -0.0173698755374156 -0.0184054884637646 -0.0204933612553579 -0.0221630979541906 -0.0217120406649861 -0.0171808545354342 -0.0135325941395597 -0.0151080674409111 -0.0110982335795399
-9999 -9999 -9999 -9999 -9999 -9999 -9999 -9999 -9999 -9999 -9999 -9999 -9999 -9999 -9999 -9999 -9999 -9999 -9999 -9999 -9999 -9999 -9999 -0.0129830690781026 -0.0102376311292958 -0.00877921664043223 -0.00714844952015786 -0.00561942998568026 -0.00582073635783191 -0.0114719106731887 -0.0112400496909335 -0.0110840541064019 -0.0106431659410767 -0.0124869237533198 -0.0117819173138082 -0.0122960179695111 -0.0131461493007006 -0.0139865875578944 -0.0135021237391483 -0.0140027345945521 -0.0158966847175279 -0.016609687898486 -0.0160447177366038 -0.0172931683639898 -0.0195516750943778 -0.0226178468900681 -0.0231621275105032 -0.0229769654927134 -0.0222573212950474 -0.0178593371829974 -0.013481100637016 -0.0103199581276995
-9999 -9999 -9999 -9999 -9999 -9999 -9999 -9999 -9999 -9999 -9999 -9999 -9999 -9999 -9999 -9999 -9999 -9999 -9999 -9999 -9999 -9999 -9999 -9999 -9999 -0.0116222601858051 -0.00857011440647407 -0.00762302330131241 -0.00489599448139361 -0.00585080557834594 -0.0116258665862856 -0.0120355702057386 -0.0124362447676342 -0.011465897548122 -0.0137072883563121 -0.0142522656368368 -0.0138417136655255 -0.0135076850684971 -0.0122641396144246 -0.0120141111145444 -0.0129634267058188 -0.0150791882486711 -0.0155600332286573 -0.016280010211271 -0.0194392538617677 -0.0225097749893683 -0.0229993480006312 -0.0243882184479616 -0.0202555759556501 -0.0212781391681701 -0.0171109482383515 -0.0125433215910097
-9999 -9999 -9999 -9999 -9999 -9999 -9999 -9999 -9999 -9999 -9999 -9999 -9999 -9999 -9999 -9999 -9999 -9999 -9999 -9999 -9999 -9999 -9999 -9999 -9999 -9999 -9999 -0.00787554329218031 -0.00782462938304843 -0.00568205670382828 -0.0129722425095199 -0.0123633147221914 -0.0121018199148843 -0.0126772982694268 -0.0150357689810743 -0.0149589816293536 -0.0139678632695114 -0.0130197197979808 -0.0116743884598502 -0.00978179203267348 -0.00986394422372334 -0.0110986681751978 -0.0156137485602244 -0.0163169615614211 -0.0179109452253325 -0.0215400317904217 -0.0235203173696163 -0.0253006904426958 -0.0255940768742687 -0.0236874271573375 -0.0177412118425465 -0.0160111758027935
-9999 -9999 -9999 -9999 -9999 -9999 -9999 -9999 -9999 -9999 -9999 -9999 -9999 -9999 -9999 -9999 -9999 -9999 -9999 -9999 -9999 -9999 -9999 -9999 -9999 -9999 -9999 -9999 -0.00809361077062118 -0.00572164649543001 -0.00762249554505035 -0.0124920960970443 -0.0125908129347825 -0.0110524815050161 -0.00984294039608354 -0.0102054517637476 -0.0143405574960256 -0.0132484750944556 -0.0112479978009442 -0.00480798197534517 -0.00451621080568677 -0.00888226597035638 -0.0120925633898389 -0.0127780382400712 -0.0165001321931202 -0.0205973018358177 -0.0239828795771076 -0.0255091833520517 -0.0260601502119671 -0.0246581430140628 -0.0215966751051634 -0.0207398184412157
-9999 -9999 -9999 -9999 -9999 -9999 -9999 -9999 -9999 -9999 -9999 -9999 -9999 -9999 -9999 -9999 -9999 -9999 -9999 -9999 -9999 -9999 -9999 -9999 -9999 -9999 -9999 -9999 -9999 -0.00865385365095595 -0.00607936527090795 -0.00723914826198521 -0.00716553634701362 -0.011171772914782 -0.0100956697808942 -0.0102416110164354 -0.0092649335950214 -0.00864984418246998 -0.00674104575331765 -0.00454453336494637 -0.005798708845255 -0.0121879625374821 -0.0110741723737641 -0.0153479292527081 -0.0172943535044409 -0.0202293277114723 -0.0238879046744335 -0.0242408979892633 -0.0268825954972938 -0.0259235696736603 -0.0221414096146717 -0.0203181689401194
-9999 -9999 -9999 -9999 -9999 -9999 -9999 -9999 -9999 -9999 -9999 -9999 -9999 -9999 -9999 -9999 -9999 -9999 -9999 -9999 -9999 -9999 -9999 -9999 -9999 -9999 -9999 -9999 -9999 -9999 -0.00743642714232599 -0.00583067087193219 -0.00527749057132005 -0.00529151895088239 -0.00534681942834073 -0.00955265264750242 -0.00900192993320118 -0.00788273617979669 -0.00665123993604225 -0.00426556310804945 -0.00483288740109688 -0.0118745670486754 -0.0143687168960839 -0.0166331043481657 -0.0210414954460124 -0.0234895635688296 -0.0260940228275033 -0.0263727717955109 -0.0272757768379318 -0.0248340014491787 -0.0199016996895781 -0.018808266508269
-9999 -9999 -9999 -9999 -9999 -9999 -9999 -9999 -9999 -9999 -9999 -9999 -9999 -9999 -9999 -9999 -9999 -9999 -9999 -9999 -9999 -9999 -9999 -9999 -9999 -9999 -9999 -9999 -9999 -9999 -9999 -9999 -9999 -0.00568598263542928 -0.00369841402261409 -0.0032153811801969 -0.00281628115176491 -0.00189249416839077 -0.00090221642361173 -0.00465784333099426 -0.00400815086922323 -0.00621274869732168 -0.0137347739675411 -0.0146960925817648 -0.0192886302979635 -0.023674858604212 -0.0263030767293174 -0.0266625029357115 -0.0263292972717729 -0.0241021495880349 -0.0212173802555204 -0.0186419329473534
-9999 -9999 -9999 -9999 -9999 -9999 -9999 -9999 -9999 -9999 -9999 -9999 -9999 -9999 -9999 -9999 -9999 -9999 -9999 -9999 -9999 -9999 -9999 -9999 -9999 -9999 -9999 -9999 -9999 -9999 -9999 -9999 -9999 -9999 -9999 -9999 -0.00504005523866972 -0.00220486863304602 -0.000404073335273435 0.00017671396673759 0.000274886768576156 -0.0062745385338835 -0.0134750108754729 -0.0141321738291381 -0.0148553766564504 -0.0176408964008121 -0.0209842582097768 -0.0214987554632882 -0.0228379634842877 -0.0188301277450477 -0.02065365075321 -0.0191284334509098
-9999 -9999 -9999 -9999 -9999 -9999 -9999 -9999 -9999 -9999 -9999 -9999 -9999 -9999 -9999 -9999 -9999 -9999 -9999 -9999 -9999 -9999 -9999 -9999 -9999 -9999 -9999 -9999 -9999 -9999 -9999 -9999 -9999 -9999 -9999 -9999 -9999 -9999 -9999 -9999 -0.000912276676245412 3.42241187779313e-05 -0.00558627862771013 -0.0130432936646836 -0.0129439213945304 -0.0140918699479396 -0.0149068750170193 -0.0162173459057812 -0.0176651522593476 -0.0173710685231831 -0.0178564607749722 -0.0165684154041592
-9999 -9999 -9999 -9999 -9999 -9999 -9999 -9999 -9999 -9999 -9999 -9999 -9999 -9999 -9999 -9999 -9999 -9999 -9999 -9999 -9999 -9999 -9999 -9999 -9999 -9999 -9999 -9999 -9999 -9999 -9999 -9999 -9999 -9999 -9999 -9999 -9999 -9999 -9999 -9999 -9999 0.000279024724374152 0.00144659444394201 -0.00198537060304348 -0.011052908737872 -0.0122594180986318 -0.0124062473440506 -0.0124686889041638 -0.0131318945123666 -0.0143884982009505 -0.0154995496833662 -0.0141692914647999
-9999 -9999 -9999 -9999 -9999 -9999 -9999 -9999 -9999 -9999 -9999 -9999 -9999 -9999 -9999 -9999 -9999 -9999 -9999 -9999 -9999 -9999 -9999 -9999 -9999 -9999 -9999 -9999 -9999 -9999 -9999 -9999 -9999 -9999 -9999 -9999 -9999 -9999 -9999 -9999 -9999 -9999 -0.00392489500374772 0.00347514022023348 0.00161904892128702 -0.00836741188544034 -0.00972133139709455 -0.010664838262237 -0.0109416121867254 -0.0117669070106442 -0.0124092140817074 -0.0141367078064525
