data/pcas/pca_proj_current/PC18.asc
NCOLS 494 
NROWS 529 
XLLCORNER -117.166666666667 
YLLCORNER -55.5 
CELLSIZE 0.166666666666667 
NODATA_value -9999 
[rows 207 to 229 of 529, columns 208 to 259 of 494]
-9999 -9999 -9999 -9999 -9999 -9999 -9999 -9999 -9999 -9999 -0.00788735896321238 -0.00498722123906986 -0.00183477706311143 -0.000342500158403579 0.000457688589348854 -0.00133592095987991 -0.00269828754176888 -0.00314518754340692 -0.00184247226777579 0.00281814253819166 0.00334692688759479 0.00645401876919386 0.00559969577184929 0.0028876592162816 0.0031518828661712 0.00252496501209086 0.00633957868042422 0.00620727805031813 0.00682990739768986 0.00651847090524645 0.00707297426491836 0.0074063766824987 0.0076062311584405 0.0052827840211488 0.00466952789851384 0.00428088673572495 0.00307230901798977 0.00284926053641568 0.00244557026203929 0.00172873176384065 0.000890998224776821 0.000452371359577274 1.34191858610546e-05 -0.000290503606246988 -0.000524678433672657 -0.000730273539338024 -0.00030831720535416 7.3372439579977e-05 0.000486413307822385 0.000436996882744758 0.000185664400901888 -3.89956754943844e-05
-9999 -9999 -9999 -9999 -9999 -9999 -9999 -9999 -9999 -9999 -0.00775019833413737 -0.00487873689621713 -0.00442244131494691 -0.00331361991920157 -0.0021881471713839 -0.00126953580208366 -0.00245586686885739 -0.00237517999581715 -0.00219744613987716 0.000600969565536624 0.00471202221775604 0.00561157206303959 0.00417389609322732 0.00387684143634524 0.00435409763417972 0.00354690338604944 0.00572769712940703 0.00652359332065591 0.00735630024683394 0.00698826952929197 0.00713074742653181 0.0073697336817318 0.00751138023323935 0.00561811384965073 0.00523232096900309 0.00408708306782652 0.00348654577114846 0.00317212373107517 0.00288327780697396 0.00222573429365118 0.00153587253402821 0.00112951104529159 0.000744439773913039 0.000651248844153868 0.000174355178167874 0.000216870592075568 0.000586066665819613 0.000829334310096344 0.000873561842959215 0.000334706726450409 -0.000248110064478411 -0.000140333150083485
-9999 -9999 -9999 -9999 -9999 -9999 -9999 -9999 -0.0162118719768055 -0.0126243906417644 -0.00859221392580569 -0.00509853795176565 -0.00528065613466473 -0.00607983322181505 -0.00493178019548857 -0.00466382981821926 -0.00242325399794715 -0.00151436356533238 -0.00099920395190139 0.000917264531801206 0.00468542656651064 0.000171125744399961 0.00378204897888578 -0.00113749778190405 0.00586536366953519 0.00408247404548065 0.00463154352536089 0.00444452752611306 0.00603342979112131 0.00690727336461913 0.00647871531743814 0.00674773022967452 0.00554597066919404 0.0055266826603514 0.00545658883414271 0.00449751442788325 0.00410121292071998 0.00351229758287869 0.00312878043608364 0.00271818144908956 0.0021092504426502 0.00180793622156907 0.00136565250099405 0.000931913135162218 0.00100566041502667 0.000942568638081587 0.00136664633743092 0.00137131102282946 0.000943007909123997 3.5744146622203e-05 -0.000243101303969409 -1.44895706670652e-05
-9999 -9999 -9999 -9999 -9999 -9999 -9999 -9999 -9999 -0.0126773855853838 -0.0101512063360253 -0.00733965792357034 -0.00784561960350286 -0.0077875681973704 -0.00755441879760778 -0.00683452670943207 -0.00330517028589361 -0.00175389444947969 -0.000985881841894498 0.0037394072799113 0.00341749934845645 0.00624996815883114 0.000405355673121516 0.0051009440263885 0.00582957355606053 0.00325308315118761 0.00291852581874334 0.00419153850748485 0.00552804942038108 0.00525324930323097 0.00511187648567909 0.00605473639880447 0.00566089299491026 0.00580352329161085 0.00574126206156685 0.00513910382529225 0.00472479641441071 0.00413383912684172 0.00354817837596749 0.00308229436060767 0.00258894599666175 0.0023209754804777 0.00193274142420005 0.00178182779002938 0.00168664381040718 0.0016329489403319 0.00187974547868922 0.00148610387120536 0.000859916274245439 0.000285340719019608 -0.000111883752196361 0.00100180928615782
-9999 -9999 -9999 -9999 -9999 -9999 -9999 -9999 -9999 -9999 -9999 -0.0100553888791739 -0.00844215892779256 -0.00863333593672294 -0.00861791324372902 -0.00698970246169918 -0.00518923978976714 -0.00199419936044818 0.00253620649903024 0.0057425438887639 0.00442068104872543 0.00552690309774339 0.00484875062739795 0.00510327031623929 0.00339473026696881 0.00244822895352869 0.00351823210007388 0.00393888841267053 0.00350496166095505 0.0037980555487713 0.00429868476716198 0.00480383221918278 0.00556211708542615 0.00612901252923419 0.00571506986523501 0.00554589505848091 0.00527232019351312 0.00483271077008591 0.00424964994566641 0.00375547667042835 0.00318021928395585 0.0028561417029315 0.00251203160710371 0.00211751771387029 0.00186728091204723 0.00179039640906189 0.00215618944687341 0.00176978705120073 0.00121513394529016 0.000844783151254351 0.000559113701395605 0.00124945222004554
-9999 -9999 -9999 -9999 -9999 -9999 -9999 -9999 -9999 -9999 -9999 -9999 -0.00887888233589086 -0.0080325033582851 -0.00617316528181556 -0.0055322886018261 -0.00445865854893638 0.00261009602469736 0.00528657580843087 0.00253430135294047 0.00239473897390376 0.00498582310796054 0.00516301470943967 0.0043783208239261 0.003960517699694 0.0014356500347159 0.00415670797048375 0.00408104076742544 0.00301871408694118 0.00350378399206966 0.00414796873835968 0.004552426477828 0.00541126027658319 0.005115749845786 0.00577105589603796 0.00567239380663341 0.00538208205572484 0.00543054136015432 0.00468759575261526 0.00417991512029409 0.00351997007181354 0.00290181799985192 0.00251389498081053 0.00214796186660823 0.00209328266029677 0.0023364062081984 0.00257548312744867 0.00205208929595422 0.00160610232639509 0.00149830476843902 0.00154716160034427 0.00273938036091625
-9999 -9999 -9999 -9999 -9999 -9999 -9999 -9999 -9999 -9999 -9999 -9999 -9999 -0.00784136270862618 -0.00780886706555997 -0.00622699555870472 -0.0045190038625399 0.00328200847907997 0.00579500226214593 -0.000321285929287185 0.00272521142502 0.00435446157895011 0.00215884718348418 0.0033567888366125 0.00490562505754258 0.0042795811652859 0.00434169571270517 0.00391308586630609 0.00412195275230542 0.00420953171452472 0.00485361186954602 0.00478542685646723 0.00450995280883158 0.00516442667037267 0.00561936270929836 0.00563912184859865 0.00526076895414346 0.00539105890013126 0.00465109953849879 0.00607697790373303 0.00526558388272398 0.00316482982913052 0.00251435313830745 0.00233640552511013 0.00235562900876951 0.00236574020892089 0.00251684868299962 0.00234078231951759 0.00199125552014163 0.00192085478291427 0.00286234818927922 0.00354202466395907
-9999 -9999 -9999 -9999 -9999 -9999 -9999 -9999 -9999 -9999 -9999 -9999 -9999 -0.0084086064086001 -0.0082226856833159 -0.00535139095979245 -0.00159996026161917 0.0069460683383426 0.00392216493594203 -0.000535054820631547 0.00268976217785902 0.00111522072806306 7.07581163802359e-05 0.00370677312914972 0.00437283543052334 0.00471315592874755 0.00446158699046376 0.00419627582821414 0.00489049478505205 0.00518925361944874 0.00583705309151024 0.00603949309107285 0.00541922269180108 0.00592680622343289 0.00594607502164464 0.00614626992489851 0.00605167219222329 0.00534801735786602 0.00590767210222243 0.00535673857506853 0.0047992524894692 0.00460651661514317 0.0041768233778003 0.00253457149368928 0.00235955966551112 0.00239378627558819 0.00260195278244102 0.00250524251366336 0.0026497847735834 0.00301414354606176 0.00403278464285889 0.00503581156504726
-9999 -9999 -9999 -9999 -9999 -9999 -9999 -9999 -9999 -9999 -9999 -9999 -9999 -9999 -0.00672231146824505 -0.00433094408412757 0.000751805219586297 0.00712621974206042 0.00266551962312413 0.00308930910619103 0.000313389870678967 -0.000571296635085728 0.00190551923416762 0.00552754618444579 0.00574399181336157 0.0055033413167695 0.00497089783767553 0.00493374186080516 0.0059542144386346 0.00630225447606331 0.00648213069553303 0.00705203257360374 0.00700271159273879 0.00645550498103816 0.00662145979669062 0.00655762457351513 0.00634571240625724 0.00653367308555993 0.00570798437345217 0.00507099846291528 0.00404977686040837 0.00353559692978378 0.00341599125434597 0.00311039229753264 0.0015150862094821 0.0016832501215614 0.00160231260752327 0.00229302385307215 0.00301530127738125 0.00363512345523914 0.00402088499222237 0.0045020096902798
-9999 -9999 -9999 -9999 -9999 -9999 -9999 -9999 -9999 -9999 -9999 -9999 -0.00968982259343119 -0.0076629886752816 -0.00572367167826805 -0.00253340981800669 0.00469825201204692 0.00663173080860098 0.00101263770005473 0.0037012391782002 0.000894717259212554 -0.000965347063789847 0.00364967059823061 0.00515158589200588 0.00548488647982502 0.00544821520142708 0.00561108530946182 0.00543558166557296 0.00653130591807624 0.00694238197383241 0.00744774860855225 0.0080197384312566 0.00793948737249252 0.00712766863557697 0.0069955330245937 0.0069638236710968 0.00650134273946385 0.00667715421154402 0.00563096740243692 0.00496327610151891 0.00402398157279939 0.00314408014941564 0.00228416909801584 0.00190856051986866 0.000445956774356913 0.000924887276865466 0.00158567817433269 0.00240604771089587 0.00313004385223463 0.00371875290044378 0.00393699655249889 0.00451313363097939
-9999 -9999 -9999 -9999 -9999 -9999 -9999 -9999 -9999 -9999 -9999 -0.00860549161458001 -0.00745957733491504 -0.00373455002315305 -0.00204298549989685 0.00188867182924003 0.00928834480571977 0.00561362873260582 0.00411320704627097 0.0015884581601353 -0.000714614062036678 0.00356859046411202 0.00451242240700661 0.00597620024562017 0.00632048796040239 0.00642795494246986 0.00617215937583292 0.00590012501869074 0.00683643085575225 0.00785298709090781 0.00818979527242077 0.00880648589179191 0.00855934428116735 0.00753433905139313 0.00721059496354172 0.00708014170706703 0.00641227216809905 0.00630931970724018 0.00557432221789808 0.00444306979513494 0.00344026671881781 0.00220361212553851 0.00207409272081052 0.00146740401945867 0.000656973534925732 0.000672366738673838 0.0016265380575222 0.00254937636336535 0.0033657565919919 0.00366741775570335 0.00389599617810743 0.00459179249897994
-9999 -9999 -9999 -9999 -9999 -9999 -9999 -9999 -9999 -9999 -0.00789627389410024 -0.00314255066461012 -0.00204482062943475 -4.44151574887329e-05 0.00341253628718951 0.00935145711516788 0.0123314980481592 0.00740190483865234 0.00446077954494448 5.36173656680086e-05 0.000290241518794577 0.00433924635356988 0.00601967650179871 0.00600352745855556 0.00614665814316411 0.00676381959047611 0.0066278604612881 0.0066491616216168 0.00720912059519335 0.00741774244165982 0.00891454161114505 0.00935936336488836 0.0094209996236291 0.00881886612274714 0.0077007830050369 0.00722271916702191 0.00648390793417424 0.00622924960306558 0.00523782556309897 0.00507578961346165 0.00401751410704257 0.0029170821851606 0.00203550261767648 0.000128848524022781 0.000433285780254899 0.000524082960620165 0.00164932576670568 0.00279694053691211 0.00289491535092535 0.00323688065020016 0.00379681579361546 0.0043367484106401
-9999 -9999 -9999 -9999 -9999 -9999 -9999 -9999 -9999 -0.0102852749749155 -0.00512387468853232 -0.00113171356813986 0.00221999274104185 0.0056635488622152 0.00901796588380539 0.0122938462978114 0.00832264256132775 0.00780200930617317 0.00120347044716419 2.52748114799532e-05 0.00163627582545877 0.00439246694858621 0.00581839598498165 0.0055613213935059 0.00617485051204395 0.0068492088560111 0.00676631657325172 0.00681276057482538 0.00736624844878445 0.0074391432288031 0.00943001700038483 0.00966132735858891 0.0095808332823562 0.00895962028259944 0.00771727113960521 0.00733804280598404 0.00670897178437578 0.00564530546377321 0.00571577358139027 0.00493250787703353 0.00427259978659743 0.00316632174843963 0.00143556262095553 0.000838269936102023 0.000891719054610047 0.000349963337702746 0.00124296045152781 0.00199236608310784 0.00241760767733964 0.00301065346806927 0.00353595398702049 0.00416628530904424
-9999 -9999 -9999 -9999 -9999 -9999 -9999 -9999 -0.0150732772232519 -0.00989115947426385 -0.00410631054361524 0.00128343976396773 0.00245448726374586 0.00583611714351422 0.00998624289236449 0.00795969030643991 0.00547540668816872 0.0032395425393744 0.00444650229964118 0.00122820282870985 0.000768280129553951 0.00423067737804337 0.0046029531221104 0.00583138578840274 0.00637334415552971 0.0062179307937151 0.00660075053377887 0.00660613502948314 0.00734560814224423 0.00733461438492552 0.00966251829461777 0.00979610066405374 0.00984043318733761 0.00930387556721365 0.00891363814844178 0.00753730555774014 0.00679971167107547 0.00645929408670835 0.00507208728717863 0.00427719698383076 0.00309567524728253 0.00228705159374816 0.00168979598556229 0.00130358280418587 0.00125220429517672 0.000664214336506952 0.00118041015496395 0.00152844191268171 0.00230066660860547 0.00311931474724617 0.00335990124759678 0.00389294952096569
-9999 -9999 -9999 -9999 -9999 -9999 -9999 -0.0169061250717098 -0.0131076214428755 -0.00893198763570863 -0.00116009607955657 -0.000422473261878916 0.000389422727124467 0.00272526378579788 0.00557247525101725 0.00887270058020308 0.00182164642637868 0.00186332433678437 0.000679493471055809 0.00332406191700516 0.000750649968869853 0.00240605548594175 0.00433554621050787 0.00514068294837467 0.00570211695585023 0.00561601486456137 0.00598139066745133 0.00668856691140034 0.00746281283875703 0.00729810464662683 0.0097133777676589 0.00989159265270939 0.0100639811570097 0.00968773002441041 0.00935237631657632 0.00747307137295905 0.00741884848517141 0.00661756684242428 0.00557743006415267 0.00463695396875024 0.00371827806539378 0.0026949388025356 0.0020708355031046 0.00169485660680745 0.00148636749944368 0.000616627782913307 0.0010151902536284 0.00147077614920899 0.00223271760181005 0.0030505637843071 0.003552909482179 0.00360249779745062
-9999 -9999 -9999 -9999 -9999 -9999 -9999 -0.0174754658483612 -0.0146578789980856 -0.00901039563713161 -0.00401252174506659 -0.00400771096410053 -0.00217960838180122 0.000623671876880071 0.00397511520986844 0.00587769589523359 0.00497218945976857 0.0014851255547464 0.00337926554331858 0.00125808583018307 0.000952940376012118 0.00232343223917942 0.00469030547459972 0.00463744771040586 0.00487379837961583 0.00522971476827052 0.00528687231464633 0.00658394779467421 0.00721282485263857 0.00790090245385997 0.0096217906309923 0.00992627203077565 0.010000159982761 0.00963608176082209 0.00945912678638269 0.00861186476109099 0.00751435413621348 0.00659705194866288 0.00562641692737295 0.00482490500167168 0.00402335109301203 0.00335872200759042 0.00273134650083443 0.00212806838994753 0.00173591288076869 0.000788732820967291 0.00105746230818434 0.00126887559126047 0.00151578677910828 0.00283895043911493 0.00332819607193301 0.00328799438094681
-9999 -9999 -9999 -9999 -9999 -9999 -9999 -0.0184037433178774 -0.0148069977977003 -0.0085723415221457 -0.00908576740690132 -0.00697817267021545 -0.00538972040870135 -0.00218272569571976 0.00256114510672831 0.0063493284739344 0.00744390825224862 -0.00160721388848411 0.000894670129963275 0.000999735729351589 0.00314128460136563 0.00238855658220528 0.00309645195193081 0.00468755822975243 0.00425955213206938 0.00669121241498425 0.00677514088751489 0.00625543927501889 0.00681130074702035 0.00811193339463888 0.00933989793526257 0.00993849010271919 0.0097700345493466 0.00986764852694856 0.00931810495621703 0.00853334203411715 0.00868074271391013 0.00679923748754552 0.00577136993978101 0.00489797132952675 0.00427415767982884 0.00366430169514706 0.00294088292151937 0.00267626500511807 0.00216194960249948 0.00100927698186411 0.0014352875128647 0.00114757472791682 0.000866125645311912 0.0026809406904023 0.00304263421721794 0.00295154699404571
-9999 -9999 -9999 -9999 -9999 -9999 -9999 -0.0188928138495814 -0.0167082784514735 -0.0146478368219118 -0.013247510710951 -0.0114970306892555 -0.00867182971189612 -0.00719099486803276 0.00170879463636485 0.00975168663450682 0.00145193470814412 -0.00146907375354499 0.00728327995013713 0.00066634639003748 0.00335133295933264 0.0018956342808286 0.00470240032311249 0.00442593643136365 0.00407295515315154 0.00668957571639008 0.00675663971810384 0.00649131419647429 0.00533287317027821 0.00834653788199879 0.00927837874620971 0.00949053521322888 0.00968831917683562 0.00949719022851264 0.00912116842188285 0.00905760625748438 0.00846091155933715 0.00834094630566799 0.00720337841402143 0.00639462040973836 0.00427107168809571 0.00364315243932807 0.00336443850660935 0.00386866905497659 0.00337028565531822 0.00291641740904107 0.00198095204450401 0.00160707715850631 0.00171215451656658 0.00255311409940011 0.00327816014591858 0.0025332621662863
-9999 -9999 -9999 -9999 -9999 -9999 -9999 -0.0193113398595514 -0.0181552125476181 -0.0169771320370822 -0.0157771979446291 -0.0136160475416753 -0.0109290958099076 -0.00927669694217812 0.000471094576804826 0.00707534603913331 0.00634115460807188 0.00181570391695999 0.00683059526413542 0.00348138010169859 0.00714024198562567 0.0038415410775345 0.00513190029420758 0.00609532026425995 0.00556592528425624 0.00537778949402133 0.00633890640001528 0.00634596675130922 0.00494015594244426 0.00743092842808252 0.00855185387267805 0.00895611298110172 0.00921005153641086 0.00917937757950443 0.00882368711123013 0.00785814820701196 0.00812802404471891 0.00797624404729556 0.00724083405692599 0.00636364548114047 0.0054283083026437 0.00489972838113269 0.00463518350124712 0.00448528608003555 0.004128143377756 0.00358384475023424 0.00270933444390384 0.00237838490128253 0.00246930110755962 0.0027939858020726 0.0024902517259185 0.00190838115073605
-9999 -9999 -9999 -9999 -9999 -9999 -9999 -0.0220051922189462 -0.018440991188781 -0.0170817520080392 -0.0164040750561379 -0.0149335284538184 -0.010767464890648 -0.00922438731082774 -0.00629679055338819 0.00325296901345073 0.00676566886997051 0.00791481482471283 0.00298510544385678 0.00274896108949419 0.0067452816278572 0.00388498779993357 0.00453525677601667 0.00490395646250354 0.00535660811971761 0.00455717756054732 0.00375289357233706 0.00401825349815051 0.00475223632799417 0.00591017615629278 0.00785071661407125 0.00833079623959197 0.00870979295916381 0.00887534633449904 0.00831100503653956 0.00850524544418474 0.00827134756223884 0.00799851403652442 0.00728646694521965 0.00645814971440911 0.00563944234456629 0.00549473704032583 0.0052066087378705 0.00494942663100425 0.00479631532926911 0.00436707199345286 0.0031733391265215 0.00296522246542887 0.00287468795046844 0.00236883136304426 0.00151068942227628 0.000935345780333019
-9999 -9999 -9999 -9999 -9999 -9999 -9999 -0.0223910100754778 -0.0192017471964636 -0.0174739885755543 -0.0181497160584556 -0.0160347144604544 -0.0114744335575024 -0.00875017558354545 -0.00767841380208607 -0.00466530461155523 -0.000559045049810886 0.00956631746263934 0.00407243634162653 0.00331553257942444 0.0045277180744335 0.00426988953180531 0.00344862372904282 0.00461403780998466 0.00489919745537658 0.0046705121531506 0.00420288582051691 0.00480781260481417 0.00500508883385031 0.00594972995507541 0.00631832889109339 0.00675560174592954 0.00818517706399552 0.00822001198812166 0.00768411258293946 0.00811638109358993 0.00783951599470378 0.00754722592388352 0.00703930073884534 0.0062322052248787 0.0058105442022723 0.00578808502416008 0.0055211315776506 0.00546291796342503 0.00508779888534332 0.00476129169249545 0.00361371118435162 0.00303209876695173 0.00231685560894357 0.00162401206428462 0.00119641078652592 0.00070891507708527
-9999 -9999 -9999 -9999 -9999 -9999 -9999 -9999 -0.0203675235459938 -0.0187511634803896 -0.0200527384255499 -0.0159596224458227 -0.0123214554522253 -0.00923466413558041 -0.00742397594450562 -0.00462786817581981 -0.00197068444379785 0.00696243580827098 0.00512576317213923 0.00407096010347569 0.00537681265690645 0.00548928174897288 0.00378830151899824 0.003268256295824 0.00387251516879742 0.00342820766241269 0.00439508494289517 0.00351828235151235 0.00412820617598333 0.00470003664769872 0.00529131368194627 0.00667642722982328 0.00678736357191027 0.0072267947105867 0.00768400235345884 0.0079915161691511 0.00767680525765057 0.00746181248948056 0.00640300378213976 0.00604411403631726 0.00568006400751968 0.00516698515925676 0.00598440904505528 0.00604651736613209 0.00573810742855481 0.00492515994512877 0.00439964688852638 0.00262037249101487 0.00206606793562679 0.00153914674320335 0.000903361445360299 0.000691050995101208
-9999 -9999 -9999 -9999 -9999 -9999 -9999 -9999 -9999 -0.0203336918018953 -0.0189714176242041 -0.0165354326430544 -0.0134593786952569 -0.0110044598766983 -0.00816951551311553 -0.0058453114959668 -0.00152030052363471 0.00540401324454195 0.00443433408264711 0.00460387329311221 0.00378784077180515 0.00391393714476777 0.00355076669700726 0.0012268360234405 0.00225821684740232 0.00181262621493811 0.00254791314345053 0.00312858115034277 0.00377103576237913 0.00468684148288812 0.00456584610768036 0.00484932944351255 0.00603692946681939 0.00631761052351793 0.00707822394350058 0.00816325234734267 0.00776983141679493 0.00649202924345697 0.00617627863894875 0.00576283109370512 0.00568779621996231 0.0053343826964591 0.00614725452830155 0.00632427493997665 0.00541094263358132 0.00471146938861399 0.0026322632875459 0.00236925166142832 0.00195232859249986 0.000947937744886702 0.0004846230771871 0.000511160840583945
