data/pcas/pca_proj_current/PC18.asc
NCOLS 494 
NROWS 529 
XLLCORNER -117.166666666667 
YLLCORNER -55.5 
CELLSIZE 0.166666666666667 
NODATA_value -9999 
[rows 207 to 229 of 529, columns 416 to 467 of 494]
-0.00437059346914882 -0.00573902444026627 -0.00676916411803411 -0.0074606003322127 -0.00781119689283459 -0.00788971616521662 -0.00766924104897471 -0.00858851939977277 -0.009726729279127 -0.0111083154658376 -0.0123685010459053 -0.0123504438868347 -0.012454550793851 -0.0165931463271376 -0.0157963038119416 -0.0140112188076799 -0.0120693242758589 -0.0109595161018784 -0.011290752310422 -0.0071233875573633 -0.00665786461424394 -9999 -9999 -9999 -9999 -9999 -9999 -9999 -9999 -9999 -9999 -9999 -9999 -9999 -9999 -9999 -9999 -9999 -9999 -9999 -9999 -9999 -9999 -9999 -9999 -9999 -9999 -9999 -9999 -9999 -9999 -9999
-0.00378469404722546 -0.00509529884152011 -0.00597583408314898 -0.00648109263076717 -0.00680142522566792 -0.00696310040256131 -0.00697007416622857 -0.00758850087818114 -0.008937388819425 -0.0104696774389713 -0.0120861035437915 -0.012547499768748 -0.0131654155558715 -0.0181082963401459 -0.0170560470531292 -0.0158342725809202 -0.0135558469764875 -0.0114710149654619 -0.0110927509603604 -0.00720550438595426 -0.00707286530780965 -9999 -9999 -9999 -9999 -9999 -9999 -9999 -9999 -9999 -9999 -9999 -9999 -9999 -9999 -9999 -9999 -9999 -9999 -9999 -9999 -9999 -9999 -9999 -9999 -9999 -9999 -9999 -9999 -9999 -9999 -9999
-0.00385908059444052 -0.00515989011214844 -0.00531612515473943 -0.00555210246127146 -0.00604883588281526 -0.00620466533388407 -0.00598465654782905 -0.00675787619937505 -0.00814088277361283 -0.00952005690350162 -0.0117490208413777 -0.0122873836083778 -0.0131800013410013 -0.0181011150094863 -0.0124895419036015 -0.0120521039602291 -0.0145474381151521 -0.0121200112066138 -0.011663297853937 -0.00761565240777033 -0.00774461952591583 -9999 -9999 -9999 -0.00835456552118175 -0.00783345453316901 -9999 -9999 -9999 -9999 -9999 -9999 -9999 -9999 -9999 -9999 -9999 -9999 -9999 -9999 -9999 -9999 -9999 -9999 -9999 -9999 -9999 -9999 -9999 -9999 -9999 -9999
-0.00296423834471615 -0.00517469290605091 -0.00482461340343116 -0.00492033201651739 -0.00562573860855048 -0.00554498253865272 -0.00565930503455738 -0.0058920892545082 -0.007021011042818 -0.00823666762070869 -0.0101967246777588 -0.0115708464966898 -0.0127410858052674 -0.0136442616610636 -0.0133303939500245 -0.0171666832510781 -0.00939067639594839 -0.0126230553212504 -0.0123566062163622 -0.0123804088068157 -0.00696565454653745 -0.00894209695257637 -0.00948014465649426 -0.00860124396770581 -0.00873633151684471 -0.00854242284956013 -0.00884809740798032 -0.00783374983433983 -0.00637972141912027 -0.00651860654418449 -9999 -9999 -9999 -9999 -9999 -9999 -9999 -9999 -9999 -9999 -9999 -9999 -9999 -9999 -9999 -9999 -9999 -9999 -9999 -9999 -9999 -9999
-0.00234089586347522 -0.00456293537554792 -0.00485739363555241 -0.00466481495119966 -0.00493374369747517 -0.00488731085641674 -0.00556743063347177 -0.00596102610112621 -0.00639721893366218 -0.00709705016684799 -0.00847552954440911 -0.0106247821428917 -0.0122351148394056 -0.0139972808673137 -0.0136866119490183 -0.0162452945259176 -0.00890595034124333 -0.00891117119003104 -0.00878202575316201 -0.00737731540387626 -0.00735636977380472 -0.0102594758357219 -0.0110225432014931 -0.0107716666003727 -0.0112014067336939 -0.0108763189278878 -0.01049633076204 -0.0101635735472313 -0.00786626861444424 -0.00670941237260967 -0.00810266516087197 -0.00727368132916001 -9999 -9999 -9999 -9999 -9999 -9999 -9999 -9999 -9999 -9999 -9999 -9999 -9999 -9999 -9999 -9999 -9999 -9999 -9999 -9999
-0.00215732862907883 -0.00378334810571456 -0.00479548793061839 -0.00453192992871832 -0.00459582558487391 -0.0048449875692411 -0.00560595581029019 -0.0056197135773427 -0.00634048711161832 -0.00730475658189263 -0.00792691324113382 -0.00885776473721714 -0.0106248600248473 -0.0122502152331136 -0.0123861059784575 -0.0109692584084942 -0.0093304398373817 -0.00888940920903788 -0.00869636246153128 -0.00765563358674898 -0.00856560522106631 -0.00967295510991554 -0.0105567789282127 -0.0118467025935281 -0.0136966571345168 -0.0136797808911937 -0.0132728688224629 -0.0128552074117513 -0.012175867839112 -0.0111515131060433 -0.0100936187954409 -0.00850433704421825 -0.00856137300665849 -0.00693059928741419 -0.00528698373013558 -0.00425501018726674 -0.00359306882535745 -9999 -9999 -9999 -9999 -9999 -9999 -0.00648867113331449 -0.00706504489622128 -0.0103863960959879 -0.00982252028229238 -9999 -9999 -9999 -9999 -9999
-0.00395701232533037 -0.00301791542107762 -0.00466454961632034 -0.00389758465062898 -0.00414177223401125 -0.00467745208322277 -0.00568522102076379 -0.00529395686710643 -0.00599194877098794 -0.00666054003093437 -0.00718087078448133 -0.00817205094611592 -0.00940021032838455 -0.00979521525237997 -0.00983163113170055 -0.00961851387263372 -0.00947440363733017 -0.00907077907855445 -0.00881417099491446 -0.00810058937934718 -0.0093012709236046 -0.0107338650768834 -0.0112789014771829 -0.0136886759549662 -0.0142935439395638 -0.0143359973929586 -0.0140097685126044 -0.0133084647620346 -0.0127092360699571 -0.0123187718259038 -0.0121189333502021 -0.011512216355421 -0.0101341939775292 -0.00955813029306019 -0.00844085346885709 -0.00680746974923186 -0.00507919426824634 -0.00500332204061359 -0.00573246939390849 -0.00614783636623901 -0.00754780876145989 -0.00784277700453495 -0.00723248113765906 -0.00706558450223433 -0.0073120395256764 -0.0103628401390912 -0.0127863554292241 -0.0101926000224974 -0.00932059177140635 -9999 -9999 -9999
-0.00358896677455608 -0.00480543014271327 -0.00638951514432009 -0.00399892220136371 -0.00386651387566775 -0.00410294335669774 -0.00452257138562792 -0.00513284646221342 -0.0055961621431125 -0.00602161256501742 -0.00652283198019387 -0.00798213250188751 -0.00884086787378789 -0.00894953011420867 -0.00912339333939136 -0.00892123942587461 -0.00863613834805447 -0.00715303092934394 -0.0087071743887841 -0.0094285726652786 -0.0117232280043823 -0.0119873447457474 -0.0127461473071575 -0.0143530686672648 -0.0147266170684008 -0.0148863984205768 -0.0148065769378311 -0.0141460462034634 -0.0128757104548551 -0.0127429691288291 -0.0128630204933753 -0.0125196198799415 -0.0109657159132021 -0.0105900583668006 -0.0101422400321588 -0.00975830795387709 -0.00942026091030055 -0.00837916978338931 -0.00833712197381399 -0.00833131192854432 -0.00904010534520274 -0.00846449044690109 -0.00744517123419831 -0.00704480432568295 -0.0071485212798377 -0.00932062648877358 -0.0110618824405173 -0.00917226116235452 -0.00910781872501449 -0.00903565998535028 -0.0109297364654819 -9999
-0.00323486800057495 -0.00390869265714332 -0.00532083920541128 -0.00331072902322847 -0.00347670834895719 -0.00424281215258029 -0.00466248126307856 -0.00498931166729015 -0.00556506446476303 -0.00702453031521079 -0.00741366422663282 -0.00790884170632002 -0.00838978322755282 -0.00875588820511371 -0.00826710993254369 -0.00763891473302217 -0.00719656602728144 -0.00861706680426542 -0.00891329028892593 -0.0098150387172222 -0.0113216844617859 -0.011834871518412 -0.0130382618442357 -0.0147330717627178 -0.0149888233213941 -0.0146635491998469 -0.0150191829407373 -0.014385057849794 -0.0138011349222358 -0.0136529181812574 -0.0135755047364731 -0.0133695401681661 -0.012999938704394 -0.0119565420949211 -0.0119563393215235 -0.0150449631490151 -0.0143272313208056 -0.0133442847310128 -0.0132711538680619 -0.0114424190639916 -0.0114875003886437 -0.00863447173702865 -0.00751766473939038 -0.00669110187681668 -0.00691358602680424 -0.00899650312609818 -0.0104446762284222 -0.0107339450521899 -0.00893608169229943 -0.00896258750351532 -0.0105009368581108 -0.00997752019669781
-0.00291692242177276 -0.00378265421210217 -0.00454912943898713 -0.00572521778174051 -0.00375075195517878 -0.00359031693960836 -0.0040168085911836 -0.00444403315816706 -0.00514588782342627 -0.00735654320329984 -0.00779071359463063 -0.00798639139083619 -0.00845281139052703 -0.00906019483421748 -0.00917660738736796 -0.00868438222907441 -0.00866237750180924 -0.0101073885225496 -0.0101750205580934 -0.0103346337633965 -0.0111669838494822 -0.012494519540383 -0.013691689403183 -0.0153944516096887 -0.0153782503801008 -0.0151134652986433 -0.0157266235346134 -0.0156427046816818 -0.0152133661861001 -0.0147864188760718 -0.0141508128970087 -0.0139669180290332 -0.0141024206528213 -0.0131184169672728 -0.0174322055638649 -0.0173824937289022 -0.014823027071041 -0.0133094365746699 -0.0129713574542574 -0.0141552884356828 -0.013848389563795 -0.0114866588360168 -0.00739562431673229 -0.00653921463355882 -0.00838951549768351 -0.00788723286986855 -0.00958125679368689 -0.00822759000636419 -0.0090875685443263 -0.00919835804193628 -0.00836366388689547 -0.0100796670235554
-0.00288373098844287 -0.00370249780079203 -0.00484587488481094 -0.0051199692630385 -0.00310082646025944 -0.00334340999192953 -0.00352990992215733 -0.00399406460792025 -0.00491596485355077 -0.00612134491796621 -0.00767854459785075 -0.00809022451492034 -0.00867986531341691 -0.00939035573729318 -0.00949447868008084 -0.00921379295032376 -0.0111835639002763 -0.0105550997261308 -0.0105726487757059 -0.0117406165506087 -0.0126317550693969 -0.013926601080971 -0.0147529173551737 -0.0168945495433369 -0.0164260308264501 -0.0159121528483917 -0.0158453707222957 -0.0159338304786843 -0.0158524667024746 -0.0159542679819937 -0.0156310702539818 -0.0190469465542181 -0.0187658035353433 -0.0190718080009584 -0.0196129731428545 -0.0140519900761347 -0.0156147798995818 -0.0136687316260288 -0.0128968130807464 -0.0143755797875739 -0.0151243405384457 -0.0140742790864497 -0.00677614470123273 -0.0075669583271416 -0.0080395900340561 -0.00803788063336508 -0.00640198311788535 -0.00717313177993039 -0.0078183806116447 -0.00956704852356854 -0.00933612826167372 -0.0095320873093786
-0.00404124078740884 -0.00399422889060161 -0.0050682256639151 -0.00482084421823716 -0.0026596051342139 -0.00263447244678951 -0.00310997416286617 -0.00395052356757291 -0.00460978844371713 -0.0053643317472621 -0.00736897746800695 -0.00840829142739444 -0.00885316867593342 -0.0094771315433599 -0.0103102089172963 -0.0122193072897488 -0.0116896591308285 -0.0103797355498221 -0.0108141208764212 -0.0123188613068783 -0.0141731920527421 -0.0155272591813801 -0.0164672862785649 -0.0166109885663759 -0.0166776779039102 -0.0169600816584388 -0.0174000639186176 -0.0171266769536289 -0.0172742520865963 -0.0170586291983757 -0.0215149959003829 -0.0208387706348278 -0.0198870277508391 -0.0192456390538265 -0.0160572983170413 -0.0156192914023134 -0.014048898022662 -0.0138927819854535 -0.0138800865229906 -0.0139493218330684 -0.0124617828125666 -0.00892325029980138 -0.0063476028068326 -0.00767845047860977 -0.00920916439757385 -0.00582937084770776 -0.00521618524792737 -0.00511456595038898 -0.00571192197283821 -0.00781763770462785 -0.00774492605253677 -0.00866907548879616
-0.00393489424168575 -0.00469931014173812 -0.00462408138076987 -0.00481122375923705 -0.00275768166589916 -0.00265559247256135 -0.00319283909990504 -0.00453148190846423 -0.00550921629316301 -0.00669981732004764 -0.00793623538996758 -0.00814722400940903 -0.00901401775565481 -0.012141629593308 -0.01218683868283 -0.0123804622937824 -0.0120265971143512 -0.0114195724138707 -0.0117432345974406 -0.0129509169953269 -0.0143670319392124 -0.0163716668843772 -0.0174595842817091 -0.0172490248773353 -0.0177040911887298 -0.0173249061066004 -0.0176160668532863 -0.0180867770779736 -0.0228840959713046 -0.0225339726666558 -0.0228778887453669 -0.0223231117278251 -0.0207360738787474 -0.0210275409680175 -0.0168916515855096 -0.0163135618205512 -0.013825511999501 -0.0133226550982259 -0.0123989359382147 -0.0114521965395123 -0.00894176498066189 -0.00993930433815365 -0.00764921122991229 -0.00815558787820968 -0.00861609524170868 -0.00720585198129141 -0.0051161532486763 -0.00500466821776908 -0.00561272107600925 -0.00691759134161399 -0.00716172002476947 -0.00803861433044391
-0.00448753933579798 -0.00522663193784162 -0.00550159195288849 -0.0055382714411074 -0.00573922354329104 -0.00291370157423951 -0.00362751273033229 -0.00502794457282205 -0.00637794966281132 -0.00745759053403119 -0.00768045751230726 -0.0116393904412447 -0.0117973313983353 -0.0121143641666818 -0.0120887091303372 -0.0123605493649132 -0.012438010338352 -0.0122479556965478 -0.0122261507978906 -0.0136271805919231 -0.0145101630685762 -0.0160700344089551 -0.016797764229336 -0.0169619226739661 -0.0176343391093124 -0.0183107959811754 -0.023584757077576 -0.0239871829199245 -0.0232276233801685 -0.0236808730763584 -0.0232029645378307 -0.0228089036752984 -0.0226439833428808 -0.0233339757608117 -0.0229069944340328 -0.0191112737272558 -0.0166947864995206 -0.0140994363231694 -0.0129785139676753 -0.0115691301274608 -0.00793779802418714 -0.0113124024510849 -0.00795238191759205 -0.00935916042970117 -0.00784814189415646 -0.00673622628739921 -0.00566556828745645 -0.00511653585620805 -0.00599683550810875 -0.00638057994341163 -0.00760068457785356 -0.00797068202304684
-0.00505445832378297 -0.00522349154511515 -0.00573483426740764 -0.00579192395373388 -0.00611191730894769 -0.00659352690352289 -0.00704683007052881 -0.00825320896544857 -0.00679008923348504 -0.0101213219700591 -0.0107348990407047 -0.0111584769354035 -0.0119448092903546 -0.0119063053159043 -0.0122750489093888 -0.0127312084379303 -0.012980220630654 -0.0130362822362243 -0.0130520531648407 -0.0134326820880947 -0.0137046630044406 -0.0146246086576287 -0.0158412043677267 -0.0171716131887507 -0.0180265274003185 -0.0191247113100268 -0.0244440135651644 -0.0245083314229793 -0.0241939544424524 -0.0243806205255954 -0.0243122397264503 -0.0237367594166391 -0.0241221427941931 -0.0248488002241253 -0.0235318285556199 -0.0219509886458342 -0.0181982812547984 -0.0165338529349218 -0.0129954896874755 -0.0111266855317793 -0.00927787587614978 -0.00881657242686226 -0.0119138657081166 -0.0092811717186417 -0.00767400114466775 -0.00744649674717653 -0.0059182095842332 -0.00500191848012128 -0.00595955060991885 -0.00643941465738827 -0.00763950251244727 -0.00771582999663196
-0.00519514881224398 -0.00602717644271716 -0.0064913330166583 -0.00630657662922606 -0.00661204343930184 -0.00749259142609675 -0.00802777893027705 -0.00842744266115527 -0.00916744852733491 -0.0101347728084566 -0.0106096187192188 -0.0115123832412166 -0.0115395598971396 -0.011895360220823 -0.0124291269179717 -0.0134657892831807 -0.0139187362326759 -0.0141576603139705 -0.0144289529541803 -0.0143733654375662 -0.0141549773248938 -0.01464017412608 -0.0161680010426009 -0.0181152366481672 -0.0191986366052138 -0.0204515954441515 -0.0253368099331716 -0.0246051847629671 -0.0249029975585517 -0.0249842563435699 -0.0255982997912012 -0.0252719064955969 -0.02539678369644 -0.025198829352716 -0.0232164661915144 -0.0223881076756909 -0.0188561523151898 -0.0202305764460591 -0.0168951077953151 -0.0111533698022846 -0.00937174700055071 -0.00840930175948905 -0.0109373420374729 -0.00887438258669256 -0.0083535947889667 -0.00725261462541511 -0.00521333106983495 -0.00468287278964639 -0.00556047104920149 -0.00683708482878191 -0.00698854664061861 -0.00709263772880984
-0.00566234756939273 -0.00627948651250712 -0.00684043227170875 -0.00686697533094211 -0.00711947557881432 -0.00798938356157721 -0.00837707871650689 -0.00875101467215122 -0.00930500241424653 -0.010317660255818 -0.0114174557198039 -0.0113528460488748 -0.0119806831402601 -0.0121835550512369 -0.0131413389002836 -0.0141457875334916 -0.0149051337536819 -0.0155554307932229 -0.0160276161266701 -0.0160460849367162 -0.0157869350668297 -0.0155326426319684 -0.0171202716637328 -0.0186597591716417 -0.0195879851610972 -0.0207326303005671 -0.0260631336358039 -0.0254840223839738 -0.025272782958268 -0.0252379878950619 -0.0264372419252213 -0.0257645510394751 -0.0255411920130253 -0.0250143967746982 -0.0229669548574261 -0.0216634208717922 -0.0185389811099246 -0.0195055961504683 -0.0156383407453701 -0.01128133198327 -0.00896920697541054 -0.0120837663838284 -0.0104230589078743 -0.00998608443548706 -0.00777921938718553 -0.00660693557629495 -0.00503473352749856 -0.00465484571535184 -0.00592401384146539 -0.00672148875377645 -0.0060714706182348 -0.00577702927487751
-0.00542768078275469 -0.0063596678301577 -0.00685015039080587 -0.00695720058903579 -0.00758077456827214 -0.00807247926708607 -0.00861912907517916 -0.00918051036076802 -0.00946766255210723 -0.0101086326566452 -0.0110741392119786 -0.011885849427001 -0.0120260103399799 -0.0129989095987831 -0.0140066165254902 -0.0152330983230798 -0.0159172961067823 -0.0170226379638495 -0.017282689229888 -0.0171254050662623 -0.0166699391595434 -0.0168652203391422 -0.0180037902453491 -0.0188908597444015 -0.0253184564350867 -0.0265995537731396 -0.0265827947039193 -0.0266481722472165 -0.0259588693912038 -0.0255715206073543 -0.0262544914819194 -0.0258397152212418 -0.0250913598119848 -0.0245409616792574 -0.0232154946182997 -0.0219492432265837 -0.0202217191905356 -0.0184166759324071 -0.0129553498645276 -0.0109000917612079 -0.00919254884066006 -0.0140446393225199 -0.0108508818050215 -0.00813644702483832 -0.00781290177216063 -0.0068225632383086 -0.0056348180602796 -0.00550104278353204 -0.00535451056352361 -0.00503029960092512 -0.00538747343843622 -0.00568470551365
-0.00635568954548852 -0.00666207527138185 -0.00751174003079053 -0.00715615135837735 -0.0079276055328604 -0.0085052124989982 -0.00878594160963713 -0.00909301933054764 -0.00940926442505946 -0.00989122851867642 -0.0146190674500643 -0.0158573368036869 -0.0163675255486913 -0.0178087468878818 -0.0145904721084829 -0.0158819484896785 -0.016831870875538 -0.018171048937071 -0.0179912866439754 -0.0177193857580574 -0.0173695471067095 -0.0177540259351367 -0.0186231391359044 -0.0241044033083339 -0.0244990713598953 -0.025904698225377 -0.0264484164368545 -0.0268444835469201 -0.0272147687051651 -0.0196613243651579 -0.0190902187879404 -0.0245826615561943 -0.0243856377774341 -0.0237481428819688 -0.02091193400668 -0.019638360539455 -0.0197404978471192 -0.0178919320660887 -0.0127289435664285 -0.0107901942031229 -0.0100768365781177 -0.0135617475303285 -0.0122996382883192 -0.00928536132193823 -0.00728137742754347 -0.00549972093655982 -0.00512573497175357 -0.00509657511196511 -0.00520934381184986 -0.00456283754878611 -0.00422113229050848 -0.00530353830037928
-0.00669000998601798 -0.00675498367519079 -0.00754205504504909 -0.00765668018685294 -0.00836870090673435 -0.00938267925323652 -0.00920925422404588 -0.00946730646477163 -0.0140673725873579 -0.0138030903894762 -0.0142381740531178 -0.0149486680660649 -0.0156578263751111 -0.0171748890102002 -0.019127022059966 -0.0209070444303851 -0.0221779099659156 -0.0237922357110943 -0.0175384880607117 -0.0174226786536703 -0.0175161929903719 -0.0231472522301918 -0.023630961957122 -0.0236771149147457 -0.0237592157806896 -0.0244825344672821 -0.0250192209354692 -0.0261756767423492 -0.0274397877878042 -0.0200340468832519 -0.0188880944726909 -0.0243054205479282 -0.0244761407556471 -0.0236333570313878 -0.0204744053455142 -0.0194223762782595 -0.0196258451545816 -0.0179664109925572 -0.012863061900558 -0.0113070293754582 -0.012339753561944 -0.0131276159013724 -0.0120946819990164 -0.0107406550370242 -0.00762698660111187 -0.00502919781187924 -0.00469055430940647 -0.00472008246026764 -0.00553297540891297 -0.00504218687812133 -0.00499946788013334 -0.00526554257849144
-0.00722514987348805 -0.00732807562302822 -0.00748771828202347 -0.00783516423525135 -0.0089156745345999 -0.00992607998655924 -0.0101647180166092 -0.014183825950202 -0.0138858833431555 -0.0137062489304674 -0.0138996861913033 -0.0142540239125947 -0.0148304530395572 -0.0164538199338342 -0.0177550649315684 -0.0194217121529832 -0.020624064548787 -0.0212553518015735 -0.0221020183864784 -0.0225325285905745 -0.0225990972149207 -0.0219244894757781 -0.0223637349039898 -0.0227450586991629 -0.022926350531304 -0.022703317785403 -0.023472805051829 -0.0251850986829628 -0.0264845023649213 -0.0259527598233572 -0.0252461185191335 -0.0243235803153147 -0.0244403348868003 -0.0234111244973727 -0.0217221409455004 -0.0190351850025991 -0.0196940998264308 -0.0180239978580663 -0.0149976394516065 -0.0136178848402613 -0.0129807845220214 -0.013435050041054 -0.012210325596688 -0.0104402009761664 -0.00768561594422799 -0.00555828113845761 -0.00472290177242554 -0.00487345064511121 -0.00575938457285709 -0.00574131592195298 -0.00597953634298992 -0.00621506950070622
-0.00765296836618555 -0.00811089376356679 -0.0085992855831658 -0.00851388579746891 -0.0096168729421937 -0.0152688553749213 -0.014950393625697 -0.0148899546697314 -0.0140952148287436 -0.0137553756455397 -0.0136306624979011 -0.0136161400629992 -0.0138573884416749 -0.0157202044473446 -0.0170643572272017 -0.0183324516482305 -0.01942251466593 -0.0197319362039024 -0.0207377875791863 -0.0215693491822091 -0.0216551371692461 -0.0208608596434867 -0.0208095848171758 -0.0211328774079229 -0.0213508004541878 -0.0211610742266495 -0.0222714083326436 -0.0236112499916221 -0.0245212250376492 -0.0249503075692192 -0.0245414215669363 -0.0240871359420972 -0.0242073121955769 -0.0227692452893111 -0.0213211760143727 -0.0183801354539628 -0.0188943440321791 -0.0173528334712639 -0.0145046333446836 -0.0131933026095523 -0.01253062697412 -0.0126840730608462 -0.0124761802519225 -0.00875741901930533 -0.00695450820854823 -0.00573615868012715 -0.00585980441450719 -0.00616907337946424 -0.00700578118537332 -0.00684017629341117 -0.00699829564799204 -0.00679163326458914
-0.00897724195447562 -0.00903136476873781 -0.0096000251618749 -0.00983329992189445 -0.0103919122951322 -0.0147810373678655 -0.0150712091888151 -0.0147942890004174 -0.0146402026465022 -0.0141651576986429 -0.0140544934456478 -0.0133764532376773 -0.0136814661038404 -0.0152596796700155 -0.0160895590533689 -0.0168770731524331 -0.0179326539893309 -0.0186128571525291 -0.0191895399303534 -0.020212247661871 -0.0202302212946275 -0.0198911144325918 -0.0196941587194669 -0.0199230501352189 -0.0204410232394814 -0.0207618864216747 -0.0216114983594276 -0.0225551592601833 -0.0227997523869541 -0.0230210427055799 -0.0232300246484882 -0.0237122583486537 -0.0229509681835497 -0.0221397573766755 -0.0208065870356214 -0.0193858793723644 -0.0182045918248778 -0.0166141132184267 -0.0137911081257978 -0.0127952902367402 -0.0120075589429791 -0.0119103430652843 -0.0107303133722017 -0.0076183237465529 -0.00644165054847444 -0.00592139968876383 -0.00606799828557019 -0.00662301772199823 -0.0074186806401849 -0.0076574624350383 -0.00775349129400151 -0.00712958394228292
