data/pcas/pca_proj_current/PC19.asc
NCOLS 494 
NROWS 529 
XLLCORNER -117.166666666667 
YLLCORNER -55.5 
CELLSIZE 0.166666666666667 
NODATA_value -9999 
[rows 0 to 22 of 529, columns 0 to 50 of 494]
0.000000000000066 -1.10049811098972e-08 6.50998819235391e-14 6.51137989665875e-14 -8.25372053517387e-09 5.50258800215518e-09 -2.75119721373469e-09 -1.65075066640012e-08 5.50258619509163e-09 -5.50246090175234e-09 -5.50246112514944e-09 6.30347754992835e-14 -1.10049847258889e-08 -5.5024609555588e-09 -1.65075076090291e-08 6.28099853112962e-14 5.50258591090831e-09 -1.65075073885697e-08 -2.20100309373269e-08 2.20101565467756e-08 1.10051092391088e-08 -5.50246119657893e-09 -1.10049843018543e-08 5.50258612024959e-09 5.50258567714475e-09 -5.50246052908441e-09 1.65076330018033e-08 -1.10049838418972e-08 1.10051096903966e-08 6.30360294684835e-14 2.20101567810412e-08 -1.92587694986459e-08 -1.37562461742236e-08 1.10051103503526e-08 2.20101565557522e-08 -1.65075076117478e-08 6.32664394650056e-14 1.65076339159496e-08 -1.6507506469052e-08 -1.10049838249158e-08 1.92588955926829e-08 6.46339689531567e-14 -2.75119792835567e-09 2.75132651957489e-09 2.75132629316131e-09 1.2380741316055e-08 -1.37562448137311e-08 5.50258683346019e-09 5.50258705784424e-09 -5.50245959227227e-09 5.50258773020016e-09
5.50258931519212e-09 5.50258886977382e-09 -1.10049817745518e-08 5.50258843190703e-09 2.75132677793435e-09 4.12695684314619e-09 -4.90062026704826e-09 6.87821895793832e-09 -1.65075073373561e-08 6.30822756739298e-14 1.65076335186526e-08 1.65076332932456e-08 -5.50246072727899e-09 6.34834379141536e-14 1.65076332313032e-08 -2.2010031161574e-08 -5.502460738319e-09 5.50258636253542e-09 6.28161587486986e-14 -5.50246050983367e-09 -2.20100304903569e-08 6.2589281727818e-14 -1.65075071791122e-08 -1.6507507623588e-08 2.20101565469717e-08 5.50258657243397e-09 1.6507632782505e-08 -1.65075073852492e-08 -1.37562454980932e-08 -1.6507507606603e-08 -5.5024602906481e-09 1.92588948959563e-08 -1.92587688308096e-08 -1.92587688288849e-08 1.10051099073069e-08 6.30337679060306e-14 1.92588955664016e-08 -1.65075064803115e-08 -3.43901237995098e-09 -4.12682910109385e-09 -5.50245960507556e-09 -1.82270449742811e-08 6.39640327315553e-14 5.50258750520546e-09 -1.6507506020882e-08 2.7513260542726e-09 6.39439045099355e-14 -8.25372148541699e-09 -1.10049831375041e-08 5.5025877260326e-09 1.65076346008727e-08
-1.10049811046971e-08 1.10051121988022e-08 6.53263435508161e-14 6.51083854070643e-14 6.48905082665686e-14 -2.75119719704577e-09 1.37569564891778e-09 -6.87750440297035e-10 5.50258752505756e-09 -5.50245957703344e-09 5.50258663574355e-09 6.37629211268383e-14 2.20101574588322e-08 6.28179664616002e-14 5.50258702392219e-09 -2.2010031383309e-08 -1.10049840641131e-08 -5.50246051102265e-09 6.3259998756787e-14 5.50258636563158e-09 6.30270090665708e-14 -5.50246073400393e-09 5.50258613785129e-09 1.65076325547762e-08 -1.65075080647813e-08 -1.10049840687995e-08 5.50258702089442e-09 -1.92587690498532e-08 8.25384824781417e-09 -5.50246050826542e-09 2.75132470119382e-09 2.75132492044253e-09 -5.50246073426622e-09 -1.37562455008795e-08 5.50258680710178e-09 1.92588951209537e-08 -1.92587688239756e-08 8.25384802474784e-09 -2.75119861799434e-09 8.94166408893289e-09 -1.92587685786961e-08 1.47880954170759e-08 -1.92587681261412e-08 -1.37562445830868e-08 5.50258772440345e-09 1.7883265105126e-08 -1.78831374153815e-08 -1.65075064747265e-08 2.20101576996247e-08 5.50258750290688e-09 -1.92587679060687e-08
-9999 -5.50245755383051e-09 5.50258887174316e-09 6.4886371512244e-14 5.50258866127737e-09 -8.25372075339206e-09 -7.5659047046749e-09 -4.12682745100074e-09 1.1005111092603e-08 -5.50245912350895e-09 6.3533718112378e-14 -5.50246000556124e-09 -1.65075071545074e-08 6.32616585994234e-14 -1.65075073884579e-08 5.50258657930827e-09 1.10051094608035e-08 6.30342888767588e-14 -1.6507507164143e-08 -2.20100309335223e-08 1.65076336803088e-08 5.50258680426985e-09 5.50258591441233e-09 5.50258634925506e-09 -1.65075071754199e-08 -5.50246096278749e-09 6.32573043071608e-14 -1.92587692690385e-08 1.10051099103267e-08 -8.25372239386577e-09 -2.75119862208545e-09 5.5025863701056e-09 6.37134895404352e-14 5.50258659242466e-09 -1.65075067123209e-08 -1.6507507378983e-08 1.65076332410019e-08 6.32611354970706e-14 1.10051099184742e-08 -2.06343995210888e-08 -2.0290492394233e-08 9.15660591783097e-09 -5.50245981281848e-09 6.87821822141474e-09 1.92588958161703e-08 -5.50246025742913e-09 1.37563722792662e-08 1.92588956024962e-08 -5.50245915301566e-09 6.41771626039153e-14 2.75132606434023e-09
-9999 -1.100498154705e-08 5.50258887531917e-09 5.50258909504446e-09 6.51159892817159e-14 5.50258821833072e-09 -8.25372051976271e-09 2.83730404144075e-09 5.50258778776145e-09 1.10051113050186e-08 -5.50245934808376e-09 -1.10049837888035e-08 5.50258614735818e-09 6.30415364240731e-14 1.10051103571234e-08 -5.50246051316464e-09 -1.10049836192604e-08 1.10051099059168e-08 1.10051094635344e-08 5.50258658371572e-09 1.65076330123043e-08 -1.10049842841471e-08 -1.65075078334909e-08 6.2364849778918e-14 2.20101567748758e-08 -1.10049836218432e-08 6.28106857097345e-14 1.65076330131069e-08 -1.37562455005319e-08 -8.25372173003078e-09 2.75132470173844e-09 2.20101567892922e-08 8.25384848060146e-09 5.50258705528984e-09 9.62947898149948e-09 -6.87809120875672e-09 1.10051099264929e-08 8.25384781239728e-09 -1.37562454804014e-08 1.7195448397798e-08 -1.06610762377988e-08 1.71954486201005e-08 -2.02904917250554e-08 1.92588962665876e-08 1.37563720453113e-08 -1.23806147481746e-08 -1.10049831248853e-08 2.75132587391735e-09 -2.201002979031e-08 -1.92587679041893e-08 2.20101574821739e-08
-9999 -9999 -5.50245754891682e-09 -1.1004981548226e-08 5.50258821798221e-09 -5.50245842914091e-09 6.46878507122288e-14 -2.75119674337899e-09 -2.75119674504796e-09 1.10051108771199e-08 5.50258753806696e-09 -5.5024595732323e-09 -1.10049840062543e-08 -1.1004984277715e-08 -1.10049836121241e-08 -1.10049829464145e-08 -1.10049842810611e-08 -2.20100309360462e-08 6.32561909518857e-14 6.28138606354001e-14 5.50258658257187e-09 -5.50246051301157e-09 -1.10049842846423e-08 5.50258591397637e-09 6.28159125167058e-14 1.10051101289777e-08 -8.25372217360886e-09 1.92588942306018e-08 -1.10049842827692e-08 -5.50246073394844e-09 2.75132470178713e-09 1.92588953485722e-08 -1.37562452689388e-08 -8.25372214683849e-09 -1.37562457049157e-08 1.23807406498668e-08 -1.10049840441471e-08 -8.25372236922681e-09 7.90994071705766e-09 8.42580161934076e-09 -4.47073710346337e-09 1.68945299956759e-08 3.78304854239009e-09 -1.96886531447268e-08 -6.87809053763678e-09 2.06345265403013e-08 -8.25372168371829e-09 8.25384874755036e-09 -5.50245981159777e-09 -5.50245913776322e-09 -2.75119792427758e-09
-9999 -9999 -5.50245754550803e-09 -5.50245798972516e-09 6.53333468397057e-14 -2.7511967662048e-09 1.10051120103159e-08 -4.12682791590681e-09 -5.50245863777309e-09 -5.50245886190556e-09 5.50258732542227e-09 -5.50245978246064e-09 6.33106581838711e-14 1.10051101349617e-08 -1.10049836120809e-08 -1.10049833825221e-08 5.50258680866101e-09 -1.1004983615719e-08 1.6507633235748e-08 5.50258680950509e-09 -1.65075073844407e-08 1.65076334573632e-08 1.65076330096274e-08 -5.50246073558962e-09 1.65076327936928e-08 -5.50246095190961e-09 1.10051099092989e-08 6.28151672259312e-14 -2.20100313765629e-08 1.65076330161483e-08 8.25384825595897e-09 -1.92587688155604e-08 -6.87809099913813e-09 1.37563720404754e-08 -1.10049842575528e-08 -2.75119860250473e-09 -2.06344008555511e-08 2.063452475978e-08 -8.2537225851312e-09 -8.94153794002542e-09 -8.42567592453204e-09 -2.1666123341071e-08 9.97338700476867e-09 -1.79691148578396e-08 1.23807408772723e-08 -1.78831382982348e-08 -1.65075075688637e-08 8.25384828044576e-09 1.65076337183624e-08 5.50258729189004e-09 8.25384851684308e-09
-9999 -9999 -9999 -5.50245800034198e-09 -5.50245821320904e-09 -1.1004981763203e-08 6.44475453631044e-14 -8.25372096880216e-09 -1.1004982188407e-08 -5.50245886122637e-09 6.4449842219901e-14 -5.50245955309536e-09 1.10051101387825e-08 6.2817612835045e-14 -9999 -9999 -9999 -9999 6.28165675087292e-14 -9999 -9999 -1.10049836141202e-08 -2.2010030712593e-08 2.20101567829462e-08 1.65076330150946e-08 2.20101563420236e-08 -1.10049842874341e-08 -1.92587694915759e-08 6.32644056456497e-14 2.75132492701964e-09 -5.50246028126675e-09 -8.25372194159267e-09 2.06345260752577e-08 -2.75119838747949e-09 -5.50246093258326e-09 -1.3756245694916e-08 1.37569289868335e-09 -7.22199922041682e-09 1.37569312789232e-09 -1.58196919866862e-08 -8.94153771092399e-09 1.57983231054492e-08 6.36235508832597e-09 -1.083303024069e-08 9.62947943697757e-09 -4.12682954350206e-09 6.8782173346137e-09 -8.25372214876453e-09 1.78832644364776e-08 -1.92587678967154e-08 -2.20100304471592e-08
-9999 -9999 -9999 -9999 -5.50245799499605e-09 6.55555004589412e-14 5.50258865660824e-09 6.44485762457604e-14 2.75132612810744e-09 -2.75119741712164e-09 2.75132521901936e-09 -1.65075073728984e-08 -5.50246050510831e-09 5.50258636576131e-09 -9999 -9999 -9999 -9999 -9999 -9999 -9999 6.32627228732455e-14 5.50258681066635e-09 2.20101563438407e-08 -5.50246117645321e-09 -5.50246117643869e-09 -1.65075076165058e-08 1.65076330118663e-08 -2.20100311530323e-08 -1.1004983833161e-08 -1.10049840549407e-08 -1.10049844906907e-08 -5.50246050154078e-09 1.65076332489277e-08 -1.37562459270284e-08 -8.25372304254425e-09 -8.25372281000603e-09 -2.06338412420722e-09 -9.97326176523256e-09 1.37563707204658e-08 -6.87809186303477e-09 -2.0720377409907e-08 -1.79691157451821e-08 -4.47073821680252e-09 1.54759094470822e-08 -1.85709541066958e-08 -9.45739952615903e-09 6.87878195915917e-10 1.44441874090276e-08 -1.23806142941138e-08 -1.65075066683565e-08
-9999 -9999 -9999 -9999 -9999 1.10051122085096e-08 1.10051119835467e-08 1.1005112206904e-08 -2.75119698031346e-09 -6.89958370136042e-09 -4.12682791167898e-09 6.28264382626195e-14 -1.10049831621747e-08 1.10051096954359e-08 6.39317535729293e-14 -9999 -9999 -9999 -9999 -9999 -9999 -9999 -9999 -9999 -2.20100304852081e-08 6.30360192723677e-14 6.23596487752712e-14 -1.10049840654442e-08 -5.50246073514587e-09 -1.10049842822217e-08 -2.20100309323383e-08 5.50258592036213e-09 -2.20100313691504e-08 1.92588944713302e-08 -1.925876948087e-08 -2.20100315817257e-08 2.06345252069503e-08 1.23807391065622e-08 -9.62935419014056e-09 1.16929241915393e-08 6.66327394504413e-09 7.56603136405816e-09 4.47086213305836e-09 6.21848884646864e-14 1.94308487124653e-08 -1.1348891826976e-08 -1.37562457019638e-08 1.16929250651172e-08 -2.06338345004698e-09 1.92588956181858e-08 -9.62935218677746e-09
-9999 -9999 -9999 -9999 1.10051130967205e-08 5.50258888303522e-09 1.10051126493208e-08 -5.50245866082015e-09 6.46802480725435e-14 6.87821897259952e-09 -6.878089547111e-09 2.75132539369925e-09 5.50258659451968e-09 1.10051103677069e-08 -5.50246006145683e-09 -9999 -9999 -9999 -9999 -9999 -9999 -9999 -9999 -9999 6.3039848519689e-14 -5.50246073380254e-09 -1.65075076184714e-08 1.10051094565312e-08 1.65076334514328e-08 -1.10049845034429e-08 -1.10049842791281e-08 -8.25372283969564e-09 -2.75119951226337e-09 1.10051090262249e-08 -1.37562461604102e-08 2.75132382227869e-09 -2.75119971808e-09 -9.62935442638443e-09 -4.12683020310211e-09 -8.25372392265511e-09 -1.69373932536733e-08 2.49339261341111e-09 -5.33050758208648e-09 5.50258618720132e-09 -4.29878443490151e-09 -1.51318773085412e-08 -6.87809209530031e-09 -1.65075084816901e-08 -1.85709543164065e-08 -1.78831376194604e-08 6.28473736073421e-14
-9999 -9999 -9999 -9999 -9999 -9999 -5.50245821442305e-09 -1.10049813182452e-08 1.10051115504031e-08 -2.75119764546921e-09 -2.40728939130777e-09 2.75132635200975e-09 -1.10049831618543e-08 1.10051103678328e-08 6.30421704580065e-14 -9999 -9999 -9999 -9999 -9999 -9999 -9999 -9999 -9999 1.100511035823e-08 -1.65075073846222e-08 1.65076332261659e-08 6.23614173155805e-14 6.25836752266051e-14 6.23621584112832e-14 -1.65075078356954e-08 1.65076330094031e-08 -5.50246117992698e-09 -2.75119995681689e-09 2.75132381548346e-09 2.20101561272377e-08 -1.92587701469888e-08 6.19404810560429e-14 -8.25372370525414e-09 -5.50246225193998e-09 1.78832624357416e-08 -5.50246203607039e-09 1.78832624420308e-08 6.10778791598972e-14 1.37563707166964e-08 6.53430842763956e-09 -1.37562472566429e-08 -2.75119903887705e-09 1.37563707058317e-08 -9.97326130091489e-09 6.87821691032901e-09
-9999 -9999 -9999 -9999 -9999 -9999 -1.10049808718153e-08 -5.50245777078675e-09 -5.50245821406266e-09 6.44547183296038e-14 6.44614194945079e-14 -5.50245863782985e-09 1.10051105965851e-08 6.37253853240773e-14 6.37129406971533e-14 6.30747555443844e-14 -9999 -9999 -9999 -9999 -9999 -9999 -9999 -9999 -5.50246050360063e-09 2.20101570097561e-08 1.65076325601155e-08 1.10051094592857e-08 -1.65075073928545e-08 8.25384779574509e-09 6.25861822763952e-14 5.50258613689853e-09 6.21448366909645e-14 -8.25372306484002e-09 -2.75119995684726e-09 -8.25372327977272e-09 1.6507631910743e-08 1.37563698194018e-08 -1.78831398576321e-08 -9.62935529973102e-09 1.71954472978909e-08 -1.37556942436415e-09 8.25384606276958e-09 1.37563702736203e-08 3.43968875320299e-10 1.99467089576807e-08 -1.92587701324152e-08 -1.23806158448453e-08 1.51320018987767e-08 -1.51318770713216e-08 1.51320021256132e-08
-9999 -9999 -9999 -9999 -9999 -9999 6.6892871533345e-14 5.50258954751221e-09 5.50258843575619e-09 5.50258778019978e-09 -1.10049819757229e-08 -8.2537207533503e-09 -8.25372119643137e-09 1.10051108222646e-08 1.1005109969042e-08 -5.50246045747736e-09 -9999 -9999 -9999 -9999 -9999 -9999 -9999 -9999 -9999 -1.10049838300919e-08 2.20101567770529e-08 5.50258657578917e-09 1.10051101295676e-08 2.20101567795763e-08 1.10051092400682e-08 -1.65075076072274e-08 -8.2537221763138e-09 1.37563709072609e-08 1.37563706866278e-08 1.10051090257581e-08 -1.10049853740012e-08 1.37563698224338e-08 -1.10049862506353e-08 -4.12683175739161e-09 -1.30684318718969e-08 2.06345240991023e-08 5.50258372570643e-09 2.75132228788808e-09 1.37563693890566e-08 -9.62935485196133e-09 -1.65075082507473e-08 -8.25372391579236e-09 4.05172454115217e-09 1.65076323812483e-08 -2.45028017681961e-09
-9999 -9999 -9999 -9999 -9999 -9999 -9999 -9999 -5.50245843561819e-09 -5.50245866016198e-09 1.10051115442023e-08 -5.5024595427869e-09 -1.10049828665363e-08 6.4005751828214e-14 1.10051106416044e-08 -1.10049835598038e-08 -9999 -9999 -9999 -9999 -9999 -9999 -9999 -9999 -9999 -5.50245961090736e-09 1.10051096871206e-08 -1.65075073846526e-08 5.50258680874241e-09 2.20101565634634e-08 -5.50246028822919e-09 2.20101567879171e-08 -1.10049844941074e-08 -5.50246072258333e-09 -2.75119906004551e-09 -5.50246094739881e-09 -8.25372371961903e-09 1.37563702650256e-08 2.75132272826651e-09 1.10051077210932e-08 -1.23806171838191e-08 1.65076305979028e-08 -5.50246269226383e-09 8.25384583790072e-09 8.2538460528832e-09 -2.20100326677093e-08 -5.50246204120576e-09 2.75132295095884e-09 -6.87809296285488e-09 1.65076319406929e-08 7.90993962285919e-09
-9999 -9999 -9999 -9999 -9999 -9999 -9999 -9999 5.50258865823502e-09 6.51063282021341e-14 1.10051115351704e-08 6.44481441676412e-14 5.50258755197103e-09 5.50258688550078e-09 -5.50246021922228e-09 6.37604955238839e-14 -9999 -9999 -9999 -9999 -9999 -9999 -9999 -9999 -9999 -9999 6.30385025380279e-14 1.1005109913413e-08 -1.10049838318412e-08 1.10051099156927e-08 8.25384803355857e-09 -5.50246028006725e-09 -1.37562452638167e-08 5.50258660304031e-09 -8.25372260094859e-09 1.10051090340261e-08 -2.75120017047776e-09 1.10051079332252e-08 1.37563691565886e-08 5.50258439851925e-09 6.0407822043148e-14 -5.50246315658257e-09 1.3756369163291e-08 -5.50246337312076e-09 -1.37562483667863e-08 -8.25372479887222e-09 1.10051074903765e-08 1.10051079323313e-08 1.37563696173825e-08 6.17608668348449e-14 -5.5024613404862e-09
-9999 -9999 -9999 -9999 -9999 -9999 -9999 -9999 6.53294104180265e-14 5.50258843011606e-09 -5.5024588908244e-09 5.50258776447628e-09 5.50258732002559e-09 6.37818840865311e-14 -5.50245932101734e-09 -5.50245955282316e-09 -5.50245957684513e-09 -9999 -9999 -9999 -9999 -9999 -9999 -9999 -9999 -9999 -5.50246005543475e-09 -5.50245984649305e-09 -5.5024605084848e-09 5.50258636974877e-09 6.3045980710997e-14 2.20101565756523e-08 -1.10049838209569e-08 1.65076336986682e-08 2.20101561335454e-08 5.50258548771871e-09 -1.6507508484114e-08 1.65076319121379e-08 -2.75120059834684e-09 5.50258371997939e-09 1.10051072788932e-08 8.25384515548709e-09 2.75132162384467e-09 1.65076301560157e-08 2.20101536913934e-08 1.37563687174933e-08 -1.37562488061062e-08 5.50258438552516e-09 -1.9258771010585e-08 -7.22200074490371e-09 -1.10049844371737e-08
-9999 -9999 -9999 -9999 -9999 -9999 -9999 -9999 1.10051126442374e-08 -1.10049811049193e-08 5.50258820458851e-09 5.50258798123186e-09 6.44342792465807e-14 -5.50245977031116e-09 -5.50245954667783e-09 6.37794567243255e-14 1.10051108561279e-08 5.50258753474388e-09 5.50258752086425e-09 -9999 -9999 -9999 -9999 -9999 -9999 -9999 -9999 6.34825865088887e-14 -1.1004983393013e-08 1.65076334606098e-08 -5.50246050700031e-09 -1.65075071508486e-08 -8.25372238079877e-09 1.37563715861992e-08 -5.50246094040222e-09 1.65076330274414e-08 1.37563709156734e-08 1.10051088036469e-08 5.50258503755925e-09 1.65076312557067e-08 -1.92587716851573e-08 -2.75120148858529e-09 1.92588918119925e-08 -5.50246381023893e-09 1.37563689318883e-08 -8.25372482566535e-09 5.50258350192044e-09 1.9258892473372e-08 -8.25372458842544e-09 -9.62935485482386e-09 -4.12683127612024e-09
-9999 -9999 -9999 -9999 -9999 -9999 -9999 -9999 -9999 -1.1004981330704e-08 1.10051119748675e-08 -1.10049819994533e-08 1.10051115246909e-08 -5.50245956101889e-09 1.10051106490685e-08 -5.50245932183538e-09 6.44416304398056e-14 5.50258708970949e-09 5.50258730775934e-09 -1.10049833368015e-08 -9999 1.10051108588199e-08 1.10051101912479e-08 -9999 -9999 -9999 -9999 6.34845063081049e-14 5.50258680940444e-09 -1.65075069399983e-08 2.20101574522797e-08 1.10051103559469e-08 -1.10049840555246e-08 1.65076332416538e-08 5.50258592439482e-09 5.50258547999157e-09 -2.75119906653996e-09 -1.65075080531633e-08 -1.65075089298361e-08 -5.50246227556572e-09 8.25384626086338e-09 -8.25372503580607e-09 1.37563687055361e-08 2.75132161713494e-09 -1.92587728014915e-08 -1.9258772147509e-08 -1.65075106960447e-08 -1.92587721360611e-08 -1.65075098036429e-08 1.65076308238698e-08 1.51320007825181e-08
-9999 -9999 -9999 -9999 -9999 -9999 -9999 -9999 -9999 -9999 -9999 6.50990738545593e-14 6.48728487218423e-14 6.42062810776268e-14 1.10051117472283e-08 1.10051106507342e-08 -5.50245954742274e-09 6.37707178513059e-14 6.37764818107616e-14 5.50258686888968e-09 -1.10049831096425e-08 1.10051106403202e-08 -5.5024602271469e-09 -9999 -9999 -9999 -9999 -9999 -5.50246028459743e-09 -1.10049833890094e-08 2.20101576771808e-08 -5.50246050961515e-09 6.30350467477491e-14 -1.65075078311069e-08 1.10051092436083e-08 1.1005109689865e-08 1.65076325746104e-08 5.50258547039194e-09 -1.10049853861159e-08 -5.50246205699798e-09 5.5025852582414e-09 1.92588929175441e-08 -1.37562476959697e-08 -8.25372481901988e-09 -1.65075104795598e-08 1.10051072558517e-08 -1.10049873623398e-08 5.50258371277762e-09 1.10051074869794e-08 5.50258394300068e-09 6.10755470844293e-14
-9999 -9999 -9999 -9999 -9999 -9999 -9999 -9999 -9999 -9999 -9999 -9999 -9999 6.48728761291405e-14 -1.1004982002487e-08 5.50258753400777e-09 1.1005110870791e-08 5.50258776758554e-09 1.10051108758152e-08 -1.10049828784002e-08 -1.10049831078748e-08 -5.50246000497803e-09 6.35403851090787e-14 6.35424509354267e-14 -9999 -9999 -9999 -9999 -5.50245983715231e-09 -1.10049831622014e-08 -5.50245983940239e-09 6.34814187654357e-14 -5.50246073607868e-09 6.28096248783303e-14 -1.65075078337628e-08 -5.50246073868528e-09 5.50258524702289e-09 -1.65075080465921e-08 5.50258569643517e-09 -1.10049853879133e-08 5.50258548072719e-09 5.50258504400845e-09 -1.9258771691096e-08 6.03981646809317e-14 1.65076308012404e-08 1.10051063681893e-08 -1.92587719139956e-08 1.65076301418209e-08 2.20101534802984e-08 -1.37562481336103e-08 -1.20367091624724e-08
-9999 -9999 -9999 -9999 -9999 -9999 -9999 -9999 -9999 -9999 -9999 -9999 -9999 -9999 1.10051117454031e-08 -1.10049820014771e-08 6.42130434514514e-14 6.39949519808063e-14 5.50258754221686e-09 -5.50245977563127e-09 1.10051101984663e-08 -5.50246000318623e-09 6.37544664995747e-14 -1.10049833314612e-08 -1.10049835967443e-08 -9999 -9999 1.10051103640588e-08 5.50258681205873e-09 5.50258703466127e-09 5.50258703430901e-09 5.50258680583082e-09 -5.50246029206954e-09 1.65076330074136e-08 1.65076327842082e-08 1.65076332268841e-08 5.50258546368727e-09 5.50258569640925e-09 2.2010155229717e-08 1.65076316868158e-08 6.17109214670765e-14 -2.75120082763978e-09 6.08354434542251e-14 1.65076305967166e-08 -1.65075102551785e-08 5.50258349441761e-09 -5.50246361047907e-09 -5.50246383362997e-09 -1.10049866931213e-08 8.94166098614934e-09 1.78832615515991e-08
-9999 -9999 -9999 -9999 -9999 -9999 -9999 -9999 -9999 -9999 -9999 -9999 -9999 -9999 -9999 6.50979256878052e-14 -1.1004982220855e-08 -5.50245844443662e-09 5.50258754056641e-09 6.37710318674038e-14 5.50258687843917e-09 6.3994550157426e-14 6.33221374429066e-14 1.10051101533315e-08 6.32820186574863e-14 -9999 -9999 6.37090774589782e-14 -1.10049836084065e-08 1.10051105839646e-08 1.10051105842566e-08 -1.1004983835091e-08 -1.10049838402879e-08 -5.50246051884937e-09 5.50258613188455e-09 1.10051096786815e-08 -1.1004984725791e-08 1.10051087997436e-08 6.19275601888122e-14 1.1005108362273e-08 -5.50246183572511e-09 6.17159726280611e-14 -1.92587719191962e-08 1.10051070438375e-08 -5.50246382786789e-09 5.50258393714744e-09 -2.20100342436664e-08 -1.92587728038078e-08 2.75132161998292e-09 1.90869384954327e-08 -9.62935552170608e-09
