data/pcas/pca_proj_current/PC19.asc
NCOLS 494 
NROWS 529 
XLLCORNER -117.166666666667 
YLLCORNER -55.5 
CELLSIZE 0.166666666666667 
NODATA_value -9999 
[rows 345 to 367 of 529, columns 255 to 305 of 494]
-9999 -9999 -9999 -9999 -9999 -9999 -9999 -9999 -9999 -9999 -9999 -9999 -9999 -9999 -9999 -9999 -9999 -9999 -9999 -9999 -9999 -9999 -9999 -9999 6.55468506264177e-14 5.50258888369445e-09 -2.75119609633712e-09 5.50258911535778e-09 6.48976431260002e-14 6.53531745196797e-14 4.12695794889106e-09 -5.50245798424345e-09 6.19040515502788e-09 -2.7511945091346e-09 -2.75119451296616e-09 5.50259137692517e-09 6.82866267235342e-14 6.82892803764511e-14 6.78326433730107e-14 -5.50245549822317e-09 6.67044682789668e-14 -5.50245707889227e-09 5.50259046060709e-09 -1.10049799476375e-08 5.50259159612788e-09 -1.10049792737221e-08 -1.10049792605243e-08 1.1005114918756e-08 6.85078092512892e-14 1.10051151774374e-08 -1.10049797202895e-08
-9999 -9999 -9999 -9999 -9999 -9999 -9999 -9999 -9999 -9999 -9999 -9999 -9999 -9999 -9999 -9999 -9999 -9999 -9999 -9999 -9999 -9999 -9999 -9999 6.48765366521711e-14 -5.50245799696812e-09 5.50258888668513e-09 -5.50245798903812e-09 5.50258866057378e-09 -5.5024577507216e-09 8.25385100078184e-09 6.87882046446622e-10 -2.75119383723258e-09 -1.10049797130655e-08 -2.75119406655424e-09 -5.50245527874744e-09 -5.50245615478048e-09 6.91870256634865e-14 1.10051147099858e-08 6.80470281561074e-14 -5.50245571537287e-09 6.64835371197988e-14 5.50259069665459e-09 6.73684992608763e-14 -1.10049790512894e-08 -1.10049799429135e-08 1.10051151560836e-08 1.10051144796688e-08 6.82971666798621e-14 5.50259093428239e-09 6.7142491407451e-14
-9999 -9999 -9999 -9999 -9999 -9999 -9999 -9999 -9999 -9999 -9999 -9999 -9999 -9999 -9999 -9999 -9999 -9999 -9999 -9999 -9999 -9999 -9999 -9999 -9999 6.5104310649275e-14 6.55537628265206e-14 -5.50245843895918e-09 1.1005112206709e-08 1.10051115451432e-08 -8.25371985676269e-09 -9.62934946650224e-09 -2.75119383277334e-09 6.73831033671479e-14 1.1005114250201e-08 6.76028021357424e-14 -1.10049783550179e-08 6.87402574662674e-14 -1.10049785867148e-08 -1.10049788262882e-08 -1.1004978140149e-08 5.50259093637739e-09 -5.50245571354791e-09 -5.50245572832492e-09 -5.50245572206261e-09 5.50259137375737e-09 6.73834214340194e-14 6.76099177332127e-14 6.85076834331917e-14 -4.12682546889369e-09 1.89155808550984e-09
-9999 -9999 -9999 -9999 -9999 -9999 -9999 -9999 -9999 -9999 -9999 -9999 -9999 -9999 -9999 -9999 -9999 -9999 -9999 -9999 -9999 -9999 -9999 -9999 6.53220742013177e-14 1.10051117545535e-08 -5.50245821891003e-09 6.53303577529038e-14 5.50258932358121e-09 5.50258865840463e-09 2.75132679175649e-09 6.55725243090951e-14 4.12695997398747e-09 -5.50245571588041e-09 -5.50245571295829e-09 1.10051147017974e-08 6.82949465360936e-14 6.8510052686526e-14 1.10051160559966e-08 6.82883244708846e-14 -1.10049781404092e-08 -1.10049783666246e-08 1.10051149237592e-08 -5.50245595036197e-09 1.10051147078507e-08 5.50259070705383e-09 5.50259093013234e-09 -1.10049783669692e-08 5.50259115968712e-09 -7.56590294363344e-09 9.62948170920131e-09
-9999 -9999 -9999 -9999 -9999 -9999 -9999 -9999 -9999 -9999 -9999 -9999 -9999 -9999 -9999 -9999 -9999 -9999 -9999 -9999 -9999 -9999 -9999 6.53225626950937e-14 1.10051117541886e-08 5.50258798473548e-09 -5.50245799692749e-09 5.50258887809164e-09 6.51112679872623e-14 1.10051126531156e-08 5.50258890065085e-09 -1.37556447774399e-09 -1.10049795031479e-08 5.50259160639315e-09 1.1005114476384e-08 5.50259094183626e-09 -5.5024550344549e-09 5.5025915999643e-09 6.85061358367482e-14 1.10051156089409e-08 -1.10049778914684e-08 6.82806552403804e-14 -5.50245573838928e-09 6.8286718126655e-14 6.85035576539375e-14 1.1005115157864e-08 5.5025916040411e-09 -5.50245548775196e-09 5.50259092670172e-09 -9.62934991694214e-09 3.43914302675543e-09
-9999 -9999 -9999 -9999 -9999 -9999 -9999 -9999 -9999 -9999 -9999 -9999 -9999 -9999 -9999 -9999 -9999 -9999 -9999 -9999 -9999 -9999 -9999 6.48817655820872e-14 6.53284182250507e-14 6.44384835075033e-14 5.50258865407089e-09 1.10051119814802e-08 1.10051124277943e-08 5.5025888826411e-09 8.253850785786e-09 6.64593465301708e-14 -8.25371828694607e-09 5.50259205329167e-09 -2.75119428328344e-09 -5.50245481893419e-09 5.50259138279683e-09 -1.10049781427124e-08 -1.10049783686712e-08 5.5025909286278e-09 6.76104503207092e-14 1.10051142356828e-08 5.50259160674123e-09 1.10051151573909e-08 1.1005115158983e-08 -1.10049783570071e-08 1.10051149423146e-08 1.10051149339746e-08 5.50259137756925e-09 6.69129536638771e-14 5.11569348313327e-09
-9999 -9999 -9999 -9999 -9999 -9999 -9999 -9999 -9999 -9999 -9999 -9999 -9999 -9999 -9999 -9999 -9999 -9999 -9999 -9999 -9999 -9999 -9999 6.51020959694585e-14 -1.10049815441857e-08 5.50258887602707e-09 6.4885232467833e-14 5.50258843361518e-09 6.5108359606221e-14 -5.50245821431425e-09 5.50258889846102e-09 6.6013534386496e-14 6.73735635428265e-14 5.50259137717672e-09 5.50259160374257e-09 -5.50245570812148e-09 -5.50245481412942e-09 -1.10049785838536e-08 5.50259094012319e-09 5.50259092414824e-09 -2.75119429636197e-09 5.50259069567026e-09 5.50259093564259e-09 5.50259047383334e-09 5.50259116058332e-09 1.10051156197811e-08 -1.10049776794615e-08 -1.10049783640566e-08 -1.10049783616731e-08 8.25385257874795e-09 9.62948284468566e-09
-9999 -9999 -9999 -9999 -9999 -9999 -9999 -9999 -9999 -9999 -9999 -9999 -9999 -9999 -9999 -9999 -9999 -9999 -9999 -9999 -9999 -9999 -9999 6.51015013511379e-14 6.53287346967288e-14 5.50258843299459e-09 5.50258821214239e-09 1.10051119816917e-08 5.50258799007446e-09 6.53345476289996e-14 6.51266800808287e-14 2.75132790359146e-09 -1.37556334207445e-09 -2.75119428173934e-09 5.50259161506633e-09 5.50259183629651e-09 1.10051153945902e-08 6.82989168752602e-14 5.50259184009683e-09 5.50259137630093e-09 5.5025906991127e-09 -1.10049783708797e-08 5.50259114513999e-09 -8.2537178483074e-09 1.10051147059954e-08 6.87389506602054e-14 6.87447395674371e-14 6.82933329302741e-14 6.80665583335893e-14 5.50259092683279e-09 6.80536622064058e-14
-9999 -9999 -9999 -9999 -9999 -9999 -9999 -9999 -9999 -9999 -9999 -9999 -9999 -9999 -9999 -9999 -9999 -9999 -9999 -9999 -9999 -9999 -9999 6.51013525259224e-14 6.53292757007885e-14 5.50258821311261e-09 5.50258888079279e-09 -1.10049817643862e-08 5.5025886569688e-09 5.50258888535535e-09 -5.50245708172487e-09 -1.10049801825282e-08 3.69707473121301e-09 4.12695908574383e-09 1.10051149262502e-08 6.85200960456729e-14 -5.50245547683688e-09 6.83020475511505e-14 6.87545070279158e-14 6.75976233309078e-14 5.50259092188519e-09 -5.50245549664012e-09 5.50259091229809e-09 5.50259023667199e-09 -5.50245661829257e-09 1.10051156043918e-08 1.10051153794768e-08 1.10051147105755e-08 1.10051153894507e-08 6.76211147894874e-14 1.10051151568011e-08
-9999 -9999 -9999 -9999 -9999 -9999 -9999 -9999 -9999 -9999 -9999 -9999 -9999 -9999 -9999 -9999 -9999 -9999 -9999 -9999 -9999 -9999 -9999 6.55485900807533e-14 6.5774335619769e-14 1.1005111317658e-08 1.10051115401328e-08 5.50258821393543e-09 5.50258843812487e-09 5.50258911582656e-09 6.58016043787355e-14 5.50259001629006e-09 -3.43900965122237e-09 9.62948330278375e-09 5.50259116284981e-09 6.82972482871969e-14 1.1005115179696e-08 6.92021359905937e-14 1.10051151726622e-08 1.10051144785838e-08 6.85114660315272e-14 6.78281250325053e-14 2.75132835368863e-09 1.10051135574475e-08 -2.75119429415439e-09 6.82969475653668e-14 -5.5024557217875e-09 6.73780908583146e-14 5.50259093577732e-09 1.10051144961763e-08 6.75953837367413e-14
-9999 -9999 -9999 -9999 -9999 -9999 -9999 -9999 -9999 -9999 -9999 -9999 -9999 -9999 -9999 -9999 -9999 -9999 -9999 -9999 -9999 -9999 -9999 6.57723347467898e-14 6.53328595687013e-14 -1.10049817574547e-08 -1.10049815346142e-08 1.10051124345994e-08 6.51169500892645e-14 -1.10049806333122e-08 2.75132880738171e-09 -4.12682522706007e-09 -2.75119382843031e-09 2.75132926688098e-09 -5.50245548772289e-09 -5.50245502492199e-09 1.10051156326297e-08 6.91982513981185e-14 6.87333496069989e-14 -5.50245570524912e-09 6.82992110368685e-14 5.50259137491103e-09 6.7139701949969e-14 -1.1004980627856e-08 6.75941013667751e-14 6.8078249547445e-14 5.50259024328929e-09 6.71447097099905e-14 -5.50245571202106e-09 -1.1004979944698e-08 6.66930009122418e-14
-9999 -9999 -9999 -9999 -9999 -9999 -9999 -9999 -9999 -9999 -9999 -9999 -9999 -9999 -9999 -9999 -9999 -9999 -9999 -9999 -9999 -9999 -9999 6.57755135298281e-14 -1.10049808691221e-08 1.10051126588793e-08 -5.5024577608247e-09 6.6013565506869e-14 -5.50245753049954e-09 1.10051133439222e-08 2.75132880266469e-09 -2.06337848414058e-09 -5.50245503441989e-09 8.25385326212532e-09 -1.10049788099992e-08 -5.50245524661859e-09 6.80854646152601e-14 6.87545615653614e-14 6.83057558949988e-14 -1.10049778984921e-08 5.50259183612896e-09 6.80570759021657e-14 6.76017452214121e-14 -1.10049790476823e-08 1.10051144745843e-08 -5.50245594603923e-09 2.75132858597257e-09 5.50259069670474e-09 1.10051153747622e-08 -5.50245731227741e-09 -6.87808802858168e-09
-9999 -9999 -9999 -9999 -9999 -9999 -9999 -9999 -9999 -9999 -9999 -9999 -9999 -9999 -9999 -9999 -9999 -9999 -9999 -9999 -9999 -9999 -9999 6.60006787266839e-14 5.50258888857774e-09 -1.1004980418231e-08 -5.50245753268377e-09 -5.50245775003756e-09 -5.50245707887229e-09 -8.25371895233244e-09 -9.62934901620334e-09 4.1269599757477e-09 6.80612601417003e-14 8.25385281584194e-09 -5.50245502836566e-09 1.10051149553898e-08 1.10051154020945e-08 6.85243769199208e-14 -1.10049783504816e-08 -5.50245548370468e-09 1.10051151534428e-08 6.71479246368367e-14 -5.50245570918097e-09 -1.10049781464555e-08 -5.50245549103814e-09 5.50259159569454e-09 8.25385235974639e-09 8.25385213250879e-09 -2.7511954126861e-09 -2.7511963270276e-09 -1.37556448916853e-09
-9999 -9999 -9999 -9999 -9999 -9999 -9999 -9999 -9999 -9999 -9999 -9999 -9999 -9999 -9999 -9999 -9999 -9999 -9999 -9999 -9999 -9999 6.53304062179286e-14 -5.50245777159648e-09 6.60080284791406e-14 6.6012859080338e-14 1.10051126691484e-08 8.25385101169588e-09 6.5803074526956e-14 -8.25371895579895e-09 -5.50245686112941e-09 -6.53417955297527e-09 6.78385622477994e-14 5.50259093436339e-09 5.50259162512851e-09 -5.50245433100399e-09 6.90021358725068e-14 -5.5024543335807e-09 -1.10049790150347e-08 1.10051144925969e-08 8.25385281056886e-09 2.0635120901099e-09 2.75132903226396e-09 5.50259092983545e-09 -1.10049792690035e-08 2.75132948190972e-09 -2.3213110812166e-09 -7.56590406129257e-09 -6.19027290124707e-09 6.51135268352703e-14 -1.10049813141062e-08
-9999 -9999 -9999 -9999 -9999 -9999 -9999 -9999 -9999 -9999 -9999 -9999 -9999 -9999 -9999 -9999 -9999 -9999 -9999 -9999 -9999 -9999 -1.10049813212324e-08 -5.50245754761534e-09 -5.50245754109793e-09 -5.50245731598253e-09 5.50258957208637e-09 -1.10049812957098e-08 -2.75119563867672e-09 -5.50245685584385e-09 4.12695907295839e-09 2.75132949122587e-09 6.80672234472565e-14 1.10051153910041e-08 6.82996673020292e-14 1.10051151813925e-08 6.92247778677347e-14 6.85328365193971e-14 5.50259139666044e-09 6.73928352447818e-14 -5.50245572657447e-09 -2.75119611856136e-09 -2.06338097143692e-09 -5.5024568563892e-09 -5.50245549603818e-09 -6.87749120570629e-10 6.53245404827804e-14 6.55554882431254e-14 -9.62935014168523e-09 -2.75119542734005e-09 6.66990367981925e-14
-9999 -9999 -9999 -9999 -9999 -9999 -9999 -9999 -9999 -9999 -9999 -9999 -9999 -9999 -9999 -9999 -9999 -9999 -9999 -9999 -9999 -9999 6.53331033008673e-14 -5.50245798941792e-09 -5.50245709696421e-09 6.57896697224577e-14 5.50258912384319e-09 2.75132768632807e-09 6.66964293393992e-14 8.2538519240665e-09 1.10051149248688e-08 -8.25371782880505e-09 -5.50245480731366e-09 6.85253737293336e-14 6.87545274312587e-14 -5.50245480160363e-09 -1.10049781236375e-08 6.87525556284962e-14 5.50259116692579e-09 1.10051147038683e-08 6.69170096706876e-14 7.56603473268314e-09 6.87821936528271e-09 -6.87808780095289e-09 5.50259115849149e-09 2.75132700173212e-09 8.25384920095875e-09 8.25385032319464e-09 -3.00912666928879e-09 -1.10049804164905e-08 -2.75119519170019e-09
-9999 -9999 -9999 -9999 -9999 -9999 -9999 -9999 -9999 -9999 -9999 -9999 -9999 -9999 -9999 -9999 -9999 -9999 -9999 -9999 -9999 6.48894569791182e-14 1.10051124284838e-08 5.50258977275148e-09 5.50258977660617e-09 5.50258934200599e-09 -1.10049806268309e-08 -8.25371895905736e-09 6.87822075502691e-09 -7.39394914463728e-09 -8.25371804573251e-09 -2.75119427570864e-09 1.10051153940897e-08 -1.10049783435827e-08 1.1005115411934e-08 6.83018889422056e-14 5.50259117526424e-09 1.10051154006502e-08 6.8072252529243e-14 5.50259182203135e-09 4.1269590798755e-09 -8.25371966207792e-09 -4.81464353382041e-09 1.10051137973253e-08 4.12695907188511e-09 -7.56590474521634e-09 6.87821892740346e-09 6.42128316084266e-14 5.50258775747553e-09 -8.2537218996552e-09 5.50258753516982e-09
-9999 -9999 -9999 -9999 -9999 -9999 -9999 -9999 -9999 -9999 -9999 -9999 -9999 -9999 -9999 -9999 -9999 -9999 -9999 -9999 -9999 6.62247511272335e-14 6.60039966541211e-14 6.55604017359937e-14 -5.50245731897761e-09 1.10051131164632e-08 -8.25371918317145e-09 -6.87808778900372e-09 8.25385147825905e-09 -2.40728692573045e-09 2.75132948412128e-09 -1.10049790336036e-08 -1.10049781222828e-08 6.8536063827309e-14 -5.50245455518794e-09 5.50259276897988e-09 6.8533349139784e-14 6.87450778545133e-14 6.78334881303458e-14 6.73700823639342e-14 5.50259024154305e-09 -2.06338096998838e-09 -8.59762745055831e-09 -8.94153477975934e-09 3.4391416855054e-09 2.75132520182941e-09 2.75132497646758e-09 -5.50246023583223e-09 -8.25372212633287e-09 -2.7511988010906e-09 -5.50246024114009e-09
-9999 -9999 -9999 -9999 -9999 -9999 -9999 -9999 -9999 -9999 -9999 -9999 -9999 -9999 -9999 -9999 -9999 -9999 -9999 -9999 -9999 6.62242896927935e-14 6.64503964596041e-14 6.55601499048034e-14 1.10051131022041e-08 -2.75119564468356e-09 -1.10049808378226e-08 1.10051129099193e-08 6.53431274599936e-09 6.71699003030541e-14 1.10051147048255e-08 -8.25371737884678e-09 -1.10049790297181e-08 1.10051151877615e-08 -5.50245432422439e-09 5.50259277532133e-09 6.83049308896482e-14 1.10051153938781e-08 -5.50245570913971e-09 8.25385191034616e-09 9.62948262588476e-09 -4.12682727212391e-09 8.59775766012202e-09 -7.22199695454744e-09 6.87880241187099e-10 4.12695614117267e-09 -9.62935217594861e-09 6.33095292332469e-14 2.75132496985768e-09 -1.10049840183704e-08 1.92588951692623e-08
-9999 -9999 -9999 -9999 -9999 -9999 -9999 -9999 -9999 -9999 -9999 -9999 -9999 -9999 -9999 -9999 -9999 -9999 -9999 -9999 6.59980198911427e-14 6.60035877125672e-14 -1.10049804239513e-08 6.55624371589741e-14 -5.50245731583049e-09 1.10051128966832e-08 -1.37556402024162e-09 -4.98659481423845e-09 2.4074203587824e-09 6.8782209968086e-09 6.80794923569688e-14 -5.50245547411036e-09 1.10051151712949e-08 6.80871758557282e-14 5.50259231781466e-09 5.5025929841693e-09 1.10051151605123e-08 -5.50245548198966e-09 -5.50245526832993e-09 6.73831636611062e-14 5.50259070599441e-09 -3.43901101305023e-09 -1.86569290935075e-08 4.98672640387237e-09 -3.78292015070715e-09 -1.16927986984257e-08 -2.20100304377532e-08 1.5132003009103e-08 1.37563718435754e-08 1.37563720657051e-08 1.10051106263933e-08
-9999 -9999 -9999 -9999 -9999 -9999 -9999 -9999 -9999 -9999 -9999 -9999 -9999 -9999 -9999 -9999 -9999 -9999 -9999 -9999 6.59975552451761e-14 5.50258977329615e-09 6.6008598952344e-14 1.10051131022941e-08 -1.10049808609171e-08 -1.10049801800021e-08 -1.37556400873815e-09 9.62948332203574e-09 6.71710630356709e-14 -1.3755637693739e-09 5.50259253202775e-09 -1.10049787880526e-08 -5.50245547410614e-09 1.10051151814266e-08 -1.10049785658628e-08 1.1005114956314e-08 2.75132971653674e-09 -2.75119405691826e-09 -2.75119474207027e-09 1.10051138038034e-08 -8.25371850054689e-09 6.87881153152699e-10 6.87821869784338e-09 -2.75119745939617e-09 -3.43901281441107e-09 6.87821802575005e-09 1.10051099613116e-08 -8.25372145914817e-09 -8.25372168207283e-09 -2.75119857747688e-09 -8.25372145584477e-09
-9999 -9999 -9999 -9999 -9999 -9999 -9999 -9999 -9999 -9999 -9999 -9999 -9999 -9999 -9999 -9999 -9999 -9999 -9999 -9999 6.55548660547218e-14 5.50258955183649e-09 6.60083272243041e-14 5.50258933758229e-09 1.10051135640491e-08 4.12695952666017e-09 -5.07257181495916e-09 8.2538528385178e-09 -5.50245547006268e-09 -1.10049785517432e-08 -1.10049780858211e-08 6.80748469025332e-14 1.10051149471347e-08 -1.10049792463343e-08 1.10051154012794e-08 -1.10049785803641e-08 -6.87808756114246e-09 6.87882048518884e-10 -2.75119541349215e-09 3.4391432676379e-09 5.50259002782817e-09 -4.12682636339004e-09 -7.05004406103198e-09 -1.61635984224652e-08 5.84649554580345e-09 4.81477262147568e-09 1.10051108548196e-08 -1.37562452282406e-08 2.75132474849569e-09 1.92588951709234e-08 1.37569425910285e-09
-9999 -9999 -9999 -9999 -9999 -9999 -9999 -9999 -9999 -9999 -9999 -9999 -9999 -9999 -9999 -9999 -9999 -9999 -9999 -9999 -1.10049806478028e-08 -5.50245709578425e-09 5.50258999672075e-09 5.50258933529548e-09 6.64703486853993e-14 5.67454449202632e-09 -1.10049794827255e-08 -1.10049783449676e-08 -5.50245501220087e-09 5.50259232925485e-09 1.10051151895815e-08 6.78566085931384e-14 6.78526326914516e-14 5.50259139449974e-09 -5.50245524659811e-09 -1.10049794963664e-08 5.84649758359681e-09 -1.71888666657153e-10 -1.71888217008924e-10 -8.42567321676536e-09 -1.10049799425968e-08 9.62948173384545e-09 9.11361968771369e-09 7.39408005572039e-09 -2.06338208702962e-09 4.1269583977178e-09 -3.43901258788038e-09 1.10051106292855e-08 2.75132541557766e-09 8.2538485207243e-09 -6.01831978740087e-09
