data/pcas/pca_proj_current/PC19.asc
NCOLS 494 
NROWS 529 
XLLCORNER -117.166666666667 
YLLCORNER -55.5 
CELLSIZE 0.166666666666667 
NODATA_value -9999 
[rows 483 to 505 of 529, columns 255 to 305 of 494]
-2.75119471819543e-09 1.37569722416327e-09 -3.43901073818979e-09 6.60577152413102e-14 3.1059826969343e-09 -4.77165340391185e-09 3.2671897359937e-09 2.75132838732313e-09 -2.75119537573031e-09 -8.25371891783171e-09 2.75132884232439e-09 -5.50245591188606e-09 6.67487308311306e-14 -1.10049796827704e-08 6.67452978616283e-14 5.5025900631784e-09 5.50259003467505e-09 1.10051142617658e-08 5.50259070684111e-09 6.64856228975918e-14 6.64787308475265e-14 -2.75119496055783e-09 -8.25371918089167e-09 2.75132724790658e-09 -4.12682657270098e-09 -5.50245751897458e-09 6.87822029907898e-09 8.25385100685719e-09 6.60192993358487e-14 8.25385170730444e-09 -1.10049810425913e-08 -8.25371915882117e-09 -9.62935010340837e-09 -1.10049808197876e-08 7.56603611755549e-09 5.33063535773095e-09 -1.03165778175414e-09 -9.62935034096848e-09 -6.87808912310658e-09 -4.81464259927274e-09 -3.4390118725807e-09 -2.06338092897594e-09 -5.84636551207885e-09 -1.71947312799995e-09 -5.15854992858699e-09 -9.62935032334093e-09 -1.03165776571267e-09 -3.78291920552537e-09 2.06351191179945e-09 -6.19027329946065e-09 -7.56590402028538e-09
-5.50245726739229e-09 5.50258960922919e-09 3.43974297535647e-10 5.1586820441662e-09 6.62915759245304e-14 1.03178921730392e-09 -5.15854992340773e-09 2.75132795043474e-09 -4.12682632224643e-09 -6.87808776554149e-09 5.50259005404749e-09 2.7513281754869e-09 6.71928078750715e-14 6.71845375620508e-14 1.10051138422078e-08 5.50259073951332e-09 -5.50245659064852e-09 8.25385127377767e-09 -2.75119518375497e-09 -2.75119541051177e-09 -1.10049799541747e-08 2.75132835906007e-09 -1.10049810678408e-08 -5.50245729686927e-09 6.87822029835391e-09 1.37569674494724e-09 4.12695885553589e-09 2.75132769263251e-09 9.62948220296275e-09 -5.50245749517383e-09 2.75132816562445e-09 8.2538510452679e-09 -6.87808843993787e-09 -1.10049812708859e-08 5.50258914602809e-09 -1.37556556841227e-09 7.0501738687058e-09 -4.8146423740202e-09 2.0635116715525e-09 6.55907645062322e-14 -7.5659042589734e-09 -4.81464236720985e-09 -6.87749753517368e-10 7.9099428034211e-09 -5.15855015036979e-09 5.67454271881745e-09 8.94166617913923e-09 4.81477401889727e-09 5.15868114347438e-09 -2.40728870723441e-09 -5.15854992572987e-09
2.75132727672181e-09 2.06351280820822e-09 -2.06338024323132e-09 2.40742038574987e-09 2.75132795744343e-09 5.50258962302083e-09 -5.50245748059533e-09 -8.94153429352524e-09 6.19040518337729e-09 1.3756970020861e-09 6.6748649275793e-14 2.75132839891394e-09 8.25385150902146e-09 2.75132818561302e-09 8.25385237295286e-09 5.50259096224645e-09 -5.50245705923184e-09 2.75132814289995e-09 1.10051131291174e-08 -8.25371873502925e-09 5.50258979725005e-09 -8.25371829150208e-09 5.50258980020817e-09 -8.25371917099044e-09 -1.10049808361277e-08 2.75132791396877e-09 -2.75119540893541e-09 1.37569674866532e-09 8.2538510395904e-09 -5.50245704984383e-09 6.6499369655194e-14 1.10051131496761e-08 -8.25371893788296e-09 1.3756972135142e-09 -9.62934966496761e-09 7.56603567438005e-09 -8.59703550428067e-10 6.16085014272332e-09 4.81477356396593e-09 -5.15795977163082e-10 -3.61096543066167e-09 -9.88728133373454e-09 -6.70613487622649e-09 2.57937326387296e-09 -3.43901186106607e-09 1.03178831475589e-09 4.81477357367403e-09 -6.87808888236404e-09 4.81477357312179e-09 1.03172966776997e-08 4.81477357448636e-09
-2.75119605634085e-09 -4.81464257334165e-09 -2.40728869485709e-09 -2.06338001232184e-09 6.87881206529768e-10 -5.50245725030686e-09 2.75132885394902e-09 -5.50245635271107e-09 5.50258984341735e-09 -8.25371847242405e-09 -2.75119560269138e-09 -5.50245702296879e-09 -9.62934943970834e-09 -5.50245613521902e-09 -5.50245636528129e-09 -2.75119517050771e-09 2.75132859977305e-09 5.50259070058058e-09 1.10051135878798e-08 -5.50245661674088e-09 2.75132814229131e-09 -5.50245662805351e-09 2.75132814944665e-09 8.25385124944596e-09 2.75132814148733e-09 -1.10049810595121e-08 2.75132816548338e-09 5.50259004950979e-09 8.25385101750286e-09 5.5025900446768e-09 6.64985343088722e-14 8.25385148446798e-09 -6.87808822017754e-09 -2.75119561841944e-09 -6.53418065275621e-09 -2.40728872113804e-09 6.01845049562055e-09 7.73798922995473e-09 -5.15795753831932e-10 5.50258915559693e-09 -7.73785802710468e-09 -8.59762761600866e-09 -3.34766137652374e-09 5.41661215246353e-09 9.97338910800011e-09 -1.37556555711358e-09 8.25385059623259e-09 7.22212766717719e-09 -4.81464257999966e-09 5.5025887123749e-09 -9999
-4.81464324278874e-09 -5.50245815434423e-09 3.09523573777649e-09 -1.37556487804525e-09 -5.50245725680494e-09 2.75132818522869e-09 5.50259053000709e-09 6.76530105143865e-14 6.76521056552701e-14 1.1005113622352e-08 6.67525242564554e-14 -5.5024565986085e-09 6.67271932219571e-14 5.50259118697214e-09 6.76421537580123e-14 -1.1004980145443e-08 5.50259029679132e-09 1.10051147379882e-08 1.10051144846878e-08 -5.50245683637262e-09 6.71483076240781e-14 1.10051133516307e-08 8.25385146318682e-09 5.50259003160525e-09 -8.25371939883552e-09 -2.7511949569845e-09 -8.25371852025485e-09 5.5025895709708e-09 2.75132768724731e-09 6.58335592672116e-14 2.75132749779255e-09 -4.1268269947391e-09 5.50258959775559e-09 -3.43901097729984e-09 3.09523527714072e-09 -7.56590402749894e-09 -2.40728827108671e-09 7.56603500771113e-09 1.03172971222167e-08 7.22212744604341e-09 3.95500465134253e-09 -3.52498841831732e-09 8.46879310510552e-09 -1.04031429089164e-08 5.50258937763583e-09 5.50258893266691e-09 4.12695776917402e-09 3.4391424086886e-09 -9999 -9999 -9999
6.42725855035066e-14 -2.75119671501321e-09 -1.37556554805809e-09 -4.12682765450946e-09 1.37569700840952e-09 -2.75119447168427e-09 -5.50245589844695e-09 6.76571084897085e-14 5.50259097667551e-09 -5.50245702713011e-09 6.60576063697695e-14 6.65046522837844e-14 2.75132816274536e-09 5.50259050720386e-09 6.78619355519427e-14 5.5025907486136e-09 -1.10049797042025e-08 5.50259092938431e-09 -1.10049801622535e-08 -8.25371850857999e-09 1.10051133589383e-08 8.25385191994949e-09 2.75132837013993e-09 8.25385102577502e-09 6.6255638472141e-14 -2.75119607390766e-09 8.25385146460426e-09 5.5025893593348e-09 1.10051131291667e-08 5.50258913399982e-09 9.62948220576149e-09 6.87822098607053e-09 3.43914307111617e-09 -2.06338025559892e-09 8.25385037040234e-09 -6.19027263107216e-09 6.87822032294588e-09 1.37569655255507e-09 5.50258893598177e-09 7.56603501725755e-09 7.90994280776442e-09 -1.71947290123253e-09 9.28557352796846e-09 7.7594833837e-09 -4.64268879532334e-09 -4.12682677644359e-09 -9999 -9999 -9999 -9999 -9999
4.98672602686514e-09 -5.50245927287718e-09 2.14948802888064e-09 3.09523440416531e-09 5.50258894624957e-09 -5.50245702463503e-09 -5.50245545418169e-09 5.5025907531762e-09 6.7198073762633e-14 8.25385105376387e-09 6.60661056844723e-14 -5.50245682731376e-09 1.37569720795025e-09 1.37569653805326e-09 2.75132882349907e-09 6.73963640915499e-14 6.76165372849592e-14 -5.50245660405608e-09 -2.75119473253384e-09 -2.75119518196034e-09 -6.87808756697671e-09 8.25385102391564e-09 2.75132814578258e-09 -1.10049803941111e-08 8.25385123795724e-09 8.25385147336401e-09 -2.75119585521924e-09 8.2538514696619e-09 6.60365061367244e-14 5.502589389749e-09 1.3756974403978e-09 -8.25371938185923e-09 8.25385126926448e-09 -5.50245749005974e-09 -2.75119604940896e-09 9.62948154430901e-09 -3.43901185470946e-09 -4.12682632675336e-09 -8.25371937700226e-09 1.3756972216339e-09 -8.94153473630682e-09 8.25385082248016e-09 8.59834976645487e-10 9.28557397041457e-09 -1.71947268306271e-09 -9999 -9999 -9999 -9999 -9999 -9999
-5.50245926369552e-09 3.43914174111068e-09 -4.12682854951757e-09 3.4391428610841e-09 -4.12682654352351e-09 6.67357712147944e-14 6.72105610407657e-14 6.78828515775283e-14 -5.50245589736859e-09 -5.50245679624251e-09 -1.10049801314767e-08 6.62937030959973e-14 -5.50245637047969e-09 8.25385147289374e-09 -4.12682612324249e-09 1.10051142563101e-08 5.50259071121964e-09 1.10051140439065e-08 -1.10049801534778e-08 5.50259003590552e-09 -8.25371828566234e-09 -1.1004980613881e-08 -8.2537187241495e-09 -2.75119562594271e-09 5.50258958349867e-09 1.10051129063091e-08 -6.87808846028858e-09 6.62626303145054e-14 2.7513274757927e-09 8.25385105241898e-09 -5.50245748354495e-09 1.10051131575394e-08 9.62948199136723e-09 -4.12682632340592e-09 -9.62934987246957e-09 -8.25371892957783e-09 -8.25371937337662e-09 6.60580356808775e-14 -8.25371937457264e-09 9.62948198883626e-09 -4.81464168852889e-09 -7.09244328521623e-10 8.51178139168536e-09 -9999 -9999 -9999 -9999 -9999 -9999 -9999 -9999
4.81477225080584e-09 1.80557979531384e-09 -4.81464323869951e-09 6.44892024131857e-10 6.58419380777278e-14 -2.75119447265728e-09 6.74284045612113e-14 -5.50245542975525e-09 5.50259097370194e-09 -5.50245567996368e-09 6.69535637663591e-14 -1.10049794685495e-08 -1.10049794664443e-08 5.5025907263757e-09 6.67322079041101e-14 -5.5024563828839e-09 2.7513281426457e-09 -5.50245616902973e-09 -5.50245638885007e-09 5.50259048165598e-09 5.50259003987168e-09 6.62595084378264e-14 5.50258958484434e-09 5.50258980579049e-09 -5.50245728427207e-09 6.62629406097623e-14 6.6254198727009e-14 8.25385124999065e-09 -9.62934965772994e-09 4.12695866646197e-09 -1.37556488063455e-09 -5.50245704185066e-09 8.25385105197859e-09 5.50258961135096e-09 4.12695911254917e-09 5.50258938843605e-09 5.50258938825837e-09 9.62948177010817e-09 -5.50245748808468e-09 -8.2537195941446e-09 6.60573776776305e-14 -3.43842618144025e-10 1.3756967739223e-09 -9999 -9999 -9999 -9999 -9999 -9999 -9999 -9999
-4.57820814790707e-09 -2.75119760670076e-09 -1.37556643608529e-09 4.12695799645958e-09 -2.7511953762808e-09 -5.50245635987356e-09 6.74343170786997e-14 6.81098610599227e-14 -5.50245679974234e-09 6.65186020703494e-14 -8.25371826496354e-09 -5.50245682990281e-09 2.75132860733868e-09 -1.10049794579588e-08 -5.50245636181594e-09 6.73958963083603e-14 -1.10049799260936e-08 -5.50245705435808e-09 -8.25371871548761e-09 1.10051135935138e-08 6.62734603389915e-14 -2.75119539251964e-09 2.75132793254015e-09 -5.50245750470288e-09 2.75132727475983e-09 2.75132749597545e-09 8.2538510291239e-09 6.58308332248122e-14 -9.62934987942548e-09 5.50258937675375e-09 6.87821987491663e-09 -6.87808798672713e-09 2.75132705521861e-09 -1.10049810356098e-08 4.12695844462733e-09 -1.37556510245831e-09 6.87822055093264e-09 6.62803695710787e-14 3.43914242161932e-09 -8.94153495980097e-09 -6.19027307408615e-09 -3.43842173036352e-10 -6.27625029385763e-09 -9999 -9999 -9999 -9999 -9999 -9999 -9999 -9999
6.87879423613846e-10 1.7196027897516e-09 -1.03165887111855e-09 -6.87750859575558e-10 6.60581471609032e-14 5.5025905076629e-09 6.76566276796755e-14 6.721098990835e-14 1.1005114072342e-08 5.50258940290877e-09 -9.62934943230611e-09 -1.80544924541324e-09 -1.03165621617182e-09 -2.75119516977452e-09 1.10051131477231e-08 -2.75119471757193e-09 2.75132838722552e-09 5.50259026812755e-09 8.25385170325125e-09 -1.10049803788453e-08 -2.75119561325058e-09 -5.50245726970772e-09 -8.25371894630681e-09 2.75132770503138e-09 2.75132794000404e-09 -5.50245728496367e-09 5.50258980983047e-09 -1.10049806117998e-08 -6.87808799412357e-09 -2.75119583351849e-09 6.5828904419928e-14 -1.37556533575979e-09 -1.375564874103e-09 -6.87808888380377e-09 6.56152894585238e-14 5.50258871946209e-09 8.25385104705255e-09 -8.2537195999003e-09 -3.43901185591277e-09 -2.75119581779713e-09 -4.81464190010562e-09 7.56603547122983e-09 -9999 -9999 -9999 -9999 -9999 -9999 -9999 -9999 -9999
3.43914064153788e-09 2.40741815354286e-09 3.09523373505351e-09 4.81477202357305e-09 6.56205493932845e-14 6.67372161762951e-14 -5.5024561172626e-09 -5.50245611353568e-09 -5.50245635250817e-09 1.10051133998258e-08 6.63013294111426e-14 6.71753734344736e-14 -8.25371804322389e-09 6.71655363638532e-14 8.25385170508126e-09 8.25385192455209e-09 5.50259026202136e-09 6.62738320462279e-14 6.69414053121501e-14 5.50259093502784e-09 -1.10049805999906e-08 1.10051136020464e-08 -8.25371870224511e-09 1.10051133949243e-08 -8.25371869052739e-09 -1.10049805757543e-08 2.75132862647813e-09 -2.751195145689e-09 -8.25371869666659e-09 2.75132749863679e-09 -8.25371893367408e-09 1.10051127044854e-08 1.37569655041837e-09 -9.62935010000172e-09 -5.50245771693253e-09 -1.10049814880472e-08 6.58291457250429e-14 5.50258916437585e-09 2.75132794532573e-09 5.50258916367528e-09 -8.941534725813e-09 -1.37556487580924e-09 -9999 -9999 -9999 -9999 -9999 -9999 -9999 -9999 -9999
-2.40729025608785e-09 5.15925632043357e-10 -1.46154344603081e-09 1.37569567005329e-09 2.75132750777687e-09 6.72042659667521e-14 -5.50245565473436e-09 6.76559742499361e-14 -9.62935052538013e-09 -1.10049805792864e-08 1.10051140618062e-08 -5.50245591651488e-09 -1.10049801327224e-08 -5.50245636583965e-09 8.25385127537907e-09 8.25385170527369e-09 -8.25371892525924e-09 -1.10049799174712e-08 6.69712738687932e-14 -5.50245636170416e-09 6.7189315283286e-14 5.50259052533999e-09 5.5025900764664e-09 5.50259051882008e-09 6.76333188355259e-14 -1.10049803530872e-08 -2.75119514362163e-09 -8.25371869251617e-09 -5.50245703076973e-09 -8.2537184734274e-09 -5.5024568129741e-09 -1.10049805871563e-08 9.62948197120736e-09 5.50258937471989e-09 6.58323396386065e-14 -2.75119605275873e-09 -1.10049812647862e-08 2.75132815967833e-09 6.62830767450425e-14 -8.94153472439309e-09 -8.94153428858138e-09 4.81477425550047e-09 -9999 -9999 -9999 -9999 -9999 -9999 -9999 -9999 -9999
-4.12682899099369e-09 2.40741770574195e-09 3.61109508702296e-09 -1.37556599177829e-09 5.50258939613061e-09 6.69861492473669e-14 6.76716046919809e-14 6.76521519858849e-14 -1.37556466176458e-09 8.25385149506574e-09 5.50259073308599e-09 6.67425128769031e-14 -5.50245591613617e-09 6.6516301244768e-14 -8.25371869960553e-09 6.65039011041327e-14 -8.25371847969789e-09 5.5025902823216e-09 1.10051140555817e-08 -1.10049794773423e-08 1.10051136062728e-08 -5.50245658492573e-09 5.50259028473805e-09 5.50258983751132e-09 -8.25371892328038e-09 -8.25371870286436e-09 2.75132861322637e-09 -5.50245726424707e-09 -8.25371891986335e-09 5.50258936967431e-09 2.75132704781611e-09 -1.10049806009224e-08 -4.12682656456407e-09 1.37569699325471e-09 5.50258982237351e-09 2.75132749382106e-09 5.50258937818726e-09 6.87822055331862e-09 4.12695843656245e-09 -5.50245792274661e-09 -4.12682654491019e-09 -9999 -9999 -9999 -9999 -9999 -9999 -9999 -9999 -9999 -9999
-1.71947512291181e-09 2.75132594718579e-09 -4.47073634021396e-09 1.37569567014332e-09 -2.75119536818455e-09 6.71997701593158e-14 5.50259120839027e-09 -5.50245544324781e-09 8.25385127867104e-09 -2.75119559423276e-09 6.87822121446174e-09 6.64937896459922e-14 9.62948242476537e-09 8.25385148214385e-09 6.8782207691474e-09 6.62787484354982e-14 1.10051135973329e-08 5.5025898189184e-09 8.2538514817616e-09 -2.75119537641023e-09 -5.502456592658e-09 2.75132817212765e-09 2.75132839240464e-09 5.50258983365686e-09 8.25385127263976e-09 5.50259005289282e-09 -1.10049801485391e-08 -2.75119559447056e-09 5.50259028211041e-09 2.75132773219168e-09 -5.50245725387642e-09 8.25385173540583e-09 -2.75119513901689e-09 8.25385173500805e-09 5.50258962665915e-09 5.50258940281853e-09 1.100511334982e-08 9.62948240642647e-09 -9999 -9999 -9999 -9999 -9999 -9999 -9999 -9999 -9999 -9999 -9999 -9999 -9999
5.50258760341987e-09 -6.01774743892205e-10 -3.69694397568662e-09 -1.37556554814071e-09 2.75132773344195e-09 -5.50245724940804e-09 6.62869072436214e-14 6.69767034013547e-14 1.10051136212668e-08 1.10051136054905e-08 -5.50245658476656e-09 6.6730480942334e-14 8.25385171948727e-09 -5.50245636689332e-09 1.10051140621318e-08 6.74127888552102e-14 -5.50245658431633e-09 1.10051140705315e-08 -1.10049801202738e-08 5.50259030041696e-09 1.10051138363647e-08 6.71909456089992e-14 6.63008373292998e-14 -1.10049803525568e-08 -1.10049801318851e-08 -5.50245680690055e-09 -8.25371847011498e-09 8.25385172983065e-09 -8.25371846168291e-09 -2.75119491418083e-09 1.10051129558575e-08 -8.25371846253577e-09 5.5025900741687e-09 -2.75119518307418e-09 -4.12682635259581e-09 -9999 -9999 -9999 -9999 -9999 -9999 -9999 -9999 -9999 -9999 -9999 -9999 -9999 -9999 -9999 -9999
-2.75119782953029e-09 -1.37556710756676e-09 -3.78292030921872e-09 -5.50245814951907e-09 1.37569656629654e-09 6.58399580821167e-14 -5.50245658850502e-09 -5.50245589853659e-09 6.74363960350353e-14 -1.10049796778311e-08 -1.10049805897148e-08 -1.10049796854821e-08 5.50259074732388e-09 -5.50245611451782e-09 -5.50245589946396e-09 5.5025909749055e-09 -1.10049792278093e-08 -5.50245589905955e-09 -5.50245635180311e-09 6.67403830170743e-14 1.1005113833834e-08 6.74111385825564e-14 5.50259006951185e-09 -8.25371869074992e-09 5.50259028958404e-09 5.50258984540171e-09 8.25385150814884e-09 -2.75119513510047e-09 -5.50245702041225e-09 8.25385173797672e-09 5.50258985178385e-09 2.75132818885938e-09 -5.50245706729109e-09 2.75132747360751e-09 -9999 -9999 -9999 -9999 -9999 -9999 -9999 -9999 -9999 -9999 -9999 -9999 -9999 -9999 -9999 -9999 -9999
4.81477201944523e-09 1.33270649499853e-09 2.32144181365688e-09 5.50258849558126e-09 -2.75119560392568e-09 6.60687731420957e-14 5.50259030098827e-09 -5.50245589558134e-09 -5.50245589557432e-09 1.10051142806817e-08 5.50259051290933e-09 6.69633001498054e-14 5.50259050745995e-09 6.71813922513899e-14 -1.10049790172553e-08 -5.50245589494201e-09 -1.1004979683536e-08 -1.1004979005052e-08 5.50259051847242e-09 -5.50245636586403e-09 5.50258984022406e-09 -5.50245681268423e-09 8.25385173144889e-09 8.25385150872364e-09 -5.50245702812079e-09 1.1005113171544e-08 -8.25371846101386e-09 8.25385173805989e-09 -2.75119535784436e-09 2.75132818954751e-09 1.10051133998557e-08 5.50259007357987e-09 1.10051126867077e-08 6.58113269169562e-14 -9999 -9999 -9999 -9999 -9999 -9999 -9999 -9999 -9999 -9999 -9999 -9999 -9999 -9999 -9999 -9999 -9999
1.33270672091186e-09 4.81477224127825e-09 -4.81464346985776e-09 6.87880524886503e-10 5.50258893348912e-09 -1.37556465782047e-09 6.74240464320438e-14 6.7204570149997e-14 6.6960168357765e-14 6.67437606500225e-14 1.10051142702177e-08 6.62811233635071e-14 -8.25371779791721e-09 -1.10049799062519e-08 1.10051133765564e-08 1.10051140551795e-08 -5.50245657936458e-09 5.50259073954005e-09 6.67463927932658e-14 -5.50245702489088e-09 6.62999316306488e-14 5.50259028179984e-09 2.75132817439961e-09 2.75132861764146e-09 5.50259028052917e-09 -8.25371847817991e-09 6.67491474367419e-14 -5.50245680730862e-09 6.6295445220799e-14 -2.75119540225407e-09 8.2538521374816e-09 6.60362909882988e-14 8.2538519120482e-09 8.2538512454206e-09 -9999 -9999 -9999 -9999 -9999 -9999 -9999 -9999 -9999 -9999 -9999 -9999 -9999 -9999 -9999 -9999 -9999
3.43914130140849e-09 -4.81464368851313e-09 3.4397251302604e-10 1.37569610889376e-09 4.12695821699348e-09 6.60551708501452e-14 6.74183513393826e-14 5.50259096790205e-09 1.10051136036769e-08 -8.25371871418861e-09 5.5025898283505e-09 6.69510556862185e-14 8.25385192295536e-09 6.67256816744876e-14 -5.50245682418374e-09 1.10051135995017e-08 1.1005113599672e-08 1.1005113618446e-08 -5.50245635924168e-09 5.50258984937018e-09 -5.50245703349529e-09 -8.25371892019984e-09 5.50258961521871e-09 -8.25371892254815e-09 5.50259027868115e-09 -8.25371847146351e-09 2.75132862448962e-09 -5.50245728531541e-09 2.75132816775497e-09 2.75132814412227e-09 2.75132792104895e-09 2.75132836382494e-09 2.75132836581735e-09 -8.25371828482089e-09 -9999 -9999 -9999 -9999 -9999 -9999 -9999 -9999 -9999 -9999 -9999 -9999 -9999 -9999 -9999 -9999 -9999
2.06351036209466e-09 -5.50245971745496e-09 -3.78292031277656e-09 -1.37556555660964e-09 -2.06338068560245e-09 2.75132817031905e-09 2.75132840279398e-09 6.71903551354543e-14 -8.25371870708898e-09 2.7513279402238e-09 -5.50245705232507e-09 -5.50245661381446e-09 -1.1004980162365e-08 -2.75119515902245e-09 5.50259027729523e-09 -1.10049801422523e-08 -1.10049794538931e-08 6.67534487629857e-14 -5.5024565734703e-09 -5.50245657702999e-09 1.10051136118681e-08 5.50259028391632e-09 -1.10049803613764e-08 -8.25371825533396e-09 1.1005113594236e-08 6.67382908810589e-14 -5.50245724461033e-09 2.75132792621614e-09 2.75132792405548e-09 6.64805917901102e-14 5.50258980615609e-09 -5.50245706628699e-09 -8.25371850591173e-09 6.64836815064964e-14 -9999 -9999 -9999 -9999 -9999 -9999 -9999 -9999 -9999 -9999 -9999 -9999 -9999 -9999 -9999 -9999 -9999
3.43914152652684e-09 -2.75119738873354e-09 2.06351124433747e-09 4.12695777166732e-09 -6.87749967719773e-10 6.60623879744083e-14 -1.10049801474784e-08 -5.50245591641108e-09 8.2538521637161e-09 -2.75119448595426e-09 5.50259051155457e-09 6.71671185666217e-14 5.50259049570992e-09 6.69443834525833e-14 5.50259027251407e-09 6.69544109230483e-14 -1.10049790009739e-08 -1.10049794502858e-08 5.50259030204012e-09 -5.502456798966e-09 5.50259028628994e-09 -2.75119514871405e-09 8.25385150147606e-09 -1.10049801403169e-08 -1.10049803559555e-08 -2.75119536821973e-09 -5.50245681001567e-09 -5.50245706438534e-09 6.67047082487803e-14 6.64830539970686e-14 2.75132836862216e-09 -5.50245706410029e-09 5.50259003180494e-09 -5.50245706345366e-09 6.62645063020434e-14 -9999 -9999 -9999 -9999 -9999 -9999 -9999 -9999 -9999 -9999 -9999 -9999 -9999 -9999 -9999 -9999
5.50258782373055e-09 -3.43901252412592e-09 2.06351102696959e-09 -8.59116119931046e-11 1.03178876598823e-09 -1.37556465703642e-09 4.1269593279745e-09 -5.50245614907023e-09 1.10051140482084e-08 -1.10049801418968e-08 6.7182942397654e-14 5.50259026672404e-09 -8.25371894536521e-09 1.10051138203931e-08 6.71661446759644e-14 5.50259027462341e-09 5.50259071966469e-09 -1.10049799169747e-08 -5.50245637096469e-09 1.10051138265451e-08 6.65246917171077e-14 8.25385151186755e-09 -8.25371891122252e-09 2.75132862708417e-09 -5.50245702137974e-09 -2.75119536736012e-09 8.25385169642813e-09 6.69287437692341e-14 -8.25371850521003e-09 -8.25371872782112e-09 -8.25371872739028e-09 5.50259003039005e-09 -8.25371872739092e-09 -8.25371828216751e-09 2.75132837281979e-09 -9999 -9999 -9999 -9999 -9999 -9999 -9999 -9999 -9999 -9999 -9999 -9999 -9999 -9999 -9999 -9999
