data/pcas/pca_proj/PC03.asc
NCOLS 494 
NROWS 529 
XLLCORNER -117.166666666667 
YLLCORNER -55.5 
CELLSIZE 0.166666666666667 
NODATA_value -3.4e+38 
[rows 154 to 175 of 529, columns 255 to 305 of 494]
-0.254944317319386 0.148185854694711 0.0184830704453569 -0.0345740531664425 -0.367605772654262 -0.222424573634139 -0.246407317344936 -0.871321408854851 -1.36039831467456 -1.29503285456882 -2.19293845549478 -3.65586203505598 -3.65663435088058 -2.35595161895739 -1.13939610187238 -0.316653095827095 -0.277560471349255 -0.838824312557618 -0.953598976848842 -1.10927347981339 -1.01677579209228 -0.921889135606256 -0.798968334463521 -0.853195562666345 -0.789988771639856 -0.781705529156045 -0.716245957152568 -0.710747290634685 -0.69406313965116 -0.736008120651968 -0.72640908076086 -0.740711612669563 -0.69901835931993 -0.72124093946119 -0.708027303694302 -0.750461386690389 -0.745069530605711 -0.773940570676674 -0.791366293826709 -0.845579286182479 -0.885770527040154 -0.898422441633402 -0.954284951481321 -0.987577279385754 -0.942685434094089 -0.951819540316301 -0.995390925769765 -0.584380573236534 -0.899991823602385 -1.53918184868509 -1.33958369612186
-0.15960878933589 0.191378412457664 0.0091546429933755 -0.111515973237513 -0.0186806379286906 -0.242510392120164 -0.455878161449063 -1.51302254845501 -1.13823883700191 -1.16855484991439 -1.47204308824299 -2.51113937827686 -3.70187055878422 -3.74589731547427 -2.56470495230807 -1.2506444175503 -0.431927169403817 -0.584783307510672 -1.01560805641091 -1.13327969040637 -1.01792294056073 -0.910909971632317 -0.842287761286581 -0.836062582763327 -0.767974547335957 -0.814334087327155 -0.764336258268945 -0.71773338901735 -0.721691704116616 -0.733748450210364 -0.728787033985502 -0.727789543262056 -0.727614020218996 -0.726910007003923 -0.724312367622673 -0.664136652653152 -0.657569727825139 -0.695009592696394 -0.664465054568014 -0.780457123111716 -0.809863145085208 -0.875534864561236 -0.88003448890602 -0.897773777153624 -0.868179500750587 -0.82146785402474 -0.705698374182652 -0.617865906442961 -0.956357029801864 -1.55673344043832 -1.30340418905131
-0.0291470883827962 0.258816191881808 0.0998886951419149 0.0195952370823184 0.0380888930020883 -0.0984288894983233 -0.281332161169161 -1.96657264507982 -0.854455585503129 -1.39301478062174 -1.35026774720985 -1.5990151622481 -2.59798738931146 -4.30013030730801 -4.28778210238595 -3.62409206402934 -0.931608812227632 -0.720338056943314 -0.974271695023653 -1.07334584336996 -0.997753945297306 -0.902305736793793 -0.867582854090345 -0.849080880333268 -0.823125575275243 -0.763432942564035 -0.739701058566101 -0.73338303537843 -0.702533713282057 -0.722551228921564 -0.722175401291158 -0.705690026994585 -0.669492539957635 -0.709088241429364 -0.7094281976357 -0.717504005723828 -0.736627946096172 -0.739150806369579 -0.739028993582018 -0.739671083464134 -0.773270313102618 -0.809345060494572 -0.803144508713396 -0.835095866879242 -0.753368927513805 -0.722168844024513 -0.719697591927717 -0.760621737192092 -0.927719082681584 -1.43384645878216 -1.44898405641429
0.177833544805467 0.183224748362602 0.300729497076777 0.228936130179949 0.198433308604731 -0.0633866218498701 -0.552554112312907 -1.7234312305095 -0.920141341926427 -1.34275968332237 -1.89958499864927 -1.91027200202571 -2.07324555539124 -3.63789178954922 -4.78343799029865 -2.85261028486559 -1.41882036659059 -0.947072501985543 -0.896367768471966 -0.947051896994034 -0.864996160072442 -0.79093117575979 -0.826471067810187 -0.812074674071391 -0.806858349298703 -0.783474409919871 -0.747631040410943 -0.698395598767346 -0.70614992063969 -0.70495825225796 -0.718599621185013 -0.69490979752072 -0.652620234121506 -0.675622261022131 -0.712061975276288 -0.719370079500629 -0.730666623451441 -0.714800810144635 -0.724237104636061 -0.723780448457203 -0.773835019699598 -0.764056288433473 -0.752809045208722 -0.695596977427324 -0.680798653724369 -0.707617517309788 -0.920115202449047 -1.16049314478255 -0.880743178344812 -1.11333690063315 -1.12387641125996
0.156160765439717 0.179103656781474 0.140129771021141 0.0972727502281755 0.0890498662046932 0.101800804713231 -0.905500629894964 -0.548549455410923 -1.12268076178357 -1.17112689490866 -2.95341692146713 -2.69476868485116 -2.29467581492319 -4.10781595477308 -3.1098886553479 -0.72555658949131 -0.737871425489599 -0.868461114012169 -0.834696537163449 -0.78097153099071 -0.769968827695638 -0.743453414838333 -0.794144747026734 -0.792532298007312 -0.791218914872793 -0.779828967562136 -0.728879374182996 -0.70453833270988 -0.701586711789466 -0.703894862165687 -0.683801130649293 -0.656722209301454 -0.661256219496298 -0.629853499984473 -0.677145684818484 -0.68819174518872 -0.708787751079242 -0.68733102620511 -0.664370361808631 -0.670759837752222 -0.681892007010719 -0.67038546413319 -0.640689839468986 -0.566540668428268 -0.582421824171422 -0.681986786777825 -0.861316183570578 -1.08291650287858 -1.04549912562324 -0.960928574298331 -0.961992879827363
0.318490177557863 0.180263297446421 0.138604139671114 0.142422413148661 -0.559100917289778 -1.71870167146306 -1.12268722906536 -0.903418242646875 -1.68131339987296 -2.12900402818025 -3.5570556183307 -2.6275596572116 -2.82241832132145 -3.46333640945245 -1.45092047485973 -0.847425250038764 -0.416324972257822 -0.915461260064798 -0.784630357209125 -0.686848847412066 -0.689109578346695 -0.681665086225671 -0.710703428634041 -0.723808237932169 -0.73884903576801 -0.731910031637807 -0.71146898173656 -0.682513983578468 -0.596090617626752 -0.648209688065963 -0.619121887455222 -0.577097085605832 -0.607501747443199 -0.670511555011366 -0.665684761527517 -0.674147220754066 -0.690666180660907 -0.674553553856067 -0.694302748699107 -0.70167388612928 -0.631256067475076 -0.618958074628147 -0.491618993196591 -0.518612403540506 -0.662269125815178 -0.677039350363822 -0.827068218960701 -1.12290222267781 -1.4820003159279 -1.06987700766776 -0.983768963478115
0.312566433677533 0.168347873891357 0.11243357597444 -0.029076278249518 -1.58106447517257 -1.38920813702891 -1.23806537658319 -1.84539879339413 -2.18633486946045 -3.33187767535166 -2.58257182611587 -3.14967410638904 -3.78553565484181 -2.58257264383842 -1.65316652181937 -1.14903104606438 -0.788855571357093 -0.874553656697637 -0.936735238259191 -0.733648358885696 -0.668259121454968 -0.690019309195177 -0.684674202988792 -0.626281757478184 -0.672041814912682 -0.752813444697723 -0.735635883120884 -0.673399754676014 -0.608665140072275 -0.628027155271632 -0.6705527480034 -0.657765033018457 -0.698947510656486 -0.62581779299553 -0.578333004625839 -0.600848138818662 -0.600414828024756 -0.59162912213051 -0.587547233370051 -0.621286119275366 -0.583731742956591 -0.472549434859357 -0.386511394060732 -0.482036548848359 -0.742727918338554 -0.784224164393498 -0.786915564236412 -1.11208092340397 -1.38888420207351 -1.50831437283095 -0.986005352401837
0.264162364691886 0.147585446795312 0.168360189172694 -0.312288792159713 -1.16560060637759 -2.37320506292747 -1.95445121018289 -2.7790160469024 -2.70013485740802 -2.28022859180586 -2.27200260335581 -3.65290331593834 -2.66303706747832 -2.10589450193152 -1.66440325586304 -1.01774831426437 -0.778680762624935 -0.826122319457108 -0.819998736041672 -0.827292091329834 -0.799816605701596 -0.68600774214338 -0.622320205699969 -0.594133068379294 -0.649490205083617 -0.709674243930798 -0.740396852740963 -0.644005969650011 -0.62286922974752 -0.624159731232286 -0.661660914712168 -0.599011190020508 -0.58166282803625 -0.554889092785688 -0.702858351148162 -0.673373332134345 -0.693864962250254 -0.686459943680785 -0.706198449680106 -0.581608588387266 -0.489824069184709 -0.378440437897581 -0.603796258549993 -0.671716403446581 -0.893863780377233 -1.0633123042363 -1.143755879053 -1.36572480933453 -1.58712238354413 -1.16439768100007 -1.22769883941742
0.264027710290925 0.105055903111017 -0.147453669801473 -0.324894180426976 -1.48603141391903 -2.25289577932454 -1.82809654382029 -2.84584962160434 -2.70109887568139 -3.04649252383113 -3.2337394981209 -3.63796604785907 -1.91592400801796 -1.59204477880619 -1.08246605223468 -0.703278672711066 -0.727770210075498 -0.73984438793315 -0.718232434653378 -0.770892607955064 -0.779110700209506 -0.769911784670366 -0.561747799396061 -0.640947026807093 -0.656021102379123 -0.635702569218426 -0.647216289113222 -0.618116562548246 -0.625211108494949 -0.737383864832453 -0.719085073817221 -0.715250440406575 -0.701017524522811 -0.704440182448032 -0.668016848468881 -0.673088376486741 -0.686930726053258 -0.65967098412899 -0.625861441059418 -0.571091580334774 -0.361730613899757 -0.300107387722183 -0.607504178217304 -0.616648860384446 -0.751345201813826 -1.02910194330188 -1.10609312949621 -1.02896452713239 -1.01657772695059 -1.1366834389624 -0.662818173024213
0.137879014423624 -0.209249973224798 -0.524420530892804 -0.885311280156109 -2.20570578916174 -2.224047720101 -2.82244960371333 -2.50073524619572 -2.78706448092379 -3.28941256126388 -3.49340128494732 -2.64176949443917 -1.77559620646738 -1.13416348601758 -0.663921732100674 -0.63423871446638 -0.683978693519817 -0.677210993709139 -0.653296751223898 -0.712075274471592 -0.755132492145175 -0.707487668739889 -0.744106555120277 -0.804272674038142 -0.597217923177297 -0.78120466060643 -0.768290619070571 -0.782530591850288 -0.733708103861686 -0.745377438648704 -0.750666092256181 -0.72876028022302 -0.730537569824001 -0.704146540921267 -0.695003010082043 -0.679902794492409 -0.651787258802773 -0.606900671044407 -0.586863248736368 -0.575550339110058 -0.473184390649936 -0.448998315201219 -0.700720331069796 -0.826882033828366 -0.85124754488516 -0.802078592650314 -0.891238300677631 -1.03513500308248 -1.05142268629528 -1.12124408402102 -0.588530966581371
-0.0317934510217971 -0.361137519302848 -0.825537064924118 -1.79968650090475 -2.72251774237753 -2.33775898861299 -2.4548454965067 -2.29724260806039 -2.37994603076401 -1.87312223523108 -1.81642073828084 -1.27034500112065 -1.16128338646929 -0.662852255879502 -0.570092952753191 -0.624376730319851 -0.641703347924084 -0.655521514216252 -0.639454985826187 -0.66373949420097 -0.64307418464039 -0.633293422204488 -0.712499235375237 -0.714991565629085 -0.750807281709562 -0.765437883421383 -0.752390708904027 -0.793126245655249 -0.754220252714046 -0.739553334908503 -0.737402777547063 -0.709790622330963 -0.695741789668054 -0.645426245226082 -0.675791630330568 -0.685292746373329 -0.611791225322064 -0.583251984636225 -0.538060202539241 -0.522702042892413 -0.461355885047987 -0.588878361869775 -0.804505492745406 -0.745905682118891 -0.728670192096501 -0.884913378535066 -1.2554938403104 -1.03638175381787 -0.74016644159603 -0.55526367096158 -0.491641174041742
-0.551614177991984 -0.787173854793356 -1.10631759881654 -2.45282421355983 -2.1978753250997 -2.2919791380884 -2.08207633791974 -1.85239005340443 -1.87977942774627 -1.4843545935151 -1.41789731890729 -1.03399634403505 -0.685151609137991 -0.618861309284485 -0.537765690407057 -0.557998004415041 -0.602918471740373 -0.624834211810302 -0.620766530209283 -0.623237054314375 -0.564872587507008 -0.605481111793648 -0.699243292510707 -0.76323332445051 -0.736976501344692 -0.756675785607688 -0.733596453429565 -0.760101222697293 -0.709557050083821 -0.683867877467094 -0.674621543497564 -0.666460587842491 -0.640727126647365 -0.601419537535802 -0.627633944691817 -0.612757713739046 -0.577107531347117 -0.516901041307115 -0.519313828588435 -0.440669736207949 -0.361228615107339 -0.552688479198512 -0.762508641653101 -1.13244008918403 -1.16621108285312 -1.31367291056613 -1.10108531440098 -1.09007275431376 -0.704138109851051 -0.48635549984796 -0.423771986057624
-0.80542300189195 -1.13809135398161 -1.95087483076675 -2.17669012602505 -2.18403694303955 -2.62662605179499 -1.88613148667288 -1.89217326843786 -1.37707220742693 -1.09812499845442 -1.17708602680864 -0.623901878062343 -0.561772235212462 -0.504091937950478 -0.455337983409855 -0.480991182527557 -0.555944431023235 -0.488728161587378 -0.520218189696601 -0.559930117262989 -0.566505075744546 -0.604167223567192 -0.674901412093043 -0.696757744124208 -0.72143851776451 -0.745820107538047 -0.749989627697218 -0.714160015809908 -0.695281091697516 -0.649176782588325 -0.706106771250283 -0.66201212678142 -0.663322726825971 -0.630437546715567 -0.605699702980042 -0.562629973258555 -0.543859290011334 -0.383058308958748 -0.411108894543274 -0.516770664702293 -0.487738657949341 -0.614094930009755 -0.693160111109369 -1.01119248270164 -1.03306706880151 -1.27915299257272 -1.49905941269083 -1.32538010771086 -0.843073807639881 -0.508700241130057 -0.437439646103996
-0.963910661401351 -1.24286862847039 -2.07147441171878 -2.04566745813369 -2.55837320732167 -2.81894649658476 -1.78276578696558 -1.47713369198373 -0.88491098971728 -0.689728046581306 -0.526967111821307 -0.386352943051272 -0.448775225735437 -0.428030244772502 -0.423595269795125 -0.408685157772843 -0.492724044036861 -0.436302187189351 -0.468463357596229 -0.502113519160131 -0.531469900865967 -0.638900561988414 -0.75345371668968 -0.851484511748666 -0.783957862043963 -0.783719087469564 -0.757600456542316 -0.689371278509457 -0.680084286149341 -0.663257729828651 -0.658969234603234 -0.666587004840591 -0.612966703816894 -0.655583228970308 -0.59155265917713 -0.555748242124983 -0.501629094764947 -0.412764379733948 -0.500655597518747 -0.453160679280286 -0.343633297435742 -0.495641183698732 -0.470618480402507 -0.588015138883243 -0.678553621447627 -0.828915280515242 -1.33858974828886 -1.3782552712115 -0.794642748233532 -0.524440926822097 -0.339945463604035
-0.229562056193331 -0.713172838354482 -2.1247429767672 -2.2589972447583 -2.13884950313443 -3.20229552308663 -2.31135117382925 -0.955061444355221 -0.730825602552141 -0.483063629192935 -0.475941478045458 -0.387560788986028 -0.36632335697701 -0.310423896826135 -0.381871478385945 -0.323681056555189 -0.387258699384403 -0.482392598757265 -0.553858256795231 -0.633202090148063 -0.630490536278038 -0.770363103317202 -0.709349543222742 -0.806839563487508 -0.775615948512278 -0.783144225923399 -0.788410463394004 -0.727230470565568 -0.71005834467335 -0.60286948890621 -0.669308733153011 -0.647577564501452 -0.621303629767623 -0.579792194428159 -0.563736460655076 -0.509400162685491 -0.50417428083578 -0.484392738475971 -0.494133207030809 -0.41062238144189 -0.34420087733476 -0.275960845955659 -0.282772752588217 -0.480935370223954 -0.523801464882043 -0.764737838836323 -1.06342306748235 -0.948181155617808 -0.333374827224234 -0.24686737262832 -0.314054416008299
-0.15591814286178 -1.06801174573369 -2.31350969677535 -2.51263142315586 -1.54136099087462 -2.16404306792177 -1.61595146355557 -0.578288127299687 -0.479945365277214 -0.355693080251172 -0.352122701544412 -0.357940298606976 -0.343539228084515 -0.33093383642506 -0.374287811359026 -0.354371551307395 -0.447455385696581 -0.61719488920313 -0.701625460679932 -0.723904574303533 -0.722106332702347 -0.744469899346885 -0.73109943607342 -0.737867334614098 -0.747108991883848 -0.765835881923918 -0.736689610455382 -0.741763856303821 -0.656886441142339 -0.61852596786071 -0.605404754455543 -0.582688137057434 -0.574652568469229 -0.585949440425087 -0.514497466168308 -0.497901428744207 -0.510014350470761 -0.446730828716898 -0.409148679685517 -0.40005730374819 -0.325464378658597 -0.296129774923789 -0.210760141637869 -0.288100433079996 -0.491299864906956 -0.792897586610928 -0.641321363229363 -0.453767011363021 -0.180409672479174 -0.0644060496355315 -0.262889444621536
-0.403023448954352 -1.15875347306403 -2.73137221351618 -2.79755070507635 -1.63476991545663 -1.36436457620277 -0.515937000295592 -0.375190094347639 -0.354870555729081 -0.366084849189034 -0.360047051558097 -0.408230196793159 -0.424005030668938 -0.409372283054042 -0.346812617802368 -0.448483641796921 -0.55322496248525 -0.61398331642997 -0.630561539564511 -0.672486152196432 -0.733786503496849 -0.706796111344534 -0.732485873946566 -0.73029615619046 -0.697403133248676 -0.697846316590148 -0.64412941384454 -0.635016217030152 -0.670467240127564 -0.663936099691767 -0.65267816958823 -0.63240090558787 -0.602177318161598 -0.628842160916851 -0.582328333723669 -0.532106596860777 -0.458594088237779 -0.454458752541727 -0.35617735604106 -0.298758445408569 -0.228789073861511 -0.308397143955352 -0.218750798673739 -0.143609535170829 -0.209163098066902 -0.330520201556369 -0.20435352357616 -0.0605265122204597 -0.136594304372017 -0.171091420302989 -0.252748460610086
-0.845038460159928 -1.90238753899912 -3.35518496871218 -3.43790219373361 -2.14762446406192 -0.570066125727939 -0.311276430952417 -0.354425703937675 -0.380157420400339 -0.399900431866082 -0.398145280611805 -0.542553368960923 -0.538125044544576 -0.485876071608432 -0.449259100921108 -0.485250445678563 -0.578275954747126 -0.550450365934575 -0.563762071748534 -0.653165636558664 -0.702186288492959 -0.710381012088989 -0.708540642656099 -0.65865900038497 -0.674589449489334 -0.668276796742115 -0.67212485077741 -0.660577846238381 -0.65726068520609 -0.651910253708047 -0.626350804850091 -0.594086243218235 -0.551162975725936 -0.554854052612762 -0.480153720580198 -0.407223742563424 -0.387717017330935 -0.34440732481578 -0.283153125000706 -0.247725384910509 -0.181756693390079 -0.21020987289931 -0.0492468724658592 0.0430637868687337 -0.0693417686984511 -0.176370024963899 0.0454933875521157 -0.16586092257154 -0.266487092384347 -0.25998880498675 -0.2141888487941
-1.26579061688074 -2.46909179801692 -3.48720504308504 -3.00315247113802 -1.04106986769412 -0.305300972246264 -0.411099068513136 -0.40357533926266 -0.427874389225026 -0.446763178201332 -0.539149461467883 -0.515956293871874 -0.497745759472732 -0.476036166749664 -0.490069582991138 -0.486471003363228 -0.565607063741688 -0.572480723243656 -0.594764854239243 -0.649908858036198 -0.660818392575378 -0.631226510198921 -0.651662823064532 -0.62284544677088 -0.679915073441059 -0.618698819721364 -0.627067426580336 -0.639562334045719 -0.625417508815774 -0.608541878502942 -0.57162360443278 -0.538268116923194 -0.501195412738848 -0.443896921567574 -0.368685349323816 -0.337199149711115 -0.288519667373665 -0.245787673505008 -0.246163687956645 -0.166674843361179 -0.118869320809475 -0.0251368942056286 0.0846278469392168 0.125227843262842 0.100225427848548 0.162403910250167 0.182953221847673 -0.164220277920178 -0.0496431109602475 -0.0173407515013994 -0.222372618275696
-2.00747937347585 -3.25065403559363 -3.05267117033239 -2.33143562833913 -0.827945883941805 -0.322670734914764 -0.424620953834117 -0.481260120620031 -0.48567840376358 -0.48311455566447 -0.559957963317682 -0.493590380573613 -0.397731135741812 -0.410053066139683 -0.357490966785576 -0.459283351207778 -0.493320483105883 -0.505627476610055 -0.607375632134774 -0.609474878361917 -0.543962168552973 -0.610246683626009 -0.611737362732762 -0.63258304352637 -0.621420020782895 -0.619840537570113 -0.607284631459466 -0.609021532474925 -0.59612415101222 -0.560235076498259 -0.514859798376749 -0.477025116646405 -0.43788830976538 -0.405350919511969 -0.358162791020931 -0.308825494868689 -0.233296221538383 -0.289588577332741 -0.269155520497293 -0.112576105774738 -0.0450418742068905 0.0218442805218939 0.152154335756227 0.177009585024656 0.284374316634278 0.348479889497955 0.28251642342845 0.058719674723042 0.209562093548206 0.188979387693951 0.0622855739035313
-2.41206106102124 -2.30696735024152 -2.69908695371397 -1.24704145831174 -0.450410544139041 -0.360121392665595 -0.414144848824944 -0.438298496814679 -0.436012303472551 -0.426915932172799 -0.412930494403051 -0.383858497122779 -0.233785075326803 -0.317046168726755 -0.265642311684614 -0.244577412032161 -0.308246228572016 -0.439846229201786 -0.483363919817105 -0.589505478937364 -0.636965406907817 -0.607603732939274 -0.620074604819625 -0.652160426485105 -0.613702815002144 -0.616205013943361 -0.612422796392589 -0.581808629593024 -0.512273141273125 -0.497736802494506 -0.487992708780769 -0.468145663355806 -0.425705085334641 -0.381770355780744 -0.387598954618081 -0.350085663449842 -0.301819314459234 -0.234438197239556 -0.134833002414017 0.00142265740858896 -0.0186785184005551 0.200873999241308 0.200463163534905 0.281670867289298 0.399026131705928 0.401641203585697 0.39262550008355 0.421391558103511 0.371043116026299 0.377524247752223 0.307342475868797
-1.74714323579672 -1.43861419041557 -1.18015543715431 -0.433011234004531 -0.297978690838282 -0.185642348233362 -0.267992953090132 -0.345741912124537 -0.318195268122956 -0.328646820616279 -0.198140219275229 -0.187468556167718 -0.306156705046483 -0.397284506522721 -0.293488983404872 -0.261064346360382 -0.305615113857738 -0.441929368902325 -0.517461896701352 -0.573522063090501 -0.582663491172749 -0.581508824311296 -0.597765369765161 -0.633547534739268 -0.621266918978292 -0.628862270774612 -0.60026283005826 -0.542202920975556 -0.474175239484329 -0.488204357933507 -0.49642775766405 -0.482370178437133 -0.470270236218001 -0.378358916127636 -0.369615261836368 -0.302240271826326 -0.222410616162627 -0.108140157492789 -0.0960398271026495 0.0205662923701031 0.162487999587724 0.274773136190908 0.245932936454283 0.319575426791556 0.341478915344497 0.356893741499024 0.374018516245555 0.450673098837703 0.395303919235634 0.475492654991987 0.516308930222602
