data/pcas/pca_proj/PC03.asc
NCOLS 494 
NROWS 529 
XLLCORNER -117.166666666667 
YLLCORNER -55.5 
CELLSIZE 0.166666666666667 
NODATA_value -3.4e+38 
[rows 176 to 197 of 529, columns 306 to 356 of 494]
0.526349172487371 0.596111090721613 0.446946189690898 0.301766619728576 0.232525620079452 0.188302467559857 0.421406180609043 0.252761983671753 -0.0806721067535286 0.0208993115707272 0.311680351577495 -0.104930152710521 -0.512385680947676 -0.0459567004365942 -0.0590120251070182 -0.137703104902917 -0.134662637179211 -0.0986069539905615 -0.0994446592372979 -0.10528772748469 -0.115119631841368 -0.145984275052462 -0.122242305141457 -0.16158801905624 -0.212309437410753 -0.273540287319469 -0.342159709110763 -0.345412361276023 -0.650243712067656 -0.763115060736471 -0.909102117519484 -0.953878660321894 -0.960718292542745 -0.989606077147186 -0.870494344519876 -0.914515881394384 -0.996608369397766 -0.992488848340619 -1.06018886396245 -1.2881162538064 -1.16193962785458 -1.14193614003239 -1.46897023973801 -1.23987659468468 -0.918378595263839 -0.879966098600029 -0.894197183617686 -0.806190255879494 -0.841853584984496 -0.817322046476428 -0.835239432194381
0.709337420484049 0.744549228109176 0.609148871660659 0.240329443552157 0.0858173278366069 0.366530268271429 0.506449624838778 0.34165863134063 0.328977544130025 0.389472752767004 -0.000845596033011042 -0.31315760735899 -0.495613713381951 -0.397926229631564 -0.169300439867563 -0.179365835304219 -0.289220210345208 -0.254551921413342 -0.302658199945746 -0.220511895806609 -0.282706467356564 -0.260739422926191 -0.199315760889114 -0.206326313684992 -0.284976565565405 -0.302703626932156 -0.452061742688242 -0.533179776142229 -0.696299459838602 -0.80726443681054 -0.912515127241975 -0.941563359368759 -0.869360820256545 -0.880744296463017 -1.02848615275941 -0.936241981554415 -0.843283990560496 -1.02411830589344 -1.07692284998339 -1.1104299596444 -1.02212562246258 -0.989125468037419 -0.850829577934423 -0.877139526296102 -1.00931942376626 -0.945374671117732 -0.893146582389232 -0.805089545871712 -0.806482939893542 -0.884535648216058 -0.839455886320334
0.778063915020126 0.756596767260998 0.681613122204839 0.36297342370097 0.246455524460109 0.42395269868901 0.379909184280982 0.414744289426179 0.406516074582668 0.403058411210108 -0.138973850197945 -0.370018533304671 -0.481845466391721 -0.384298146060642 -0.221735325999049 -0.245295188465786 -0.13749061462674 -0.192019289807225 -0.1921317315089 -0.230957787887567 -0.263945314566036 -0.320534491792293 -0.385790555358285 -0.409281945144171 -0.413724147429053 -0.377153695913281 -0.527231505589954 -0.504507905960642 -0.574151202394322 -0.789223666394053 -0.849634623139531 -0.820562730975304 -0.919642379061588 -0.846981602090511 -1.04038940004382 -1.07789776643957 -1.10789856473153 -1.11336819131881 -1.05546051749818 -1.08800720908601 -1.06397201481335 -1.00742429382709 -0.824652516883042 -0.940078773041084 -0.988571716831371 -0.91754082395045 -0.952234484131125 -0.893464195118073 -0.8330227347398 -0.817562633464403 -0.86610874505978
0.909269507473385 0.782395506593528 0.712115860626137 0.499429970522631 0.273133808797253 0.292787720838495 0.377896229298909 0.348753283767259 0.405772944124414 0.39625909245246 0.25652895805576 -0.128735356573886 -0.339976822014204 -0.358455523827734 -0.309701812893312 -0.338888564487329 -0.231140324039365 -0.129687232624476 -0.0969608708335938 -0.155020921647164 -0.199746788898048 -0.263989826315159 -0.308912934363829 -0.331196668838875 -0.309043076428403 -0.404589817847237 -0.476309223397193 -0.529067364589399 -0.593741260286635 -0.82093083792753 -0.875522733323809 -0.762278134463748 -0.863895881219723 -0.952956832670023 -1.04074780199257 -1.0796841193822 -1.1172828015048 -1.12563454547562 -1.13723747799027 -1.15066133301514 -1.08311695534359 -1.11735187568133 -0.905484522827979 -1.01326072902906 -0.970261157544821 -0.945101670497902 -0.906307248663025 -0.885597723882208 -0.865962819950216 -0.851889840537281 -0.886903434160009
0.992633981873134 0.842290235594467 0.727021390840922 0.624730114364911 0.428587254096563 0.322960978963297 0.320726928490482 0.408097430415336 0.397623055765654 0.240599646320066 0.227062342956244 0.0570232016129964 -0.226373167219183 -0.319690275994152 -0.26599504562634 -0.310288775685655 -0.378816753906501 -0.342932767821251 -0.215014740027194 -0.213370157754132 -0.208302639910451 -0.381034663388707 -0.386454827143969 -0.391642571225952 -0.385173774339882 -0.399431563841986 -0.44687502243639 -0.550234334773123 -0.705621167994852 -0.817263419178217 -0.889911437129099 -0.881420512511305 -0.966288974012643 -1.00865446814091 -1.0658038116146 -1.09032298269246 -1.12598013400429 -1.13293178611813 -1.16875030801237 -1.1558772071519 -1.1171947778252 -1.02460477372761 -0.94734370163701 -1.01189327625204 -0.984104713499209 -0.960390634840225 -0.920961013712799 -0.901947825551631 -0.882045904021432 -0.860803908411841 -0.854380998926851
1.03408033118361 0.875413928805077 0.789107842291913 0.668092176142476 0.471680040181649 0.409965081047384 0.405560238716543 0.476615293501143 0.464257496584034 0.297206114218302 0.30927379660588 0.272959182761832 -0.0450153911359609 -0.273357519024662 -0.285719497244654 -0.311156870032715 -0.40865365408167 -0.323235818948356 -0.197642141562559 -0.253298276191549 -0.305626705578813 -0.2210258574837 -0.356955537488907 -0.439548244102264 -0.329686879179765 -0.366043701275433 -0.530928812807259 -0.612975169196458 -0.885203024641044 -0.836622308565268 -0.89084858179337 -0.882121512442857 -0.983205222795047 -1.0255570755111 -1.16356427537997 -1.14412324065571 -1.11522938934925 -1.18650170392782 -1.14572970458966 -1.16503066647439 -1.10359230415723 -1.01600396027303 -0.991287948908568 -1.01752148892399 -1.02723436765645 -1.02790193999482 -0.915172804667843 -0.895126954045654 -0.874107933580396 -0.883120615597217 -0.902133176192133
1.01745886146978 0.899847976473058 0.810604609290743 0.699208619103436 0.516286859992609 0.481731161793895 0.439475438396057 0.373361743984982 0.407048531276311 0.408291677629922 0.394011754808307 0.372471949144337 0.296651496166641 0.0955630186904234 -0.0196276701042891 -0.119506371112652 -0.397796674293523 -0.31878968010155 -0.195256646586459 -0.242314228998724 -0.278477556021063 -0.312604793074834 -0.397921478540212 -0.383826023829855 -0.428303365743359 -0.560420769752644 -0.569873887714894 -0.625484306059659 -0.708283171799748 -0.794932392106759 -0.813848169581484 -0.84856635019907 -0.963916314104743 -1.04119987657625 -1.11463167848635 -1.15710226177799 -1.09439727376774 -1.11985587037446 -1.12604333915576 -1.10742780265776 -1.05939219601918 -1.04442547735403 -1.05491355945556 -1.06050068850837 -1.04076706445875 -0.986371126432019 -0.935057627225635 -0.885355946282508 -0.880285459241197 -0.855579348928462 -0.870286565631471
1.02431565568169 0.941900030358341 0.872693792618753 0.805080544593017 0.480873150463547 0.54049310206082 0.506686414994389 0.394328712026147 0.318875587744231 0.377972532305627 0.307503265771981 0.24700887813504 0.162735406799254 0.130744454014345 -0.015051298726223 -0.13710769956719 -0.340559042861279 -0.183434281427483 -0.188402801420483 -0.25535445559984 -0.314281490253146 -0.362096701378792 -0.404687958577286 -0.449941182465535 -0.540506061038875 -0.531173698134843 -0.608303629716869 -0.639015568605566 -0.708251927858708 -0.729989374549421 -0.742698580000776 -0.871298053132523 -1.0309452702793 -1.03808640099035 -1.0700036685287 -1.08687449021131 -1.05369033853237 -1.09169094081415 -1.07652909063278 -1.0371943569491 -1.04552415184905 -1.05170502149202 -1.05623584047587 -1.02440066200987 -1.00936843319522 -0.992739088569062 -0.938027421729882 -0.902138527049054 -0.867008528287065 -0.822148779557336 -0.855158845811245
0.964267128883295 0.955319250967714 0.903337434534413 0.7798003088507 0.5150471590644 0.606844170217762 0.565264239163155 0.439795343204677 0.378950752989051 0.310661675785753 0.2861953743377 0.221930012521549 0.127664538726776 0.0524836750812833 0.130357636700692 0.1346151807279 0.0500449632607538 0.0287022812873593 -0.1431688109817 -0.172969447425151 -0.267226297753255 -0.359757095843502 -0.412066099656849 -0.480862915335447 -0.550999629090345 -0.546959040045701 -0.630599273031379 -0.631303929060702 -0.677794676001464 -0.712586019880831 -0.72214415942945 -0.86533080136027 -0.963578050129486 -0.999999296558452 -1.04024264153538 -1.02838108056961 -1.04909563077614 -1.02678680009563 -1.03650659729646 -1.05791052475944 -1.0754333844207 -1.04402835702094 -1.03258479226658 -1.01448402943871 -0.946151363083944 -0.932750090728701 -0.948772032033788 -0.912201987499254 -0.877030698042594 -0.830419313834978 -0.880889391178947
1.04318273660077 0.976871333586 0.928677864945601 0.695054698512343 0.545567209833339 0.68908813764633 0.529288237214297 0.529620469641448 0.510761381278259 0.436721035718252 0.336124776548881 0.241045448576761 0.116760159063705 0.233694488563319 0.189387269083355 0.115207723352366 0.0415031767801621 0.00536378539857751 -0.106098731514435 -0.165232329914693 -0.30124351227279 -0.42371714551268 -0.430988264130996 -0.543466239947239 -0.692426171817345 -0.873573388875692 -0.999752071091558 -0.609338333515962 -0.667940640074634 -0.696453567967688 -0.756024137513815 -0.822222373681809 -0.877194614107126 -0.92488572492379 -0.945436228076727 -1.02526221223553 -1.04833348012771 -1.03190648282461 -1.02268626312908 -1.01777843071691 -1.01745193938152 -1.00879132544033 -1.04453115385537 -0.961972638820123 -0.919053025109925 -0.88110173084622 -0.908923804807028 -0.86925172328677 -0.841778742626782 -0.83401657002436 -0.839962926410587
1.14404838755504 0.935753647444859 0.913336069414577 0.719198405391931 0.594220017317724 0.598454723809306 0.55444104369445 0.58776649210623 0.476096960276883 0.41556377170032 0.29852079189065 0.15832781035748 0.216609435419736 0.377772634524719 0.255722020831316 0.170304520029707 0.0860073108011143 0.00719179747233167 -0.134694299911983 -0.272043230827621 -0.332903615246366 -0.40680278875885 -0.495540148977092 -0.664602069352191 -0.823532663114856 -0.911170018115815 -0.739358885935403 -0.58137499394245 -0.650177139305349 -0.690002629328867 -0.741210026833319 -0.778841405152291 -0.828453781472031 -0.915037342918989 -0.935199041692852 -0.963756026584813 -0.971960210849485 -0.95700174522078 -0.948608433172184 -1.00225061228957 -1.04070694061649 -1.02380283494548 -0.93797988525927 -0.890727331600605 -0.851441646674758 -0.838156146572849 -0.923697806649491 -0.953001958114251 -0.855618170344546 -0.802893383333576 -0.810911667673564
1.15164828187359 0.99707416517138 0.820109282569554 0.780803181767821 0.675123866599035 0.599836842432882 0.554689137152768 0.532237320024288 0.389814397744717 0.324006557887448 0.324725399625718 0.295014021220978 0.191609557423412 0.298277412497453 0.204237224501596 0.167481639691595 0.0850796119438249 0.00347930751397316 -0.110187393584505 -0.190845147858095 -0.330018448106593 -0.459612484207749 -0.506952410327525 -0.639265918658426 -0.69803479207179 -0.673170545820711 -0.65687713152113 -0.635826904741407 -0.614570975198855 -0.68356725916423 -0.665524682676099 -0.725815769768653 -0.81328115786439 -0.809338366303987 -0.838149630435056 -0.95574590378563 -0.933056798323238 -0.911761235503653 -0.860073427006785 -0.80085251944458 -0.843999588380724 -0.974408358029693 -0.952515447284485 -0.877078090242266 -0.777734614495114 -0.795484918741528 -0.823074348067645 -0.801556183884983 -0.803726106035301 -0.841503533711203 -0.789520443740903
1.24004887854581 1.03148236082669 0.870410603830626 0.815293687797622 0.746335367625013 0.659769202890752 0.571509793891723 0.500554699877133 0.345093285472508 0.498530704704687 0.505353221419096 0.416756619437956 0.248432693105887 0.105868618174402 -0.0332326938285666 0.138114413337218 0.038177438580278 -0.00775452244748569 -0.0837831838814319 -0.207270931841357 -0.322951491733606 -0.417345671877324 -0.468608018960954 -0.590905167779389 -0.509501671766479 -0.537427840312075 -0.59082502632722 -0.612934227146298 -0.656521445695563 -0.639659257852284 -0.582189914534126 -0.682336046871222 -0.713424479440118 -0.806143847388708 -0.828378683785411 -0.799925952297135 -0.818171869868141 -0.784883405203908 -0.778993434662545 -0.756219441192338 -0.71410486017866 -0.66525040270166 -0.802902092643923 -0.823343068720314 -0.761711493066789 -0.791200380391389 -0.770852022326654 -0.811694265966591 -0.880196245300758 -0.850941000330138 -0.753291222776737
1.25505881397257 0.83582839386844 0.906814710535294 0.821313660849643 0.744979360280595 0.689936272387758 0.611200463780473 0.531275741215262 0.599071177019143 0.572606423382192 0.528495060517196 0.412303936490023 0.320151605448729 0.323333993557735 0.149256964799495 -0.214631656841238 -0.357617126074307 -0.0786658694032968 -0.0890393344864326 -0.187678705762097 -0.320854050583983 -0.399149822328623 -0.438581051115419 -0.473063086910088 -0.467262255513724 -0.529285052984433 -0.579175896690475 -0.567137017027985 -0.607828910816916 -0.631422513199608 -0.604944964690883 -0.631812830786886 -0.661265097566132 -0.755423421294941 -0.77666816671396 -0.760831405585631 -0.709431095662689 -0.716044934640027 -0.723796025133063 -0.680666594294536 -0.629114277196357 -0.577801292860751 -0.583527642300757 -0.696475975252031 -0.645962263689046 -0.551316705532381 -0.589652183470669 -0.570474397019489 -0.696653796956548 -0.785909684926483 -0.689837904538086
0.922534692093563 0.461568424884132 0.987676544637227 0.930503734833644 0.772957568243857 0.730703513042294 0.74973693007185 0.725403819994703 0.654561437705896 0.607204105564504 0.547553504797241 0.463149981029168 0.421939253576543 0.378869269948498 0.295954788553735 0.173359401430765 -0.276365808230056 -0.401584968492009 -0.121031338928708 -0.200206960532437 -0.314239389265182 -0.397682439746834 -0.425692788276144 -0.441547215702346 -0.481990038935792 -0.472826368192176 -0.519223705816108 -0.532216277348874 -0.571342701221293 -0.574284653226475 -0.57352227295011 -0.497937733010422 -0.626311822733666 -0.66309282018859 -0.654203413899537 -0.687832007881033 -0.622429176768754 -0.587438692673571 -0.549990623876097 -0.520814988249825 -0.502846448188019 -0.50313452259149 -0.508608236704598 -0.605217883472121 -0.646789291966649 -0.513805954115429 -0.502571823485607 -0.489253967067712 -0.584384491816818 -0.640971383686142 -0.601573470773163
0.682264092168476 0.839088853631254 1.03940302376317 0.804380506765447 0.757778758231764 0.815636170585395 0.828127679082757 0.773186159253104 0.687850756425391 0.654559078413419 0.585384976660131 0.542603383228356 0.480873910733059 0.40580753852432 0.342144787057375 0.277348681531332 0.197829160076198 0.0359179430730166 -0.0667766101419994 -0.141073092372112 -0.225133913494689 -0.292598905660719 -0.362963999302303 -0.370779533004692 -0.420993237692674 -0.439977168319059 -0.451655485267665 -0.500613301267039 -0.494277452915755 -0.491261324880564 -0.480058163035607 -0.476069218981048 -0.534308890941768 -0.560582253430263 -0.552683272350273 -0.555175407141506 -0.525017248191774 -0.473078174719574 -0.434573342956398 -0.406144853541566 -0.375210149021781 -0.365268644067377 -0.368857868867862 -0.445261306221095 -0.506387556057199 -0.418537027942358 -0.384057045555064 -0.377737887617111 -0.41695455370728 -0.519411091875663 -0.489509442866513
1.29635934479545 1.11280911621945 1.028893156219 0.808815714126939 0.593219217141548 0.809529330715089 0.859830702861194 0.795789175016298 0.737779966498273 0.678206871444829 0.620905484550254 0.567456723630651 0.503862312089626 0.455574345848473 0.393275526365151 0.344868157013919 0.320790187151219 0.248565781883853 0.0982778387762641 -0.00878967139876907 -0.138526005342599 -0.22568363285089 -0.239236149052939 -0.285852551311047 -0.348625377253755 -0.368969850165831 -0.384366204826632 -0.43270268114866 -0.399133829862648 -0.391836358411877 -0.375850129331213 -0.413649438917617 -0.417213673274578 -0.429765658006041 -0.400784086270814 -0.411516104115861 -0.390938894870325 -0.366110627603011 -0.32677723312168 -0.302090381109337 -0.278726936355925 -0.260811661660587 -0.26888754426708 -0.278072923723937 -0.269349239605139 -0.296198798165025 -0.289683827239202 -0.25483856665632 -0.267514367579302 -0.31634440693683 -0.361081031328478
1.06698932205399 1.07366985090851 0.846009690038302 0.669429881538668 0.665986143377263 0.742311281060321 0.832826884983604 0.787216930284762 0.757959796431983 0.720277189080939 0.682860234502945 0.630603410533119 0.56202418339135 0.509931357845605 0.462488166251025 0.406838838786973 0.35467695295495 0.248255405251246 0.158032741077774 0.101802367794823 -0.0526183950007299 -0.0575833759784235 -0.137875133533615 -0.164626677103333 -0.252603163425422 -0.26493697307127 -0.327775124995649 -0.291445441636651 -0.282977253891331 -0.273253427842477 -0.260586186709148 -0.305290864707852 -0.251852699037364 -0.268632932325972 -0.275098259680762 -0.29154855806835 -0.296757383193784 -0.243154557885218 -0.218221367779466 -0.185158257950541 -0.157762590529626 -0.204382738000902 -0.225376999575998 -0.201061185455161 -0.17606833717601 -0.182715662371909 -0.181243520226577 -0.162140327917508 -0.16635183519096 -0.1652807272094 -0.202661803476334
1.07111484711851 1.01348520600731 0.90859796476696 0.962250949980761 0.95669312986716 0.84886885078381 0.834272298967303 0.807804775993552 0.773736257321188 0.732327687629708 0.720283789949252 0.692339473225723 0.629028178472073 0.56866046449766 0.520350161522756 0.44619201431721 0.36892063319045 0.284197620449644 0.241848212078123 0.178249987245375 0.0265116386065567 0.0360479820996627 -0.00407015671324748 -0.0823108187137162 -0.13095427786689 -0.163064628118666 -0.215086988517674 -0.1856373613902 -0.165775752861878 -0.158991569524458 -0.163595146267504 -0.177472592350445 -0.12909792398334 -0.13565947332955 -0.152475753107529 -0.158309419394024 -0.154143288475957 -0.0941616130101567 -0.0807015744367951 -0.0900411476930214 -0.0755701236510172 -0.102786547378505 -0.135032856366324 -0.123299375442872 -0.103640351568885 -0.116084880406558 -0.0954067859310992 -0.076642918563943 -0.0788417941325046 -0.0794740381892014 -0.0914901230522524
0.923534744866817 0.810321324721743 0.801093273185305 0.860716471303646 0.834195056297984 0.850211129436595 0.83637751915288 0.822687793007697 0.800355330489269 0.766292722002523 0.765027132462558 0.763225314256023 0.682718041257795 0.615276418157949 0.549756141343212 0.498723168730947 0.414358228425628 0.34268134363972 0.314940330229955 0.249681244356416 0.114538275495215 0.155211769574107 0.106679903744325 0.00802643215747056 -0.0543340062860663 -0.064125400518717 -0.0910855912323317 -0.0376260130254419 0.00520077653003399 -0.0108756332705037 -0.0130613086635275 0.00351958234659352 0.0293943311430275 -0.0164814418422032 -0.0126465129380502 -0.0021921308798219 0.0266109350200293 0.0335483998139356 0.0422982219943221 0.0344828899157158 0.0337235984401505 0.0106568148038044 -0.0400368500002568 -0.0736727877573589 -0.0808748423280231 -0.0571068205519595 -0.0434323701013388 -0.0125287556042087 -0.0339842507309391 -0.0712954244982061 -0.0128751493187639
0.65444320802185 0.678885131532497 0.702235526514608 0.735071179762528 0.783425481098041 0.830853822452521 0.838841710978436 0.83684782598101 0.84094657333823 0.827371290069226 0.816769839791116 0.807281924199858 0.73691191913543 0.667485535691404 0.603798306694272 0.589874020444177 0.475693948114218 0.430555258543678 0.336365490844467 0.293163413939015 0.207644180963904 0.237329316257529 0.19427623929398 0.114657639161259 0.0828214205322464 0.0582394522311121 0.0632065541584399 0.100433347518053 0.132357953109428 0.0955219214936217 0.103086795489755 0.106676976436439 0.177076344060122 0.11001455124705 0.118543096549258 0.152284380249058 0.167443306519425 0.144411667444124 0.111264712777887 0.123296647023227 0.109262669981096 0.098825013834183 0.0925819819699728 0.00402094966927908 -0.0256047749701963 0.00948017801822196 -0.0199516984706216 0.0306938620211605 0.0622822022894944 0.0275061260538738 0.0143684386750616
0.505466329899864 0.568760790335573 0.624581664403136 0.683389183163106 0.74058981171553 0.817036972305831 0.850079284589658 0.876359160333256 0.872625493283663 0.869754678466802 0.867627122994079 0.846044719620623 0.773408205483146 0.725517123702315 0.676825478351285 0.642024553303903 0.558002172401462 0.487160906008059 0.437464736673146 0.364180579502383 0.315013693354421 0.325897343730685 0.269420098794556 0.236665562855018 0.221223666257211 0.234400974908561 0.209636916687265 0.232762272169067 0.242026963401118 0.22787420631605 0.22591663916349 0.220013294464347 0.246184768964713 0.245804586926192 0.239732951336805 0.265316047623596 0.23613005189162 0.205835166785979 0.163902476637132 0.154342528807632 0.150855302899132 0.149785782231921 0.139075295717113 0.0342293620198528 -0.00800507875368105 0.0188436452035434 0.0364797768402239 0.048933206785933 0.0741203293783105 0.0168447904899556 0.0707174658461528
