data/pcas/pca_proj/PC03.asc
NCOLS 494 
NROWS 529 
XLLCORNER -117.166666666667 
YLLCORNER -55.5 
CELLSIZE 0.166666666666667 
NODATA_value -3.4e+38 
[rows 462 to 483 of 529, columns 255 to 305 of 494]
-0.0809249741539607 -0.143338435374013 -0.136590841632356 0.0553824177401296 0.20640216640957 0.369255844452982 0.417543715064824 -3.4e+38 0.0780015768371065 0.168966693917329 0.0853982596798963 -0.141737836318968 -0.159588104021701 -1.25075515096658 -1.06316187397128 -1.0745095996321 -1.36232333695663 -1.46516037770011 -1.2336844476964 -1.31286840946431 -1.29847544253746 -1.21377476686918 -1.18273162835098 -0.873973296883061 -0.599045565670908 -0.562470638380358 -0.570265048200929 -0.547120901818974 -0.478526939161913 -0.38280891761753 -0.739390632190535 -0.617992781610791 -0.233001450482879 0.00565231267287435 0.0316829002923418 -0.118372799767263 -0.466928671394811 -0.0393890231452595 0.0918449671865167 0.110773563360405 0.137027517278008 0.157552980099315 0.0947355689818836 0.0628966948339333 0.0797479865994172 0.0098035394921455 0.0460599742366499 -0.0399336293069213 -0.201942478473108 -0.248745885388277 -0.258482680639312
0.0246392249994431 -0.0280133356423803 -0.0556969591712969 0.105501384618878 0.234650167944007 0.214059013349659 0.466057106723353 0.371482807816798 0.197260699929231 0.0501892825471753 0.00743267646034641 0.0204110469247203 -0.452922905124532 -0.735398924305462 -1.0003693733575 -1.18269357816052 -1.26092499138653 -1.11331946837231 -1.17598433314902 -1.15441854238085 -1.16758386814504 -1.21395266131736 -1.14664301880439 -0.935856018438726 -0.59359387467907 -0.492005479065937 -0.411294579218795 -0.354756689400487 -0.327151217054637 -0.398219655273211 -0.956709625328277 -1.04376454432928 -0.296636542121668 0.0300792661081155 0.0438002583262404 -0.260804137528028 -0.481730584571763 -0.274485817460169 -0.200714520660897 -0.0222234619317745 0.0339349790708716 0.0597565007154311 0.0787263239136891 0.0574683489125197 0.0376112082966106 -0.0282725221955693 -0.0457672135180934 -0.184337716760915 -0.295389669280772 -0.401069586299831 -0.452677102461169
0.0536600996811762 -0.00488917441068351 0.0687039580308451 0.154028292780378 0.253883551929895 0.21871680566363 0.382804737829541 0.207590567814118 0.181160528954814 -0.101376435663813 0.073636165877917 0.0988507756545332 -0.377667206387326 -0.768169365863378 -0.760153254856538 -0.971732818910233 -1.28285406961303 -1.43369494609803 -1.53602131885497 -1.70014899065785 -1.65367462908969 -1.47606230762645 -1.17063602532456 -0.711119740904542 -0.567063474494353 -0.555131699138696 -0.380048536795279 -0.391819487259052 -0.343530799615458 -0.764315144574497 -0.89718484123202 -0.73796796516955 -0.113564824275507 -0.045640894269663 0.00849607911422604 0.00700809589888552 -0.0575646967275672 -0.130329454112836 0.0351270523417982 -0.0176443933299213 0.0204782943694632 0.00120707706068128 0.0106369659287972 -0.00143261335758898 -0.0602032513946891 -0.0575100862754196 -0.222941379112292 -0.336743367995665 -0.387793844136972 -0.464931438662788 -0.492405633116242
0.132401193639589 0.15766118796737 0.17097594161555 0.148098699365691 0.253839767900674 0.336268402051688 0.395697824879912 0.198851661565338 0.0495895812339266 -0.0353626790402747 -0.0644881455752882 -0.553932194331597 -0.501004506404256 -0.57315385506874 -0.702836178553268 -1.09039215233675 -1.430668349563 -1.55470337690022 -1.49511645419456 -1.47067466355109 -1.33730343310223 -1.12213853642789 -0.936807398625772 -0.672678464371003 -0.602713353455389 -0.521374345692583 -0.434514500742994 -0.362306376855413 -0.402491330775118 -0.78303991152068 -0.968748470788147 -0.644576271482198 -0.264904289340397 -0.0625074398032161 -0.0700418860548022 -0.00331804216727489 -0.0143265925841927 -0.0645733423631911 0.0634076523771436 0.0071753309833183 -0.0421906899380202 -0.113647271879857 -0.100745777007361 -0.0439804983938964 -0.0807004561187009 -0.263073178889101 -0.420144149292107 -0.33042571906454 -0.288757911424654 -0.3114555470526 -0.397596460306725
0.271980065031687 0.226725607457511 0.211906595789077 0.248047510129834 0.240949618572406 0.417205021628279 0.439797217465173 0.2902452905298 -0.0871138585070307 -0.342048582928634 -0.32048378974712 -0.7565046108257 -0.613533667735247 -0.900419967300175 -0.942605789905582 -0.849912304824538 -1.22016343062454 -1.32723084093103 -1.45333901452369 -1.4629706358039 -1.25188090331875 -0.992402233648005 -0.848956040819287 -0.77782544375825 -0.673837394149232 -0.526209255278475 -0.424719090575841 -0.328959236076677 -0.236413136068973 -0.486065454631442 -0.806142751247464 -0.593454313048566 -0.408985812223771 -0.134204880897816 -0.202956835966397 -0.291443164982679 -0.178850657089285 -0.133278816032811 -0.131415290312281 -0.293240049328331 -0.325527442216589 -0.194998878685899 -0.0711408336040712 -0.111167929401798 -0.325422476431802 -0.424527540134903 -0.236117548187042 -0.24848185425101 -0.262552103834009 -0.374753466531943 -0.447072361481508
0.221284077420843 0.19850451927569 0.354632661734243 0.321955036158119 0.321643417586448 0.507562181652163 0.350392068822793 0.206507434303739 0.248299081369942 -0.335010890893414 -0.508319684197115 -0.534029885867637 -0.6977014713867 -0.994095549687899 -0.873004429100765 -1.03084766182893 -1.25004066899693 -1.09585763846731 -0.995515502118213 -1.12220565456433 -1.13272711329516 -1.06631477977342 -0.885079888907193 -0.77364440198459 -0.69071080224113 -0.615654284992842 -0.516277812378407 -0.312705920162138 -0.273157844449851 -0.486907489455116 -0.551290267099616 -0.297855671846139 -0.211529115807127 -0.200849615165076 -0.173170878785564 -0.185408422832244 -0.127208405938615 -0.0570335213936275 -0.135988701319259 -0.238041249551241 -0.199541234117288 -0.121254943335885 -0.151827789542688 -0.270029670719081 -0.46289416469208 -0.280702525918001 -0.179438441759524 -0.206906962755984 -0.355102982254117 -0.745580315995699 -3.4e+38
0.28255982712596 0.23854197806727 0.325924014498737 0.394219767046395 0.436367212789609 0.485220247775358 0.427149649890102 0.132689520333868 -0.12808282908083 0.100318170648387 -0.207009129005649 0.0172973932786946 -0.109836016620662 -0.490804427207647 -1.07857968075581 -1.110122000601 -1.24840654683221 -1.45776001052885 -1.23191732556857 -1.14855477686237 -1.19216609784079 -1.07937982347053 -0.910638277670073 -0.759790583164651 -0.62561668842383 -0.503883666485089 -0.439997100343343 -0.355591712832766 -0.231196466323164 -0.358675930897188 -0.466719376419831 -0.397353249665645 -0.336595228466943 -0.339720586306336 -0.222293918114394 -0.296602655480108 -0.0846810452853931 -0.0764757132174174 -0.173402377153641 -0.129808023758467 -0.140817804338413 -0.271038743559675 -0.332912448134776 -0.458933238926044 -0.287526058519341 -0.148073578169242 -3.4e+38 -3.4e+38 -3.4e+38 -3.4e+38 -3.4e+38
0.334786696611224 0.320133562265537 0.345627149158986 0.322729613849134 0.410324208428091 0.401383868043674 0.404765476169643 -0.0372973324300436 0.0272990297543404 -0.189707206414447 -0.417324688032531 -0.416455216337342 -0.388133184734302 -0.848779497736641 -1.14080999253177 -0.863972698586871 -1.14210593981068 -1.20849757860207 -1.16070092397703 -1.14765715218038 -1.1540448230857 -1.0311676033668 -0.889097646259965 -0.742023533238577 -0.615414109040221 -0.497282650073772 -0.40633723890574 -0.341142301907805 -0.241224597271297 -0.229854606822102 -0.55022492790894 -0.558805864939235 -0.237316453829748 -0.166109587452688 -0.156768453540023 -0.354999084977993 -0.148414768011783 -0.118154650315749 -0.112255166942426 -0.192471230056579 -0.432073034717041 -0.525720347582336 -0.516350674641807 -0.425995693006971 -0.236490535499415 -3.4e+38 -3.4e+38 -3.4e+38 -3.4e+38 -3.4e+38 -3.4e+38
0.337283771343096 0.396681018930335 0.486926297911094 0.520137553439217 0.431229887680398 0.440417180538877 0.232768818239314 0.0638674752855387 -0.199506281273618 -0.142577144118738 -0.554318741787053 -0.903060081752414 -0.73970951977787 -0.948985502792683 -0.915948365062543 -0.871457196294702 -1.14715147098855 -1.39562563984704 -1.58937331541933 -1.56041337306468 -1.32081198733016 -0.989930559736311 -0.842667922591288 -0.706147216984178 -0.584688438970031 -0.504800788824817 -0.386146872263574 -0.309732427466998 -0.21869900186436 -0.161564211452713 -0.403970489412406 -0.594915010909226 -0.0823024963608494 -0.0447321462175637 -0.0777306106301001 -0.128852273886606 -0.104282781680438 -0.16899886767356 -0.327147567349711 -0.461212811279016 -0.553794253745101 -0.422722669835332 -0.26205746602487 -0.158036669081821 -3.4e+38 -3.4e+38 -3.4e+38 -3.4e+38 -3.4e+38 -3.4e+38 -3.4e+38
0.258436833961622 0.444754579856335 0.327917543687038 0.440897621368776 0.535847598311625 0.451097166591876 0.20813345676702 0.117659434998057 -0.033377727683574 -0.432257588525152 -1.03065932360328 -0.90030361161893 -1.18505311159738 -1.23849148867089 -1.31437724590108 -1.46323832516799 -1.43143063796699 -1.23111029769806 -1.18558091959262 -1.24796882603672 -1.1586553426706 -1.14895497400202 -1.03706845209913 -0.822083014679647 -0.668072191991127 -0.519759036249266 -0.398841338093803 -0.319689914299827 -0.258573791459826 -0.169531807775143 -0.22840570906406 -0.0609418172565742 -0.075441526497115 -0.120772883253519 -0.0812466801676013 -0.249794426232365 -0.348333727933667 -0.50775839075331 -0.589401060140361 -0.606986985505151 -0.496180899432096 -0.29665541535453 -0.190923329775203 -0.245731187215215 -3.4e+38 -3.4e+38 -3.4e+38 -3.4e+38 -3.4e+38 -3.4e+38 -3.4e+38
0.448289884091222 0.379931829261437 0.350118652772072 0.474692685239704 0.452391873666677 0.33139514434115 0.0400643342935172 -0.0701407333658834 -0.197027458610161 -0.623842401079816 -0.821203197841067 -0.983256320730758 -0.984665088588614 -1.30159181559052 -1.41884919405761 -1.47711048805611 -1.73196392901027 -1.62083088276644 -1.49391891851234 -1.52859723352621 -1.52340174152869 -1.36073541668592 -1.1045563605934 -0.878944551347444 -0.698616499618685 -0.558269182674097 -0.426649530235686 -0.344358008256146 -0.233465934045068 -0.231412080515805 -0.0955677159413784 -0.0474670070451094 -0.106580890929243 -0.0404505189088594 -0.220610526026722 -0.384283712558607 -0.539834782981543 -0.492128450705497 -0.346347484032721 -0.112227409062237 -0.158509245816888 -0.155515623264581 -0.0971422185979089 -3.4e+38 -3.4e+38 -3.4e+38 -3.4e+38 -3.4e+38 -3.4e+38 -3.4e+38 -3.4e+38
0.491844280916916 0.570942114941252 0.428214604801162 0.594285049806404 0.47463559653749 0.336493721641523 0.13526829592699 -0.0697442631193102 -0.365086920952663 -0.733892780785223 -0.871795409315212 -0.874588135172344 -1.32754938896433 -1.3018835476429 -1.41344875546862 -1.3894808331036 -1.47836466999197 -1.46148300311483 -1.13351133795936 -1.16482825711438 -1.16883818099093 -1.12798389470939 -1.04820350032523 -0.871932319405498 -0.725779700660901 -0.537004185378494 -0.425704450328309 -0.314070251518779 -0.287759706832804 -0.302188893188244 -0.157498993039829 -0.07583556317955 -0.0788830895830144 -0.143575236229243 -0.34660136132813 -0.464024893086034 -0.228395118864099 -0.119248293803662 -0.00915524563945557 0.00218354282294829 -0.0666013251325012 -0.0670430805898402 -0.0731613194643556 -3.4e+38 -3.4e+38 -3.4e+38 -3.4e+38 -3.4e+38 -3.4e+38 -3.4e+38 -3.4e+38
0.633690065532302 0.755606244741494 0.669266038246375 0.731459794148471 0.631668244714624 0.356969923182943 -0.126213846929055 -0.159565429628899 -0.106261756282175 -0.427707393148187 -0.891457572402672 -0.738612971210079 -1.26442040218306 -1.49245734363256 -1.57804855692918 -1.64387810783037 -1.33534023010158 -1.39084696431889 -1.43775554999702 -1.27552739108732 -1.11325235794192 -0.923501960447896 -0.864476075013225 -0.760170439076299 -0.613742555098555 -0.499124715338536 -0.316457303963354 -0.0670337198734298 -0.0288857265252646 -0.190765305188067 -0.169330015908992 -0.146480786023119 -0.158700723883901 -0.218738926928326 -0.227363330326776 -0.165839670076693 -0.11022480384233 -0.0144143532806769 -0.0550254019571439 -0.125612002341875 -0.150608043079303 -0.200072148791129 -0.122766915554419 -0.138075801065344 -3.4e+38 -3.4e+38 -3.4e+38 -3.4e+38 -3.4e+38 -3.4e+38 -3.4e+38
0.861923031246645 0.841314707420912 0.815991919411771 0.862207195761743 0.725193564018919 0.0450671785633642 -0.396781879529626 -1.45852409058586 -1.08653923439499 -0.769772106578753 -0.979396380109932 -0.919040860425165 -1.04312559342916 -1.24425206714886 -1.24415437689417 -1.43328721375645 -1.46032784148488 -1.2890034231024 -1.17353152627829 -1.19682196104991 -1.14968299501334 -0.860573169514247 -0.77028461294772 -0.639872193705805 -0.574997219527418 -0.425304379681505 -0.0953782488902098 0.0528086053457325 0.12825875377423 0.121978963065037 0.174613280612141 0.286522510270926 0.0901759619795313 0.0553550591242917 -0.0744845983293525 -0.132980758540343 -0.183179366172678 -0.195617806146361 -0.201665361616935 -0.20781627989732 -0.261081904949092 -0.285555978277638 -0.259104994782019 -0.193016297423766 -0.231501897887455 -3.4e+38 -3.4e+38 -3.4e+38 -3.4e+38 -3.4e+38 -3.4e+38
0.972256569401812 0.906168467374872 1.01857579837898 0.963314825303025 0.508539147512852 -0.084701863159831 -0.834741239017156 -1.3119942071823 -1.07818951600576 -0.848436218046595 -0.779834153840904 -0.826680715800616 -0.865714292889279 -1.14509547322578 -1.45706525393221 -1.61438239845034 -1.50261910369874 -1.36398187555473 -1.37506071341252 -1.37223120402542 -1.19997751751494 -1.13489171835031 -0.890249744073005 -0.670183071457051 -0.591882815868081 -0.251953864775077 -0.183025446163338 -0.288577525117255 0.0866013165096793 0.178451179298572 0.335025677289232 0.329998920841909 0.115328382577884 0.0700527248036225 -0.00183411720758112 -0.0327262213038303 -0.0570066645634625 -0.0647612346750284 -0.12826460797955 -0.20109366258661 -0.223239712957403 -0.282700210613118 -0.312716768902963 -0.341947310598088 -0.346468034420231 -0.357337458169339 -0.395219435780352 -3.4e+38 -3.4e+38 -3.4e+38 -3.4e+38
1.00484680620417 1.01770281311004 1.00629822254819 0.888311296701066 0.466971768319854 -0.0347006412574837 -0.930608073092553 -1.30493725344091 -0.92817093221876 -0.855744830592951 -0.818394447445986 -0.837234224510569 -1.26380295182654 -1.35167513354153 -1.49514677114817 -1.50826850405262 -1.53469112414149 -1.63201061621406 -1.73261214548663 -1.59701444896086 -1.56365921900652 -1.47490175642556 -1.19942154117435 -0.682926553838536 -0.50964243141244 -0.329869329499912 -0.582624475597003 -0.529173853642507 -0.328153579866479 -0.0164952953002238 0.114364971022299 -0.511252417469458 -0.573389721632061 -0.361202449769988 -0.130453747039223 -0.0912712213650292 -0.0933950012640257 -0.112348783255136 -0.119797916769818 -0.124971633517401 -0.224113381947472 -0.286163620891607 -0.304766183196585 -0.362451871107196 -0.407857898345768 -0.452431448575548 -0.479439482187541 -0.447122542547121 -3.4e+38 -3.4e+38 -3.4e+38
-3.4e+38 0.961505952040593 0.925607820948186 0.775739095830351 0.464179386899622 -0.14487304955919 -1.24057662793011 -1.11003404665868 -0.526697231333613 -0.71303989557015 -0.811162672476632 -0.797922287584976 -0.974053767421585 -1.06164962691234 -1.08165523524775 -1.25950156763016 -1.453543762345 -1.49295212182268 -1.76484562378092 -1.47139431042369 -1.44421264856616 -1.29229966531634 -0.862499554612992 -0.597380659664112 -0.427300240491642 -0.434183930943071 -0.845567135511493 -0.787030443808785 -0.511182743202497 -0.343051561040696 -0.0656826925849125 -0.626894995263923 -0.829575393921764 -0.542095166219267 -0.333884407159765 -0.3365802145312 -0.109271048775947 -0.0397033968386764 -0.116351581433488 -0.132559864119086 -0.166359165661189 -0.185574358223344 -0.212698773387299 -0.248562938509578 -0.381486803563608 -0.43679737162749 -0.448122851803235 -0.445815158981194 -0.549017306965557 -0.634431554697302 -0.732680474478541
-3.4e+38 1.3414590026046 0.908314283320885 0.604814841628865 0.417639925789643 -0.352985280270861 -1.02751564449971 -1.35354589082223 -0.451945540232359 -0.753334108520525 -0.749432625045555 -0.819007886975418 -0.814402077710614 -1.02636299490043 -1.08438728735569 -1.07181225420335 -1.00046643597803 -0.776503784424205 -0.835544187945257 -0.834709313661497 -0.785935114244751 -0.627847314393617 -0.531444432367631 -0.513678682398352 -0.40544808636643 -0.497859101727208 -0.819356716150826 -0.443288508017013 -0.244206977683065 -0.409957820172599 -0.353628758326409 -0.48535983951991 -0.514096969005638 -0.813723127983239 -0.795700382664543 -0.239565799881582 -0.0737650468781724 -0.0946188798875941 -0.179806260430618 -0.225220126393752 -0.178716185514155 -0.217443617826068 -0.217301698463392 -0.257162482820378 -0.268520824625547 -0.379103855762247 -0.445575513342928 -0.485702079702748 -0.548876737408484 -0.608944436678961 -0.685438730909286
1.63297154256441 1.39734211286504 0.934460307072501 0.648162692631432 0.317252137714908 -0.0240177477477211 -0.475304117330488 -0.855576977709456 -0.575944338784219 -0.733564224544964 -0.53923732776466 -0.764148598454253 -0.982312688919182 -1.10545690267303 -1.11345135121981 -1.36491547088876 -0.823038514624262 -0.733388618228921 -0.792368837833265 -0.404857397141118 -0.481632438639805 -0.48541528234842 -0.56124512328432 -0.633966989276059 -0.496776912930122 -0.452630915974693 -0.582026955375968 -0.811981229221476 -0.742963516313304 -0.603915101614465 -0.484203334451113 -0.46991050935367 -0.579757643309328 -0.794297106826924 -0.723547758533897 -0.581583516591308 -0.257042147946956 -0.197012428926109 -0.288346658283607 -0.281469495196683 -0.200648206458405 -0.173652090353352 -0.200646582517848 -0.251468184201326 -0.295354486093519 -0.348388974050688 -0.434094003811009 -0.4941929682591 -0.548599116237947 -0.581710117454703 -0.64355592740368
1.66269238863499 1.36456926790573 1.03921750352503 0.767154094653419 0.333491605324309 0.280451704185219 0.192727521289684 -0.406716681890025 -0.484651878177209 -0.312772462345209 -0.587156634360601 -0.887901607380411 -1.06750404983192 -1.3799777907595 -1.54613787450677 -1.56244531530288 -1.18072449604753 -0.680330312817412 -0.617117667710159 -0.653829845724786 -0.697494616606901 -0.798437186249554 -0.664845137682529 -0.562846373875106 -0.411212079072072 -0.407513745023468 -0.369137432250622 -0.402933012503278 -0.681334597543192 -0.579009413862148 -0.524692026697104 -0.487282830057486 -0.495011571432875 -0.689023232322498 -0.477313136067727 -0.33550940799311 -0.217503342387489 -0.138705850649662 -0.143246069054492 -0.145359451801549 -0.131564795554422 -0.116962279979668 -0.201166036805782 -0.254986062079114 -0.31251135427563 -0.339790062365892 -0.43291524312025 -0.480915868646048 -0.546536630795548 -0.567530197905147 -0.627828850220201
1.69109433729283 1.43146752424542 1.24979449249684 0.929413363912931 0.448010440945861 0.283527081661573 0.0421651772722596 -0.0435212519279105 -0.125875034372345 -0.251293637937453 -0.769609882246275 -0.823657422003368 -1.19893463898243 -1.29738599207782 -1.42729491021504 -1.25788154128165 -1.4915287757613 -1.71890798001508 -1.1502335151644 -0.969705896499181 -0.778247941219335 -0.6988546158508 -0.533182878444596 -0.576988484599329 -0.425983213259781 -0.307412183505659 -0.281496334242227 -0.351603740417505 -0.351710987009187 -0.706736715767935 -0.589868448911391 -0.53051900298889 -0.541934879582112 -0.655770307559426 -0.521808898211452 -0.366591333171726 -0.278158242220279 -0.162584743435434 -0.0843463315744582 -0.0729159569274284 -0.0992960152642097 -0.114990005555087 -0.23514882170371 -0.275648596178354 -0.319268776068276 -0.367704776290346 -0.413101727068541 -0.433904867315158 -0.509864168638869 -0.528090038334538 -0.573476977748116
1.6877436065012 1.36003623432839 1.0997299880633 1.06308532533974 0.654553788398895 0.444808397662564 0.364968743381781 0.0654816546851095 -0.273796084742904 -0.570608472513832 -0.650047263371614 -1.04585298081077 -1.01272975409925 -1.29752355566987 -1.37727321673472 -1.23864589424718 -1.09794775027131 -1.4439041542473 -1.28220986308342 -1.08510104478137 -0.81034088172038 -0.716903711149857 -0.499564092592034 -0.457682687234211 -0.344238430903518 -0.202180042404909 -0.262886121619819 -0.326844836060627 -0.359549464741142 -0.641975935255006 -0.682288110716639 -0.647742072460589 -0.565866260770844 -0.681593298456814 -0.42550691983215 -0.216428949088199 -0.111261109614198 -0.0565776169998785 -0.0708668455125271 -0.0602045809970639 -0.0702267603768026 -0.118727182347279 -0.16994966048729 -0.230394657454391 -0.294803681933944 -0.395236639970369 -0.406482215525131 -0.468767350274621 -0.489770430819229 -0.547766695549978 -0.587537857902607
