data/pcas/pca_proj/PC03.asc
NCOLS 494 
NROWS 529 
XLLCORNER -117.166666666667 
YLLCORNER -55.5 
CELLSIZE 0.166666666666667 
NODATA_value -3.4e+38 
[rows 66 to 87 of 529, columns 51 to 101 of 494]
-3.4e+38 -3.4e+38 -3.4e+38 -3.4e+38 -3.4e+38 -3.4e+38 -3.4e+38 -3.4e+38 -3.4e+38 -3.4e+38 -3.4e+38 -3.4e+38 -0.886172510652713 -3.4e+38 -3.4e+38 -3.4e+38 -3.4e+38 -3.4e+38 -3.4e+38 -0.266730413353444 -0.27207706599963 -0.579430519877485 -0.434015432659129 -0.361971556929013 -0.12336709153459 -0.499508277354276 -0.722370830498618 -0.332975317858249 -0.359094563000624 -0.209999130530605 -1.01343874736773 -0.613358204373527 -1.03783467136837 -0.328341649124781 -0.62336119279988 -0.994417491186197 -0.476129801690339 -0.419254387997741 -0.559684640766426 -0.65709363778861 -0.758298808562529 -0.78652729350654 -0.792995411279437 -0.737008392712705 -0.801074795552276 -0.627496084565279 -0.837236006525196 -0.54973393188301 -0.625885214119241 -0.599578384804586 -0.198035274236001
-3.4e+38 -3.4e+38 -3.4e+38 -3.4e+38 -3.4e+38 -3.4e+38 -3.4e+38 -3.4e+38 -3.4e+38 -3.4e+38 -3.4e+38 -3.4e+38 -3.4e+38 -0.924710411684823 -3.4e+38 -3.4e+38 -3.4e+38 -3.4e+38 -3.4e+38 -3.4e+38 -0.390407789821047 -0.644831354525057 -0.65309433476577 -0.379955750268047 -0.228774003324241 -0.205278213755524 -0.725395363809394 -0.695457108040622 -0.0178871752342548 -0.848658740303804 -0.982479619625438 -0.924510152585631 -1.23302403567007 -0.229228939961382 -1.02233386374023 -0.570616415141392 -0.305371183682635 -0.343694642034568 -0.423664052282615 -0.631166565909366 -0.53096382191604 -0.858766707532606 -1.08336903300377 -1.13740824212455 -0.913098204263816 -0.903221104798303 -0.740818475908125 -0.601872634791639 -0.736521754879332 -0.883553595307763 -0.488302004462455
-3.4e+38 -3.4e+38 -3.4e+38 -3.4e+38 -3.4e+38 -3.4e+38 -3.4e+38 -3.4e+38 -3.4e+38 -3.4e+38 -3.4e+38 -3.4e+38 -3.4e+38 -3.4e+38 -0.862995432746995 -3.4e+38 -3.4e+38 -3.4e+38 -3.4e+38 -3.4e+38 -0.28838909210447 -0.548216767017444 -0.545171652900462 -0.6498475869758 -0.625396779449583 -0.594610175403637 -0.404402679916659 -0.441515869876584 -0.661912659539807 -0.639187113236493 -0.557856396194959 -0.729115535754688 -0.565241663958433 -0.663628459330979 -0.682947955639696 -0.384345039738133 -0.308914916609388 -0.364011384936291 -0.430129217525493 -0.409893883776116 -0.415020294251247 -0.672179592933098 -1.2088461117924 -1.07197865239711 -1.13022459408656 -0.756526240653746 -0.614671588247328 -0.576448889305887 -0.683347187016109 -0.895162982364601 -0.797697606242414
-3.4e+38 -3.4e+38 -3.4e+38 -3.4e+38 -3.4e+38 -3.4e+38 -3.4e+38 -3.4e+38 -3.4e+38 -3.4e+38 -3.4e+38 -3.4e+38 -3.4e+38 -3.4e+38 -3.4e+38 -3.4e+38 -3.4e+38 -3.4e+38 -3.4e+38 -3.4e+38 -0.456667366125317 -0.66381911271601 -0.598817025001384 -0.231997463331094 -0.470373820723124 -0.521915398043944 -0.295981653619371 -0.0633256515690256 -0.209534480941992 -0.576808521227127 -0.722241751856609 -0.0810643985780117 -0.611624223123318 -0.696616241901669 -0.545317488250731 -0.52910613643449 -0.464056500344259 -0.502487950970185 -0.554318140371005 -0.525905022828765 -0.389654412093742 -0.401999828279115 -0.624283245352577 -0.922343395849561 -1.43745657185206 -1.0574742154671 -0.69210505666655 -0.659398372297439 -0.753223334879632 -0.844122999421353 -0.961325834702318
-3.4e+38 -3.4e+38 -3.4e+38 -3.4e+38 -3.4e+38 -3.4e+38 -3.4e+38 -3.4e+38 -3.4e+38 -3.4e+38 -3.4e+38 -3.4e+38 -3.4e+38 -3.4e+38 -3.4e+38 -3.4e+38 -3.4e+38 -3.4e+38 -3.4e+38 -0.641643369001294 -0.662579273206787 -0.533243168469166 -0.584676666702344 -0.547259438837859 -0.360198655168695 -0.723338428437104 -0.773423472155367 -0.344742686851363 -0.149272689765081 -0.132011322869865 -0.261344773343504 -0.496419663538189 -0.72016036503274 -0.489026326464873 -0.6382793911315 -0.635803896070095 -0.547806742478929 -0.655683767482062 -0.704059951260185 -0.684542923542086 -0.433870968240116 -0.391468817651292 -0.355051353828141 -0.497947907218517 -0.812654442890186 -1.06263363628144 -0.760684621112483 -0.81025377301696 -0.882600694329606 -1.10710058067365 -1.50007882676592
-3.4e+38 -3.4e+38 -3.4e+38 -3.4e+38 -3.4e+38 -3.4e+38 -3.4e+38 -3.4e+38 -3.4e+38 -3.4e+38 -3.4e+38 -3.4e+38 -3.4e+38 -3.4e+38 -3.4e+38 -3.4e+38 -3.4e+38 -3.4e+38 -0.636441615377735 -0.705433623651647 -0.607871492628787 -0.61052712216148 -0.930226805382817 -0.975698094985267 -0.867655566077862 -0.460817184655933 -0.471565919243721 -0.521052843626538 -0.489949660147749 -0.255668229727121 -0.447238376407147 -0.586990048309406 -0.493111456010257 -0.576371901144959 -0.482702638353428 -0.619596545413034 -0.944534031743566 -0.574022463398173 -0.81591850417814 -0.806048150463674 -0.483552388354989 -0.507139807842962 -0.549618774065609 -0.532321020216349 -0.682702804619967 -1.04486327380652 -0.880630611826221 -0.951967420081114 -1.11003283757068 -0.913030111087212 -0.904113883204465
-3.4e+38 -3.4e+38 -3.4e+38 -3.4e+38 -3.4e+38 -3.4e+38 -3.4e+38 -3.4e+38 -3.4e+38 -3.4e+38 -3.4e+38 -3.4e+38 -3.4e+38 -3.4e+38 -3.4e+38 -3.4e+38 -3.4e+38 -3.4e+38 -3.4e+38 -0.680175840521857 -0.713924867499967 -0.812504538249799 -0.828765181338944 -1.29730557455486 -1.21142870872802 -0.574389008931476 -0.594893106081874 -0.49294914386667 -0.113938429794222 -0.125165550396171 -0.723364605317958 -0.59645253326139 -0.553934838378998 -0.546478915865066 -0.81651448078908 -0.760748648374805 -0.709758496173643 -0.718740267923458 -0.776706644214075 -0.841475179756116 -0.79091065494974 -0.841988476651766 -0.589036621189014 -0.685399427359163 -0.575104123626993 -0.607069740995063 -0.66389076229891 -0.813902771869037 -0.717125773664214 -0.750693719029404 -0.717663651830816
-3.4e+38 -3.4e+38 -3.4e+38 -3.4e+38 -3.4e+38 -3.4e+38 -3.4e+38 -3.4e+38 -3.4e+38 -3.4e+38 -3.4e+38 -3.4e+38 -3.4e+38 -3.4e+38 -3.4e+38 -3.4e+38 -3.4e+38 -0.837508013352194 -0.999248723314852 -0.836863492026509 -0.93653660823606 -1.32462845047695 -1.01860507944457 -0.927983804663166 -1.11112982789011 -0.7671211684644 -0.780619020772309 -0.739414160479122 -0.102939968772319 -0.27322151771831 -0.424545941130759 -0.929529538675586 -0.716545151092145 -0.979763114590823 -0.869772516563787 -0.696359675748906 -0.561196640945368 -0.603551512273027 -0.718592250455388 -0.684728717520329 -0.761694834927223 -0.808109665976961 -0.74416272576429 -0.714719650786898 -0.630585862942332 -0.640492343282029 -1.02762034755201 -0.955159064193907 -0.948685601158307 -1.16677456722319 -1.45778188486934
-3.4e+38 -3.4e+38 -3.4e+38 -3.4e+38 -3.4e+38 -3.4e+38 -3.4e+38 -3.4e+38 -3.4e+38 -3.4e+38 -3.4e+38 -3.4e+38 -3.4e+38 -3.4e+38 -3.4e+38 -3.4e+38 -3.4e+38 -3.4e+38 -0.92291533695988 -0.855290468617386 -0.90623731571883 -0.885476805027045 -0.977247710783758 -1.19224426403874 -1.11209587228627 -0.980390732153498 -0.378669280324106 -0.822794720883476 -0.801537665981156 -0.884829688361032 -0.513389765621265 -1.12865873708188 -1.30122504317382 -1.26089033768562 -1.33054067438821 -1.12002005359711 -0.688741807563845 -0.655740783367555 -0.754015295249766 -0.733244587537292 -0.766285799159418 -0.815449552475306 -0.854839381701236 -0.937364666913985 -0.888816873785837 -0.970814893383054 -0.995924356442277 -1.11254050306502 -1.34027959796411 -1.56917275820558 -1.83289805326083
-3.4e+38 -3.4e+38 -3.4e+38 -3.4e+38 -3.4e+38 -3.4e+38 -3.4e+38 -3.4e+38 -3.4e+38 -3.4e+38 -3.4e+38 -3.4e+38 -3.4e+38 -3.4e+38 -3.4e+38 -3.4e+38 -3.4e+38 -3.4e+38 -0.693421296642996 -0.835744051469819 -0.685624204271581 -0.772684176320842 -0.630246011185994 -0.776188459229497 -1.594435969818 -0.675404628189043 -0.360147884861615 -0.310953717000524 -0.706714947410642 -1.49463100460903 -1.00151787369274 -0.678790763075678 -0.996180930835573 -0.949130737904709 -0.983263348569142 -0.838027812487121 -0.710958054188429 -0.712129603343147 -0.797091666290721 -0.91521304829506 -0.825646333119791 -0.881791880911451 -0.998591901313334 -1.16418062446676 -1.12556704590987 -1.08406527420102 -1.2884367252591 -0.991171947256966 -1.01101178714858 -1.63828169633291 -1.77594920329195
-3.4e+38 -3.4e+38 -3.4e+38 -3.4e+38 -3.4e+38 -3.4e+38 -3.4e+38 -3.4e+38 -3.4e+38 -3.4e+38 -3.4e+38 -3.4e+38 -3.4e+38 -3.4e+38 -3.4e+38 -3.4e+38 -3.4e+38 -3.4e+38 -3.4e+38 -0.501673648090333 -0.707488449134796 -0.760052909476257 -0.497833886485192 -0.491594482539098 -1.10993541014191 -1.01522230869547 -0.528660787626705 -0.449748094441293 -0.723921203441935 -1.32639696523544 -0.488872379658923 -0.955804021259847 -1.1283818862584 -1.0325288887664 -1.09461045355154 -0.907552151598313 -0.806230629974279 -0.83163974691963 -0.796958168251196 -0.917342625341435 -1.01626685316811 -0.922422535819911 -1.03262426122716 -1.38173443227741 -1.35582087036304 -1.31691569931312 -1.31845711977872 -1.44623830404171 -1.6788096426133 -1.20037021819938 -1.53278364676814
-3.4e+38 -3.4e+38 -3.4e+38 -3.4e+38 -3.4e+38 -3.4e+38 -3.4e+38 -3.4e+38 -3.4e+38 -3.4e+38 -3.4e+38 -3.4e+38 -3.4e+38 -3.4e+38 -3.4e+38 -3.4e+38 -3.4e+38 -3.4e+38 -3.4e+38 -0.572887721412801 -0.541871328171668 -0.714804654195247 -0.72697042368467 -0.487711001349423 -0.5235150054262 -0.875280689344569 -0.434376748865902 -0.368965776773471 -0.194976678163863 -0.897870130325394 -1.13672236030951 -0.800971211623388 -0.657232043371421 -0.791745928692313 -1.13963466194753 -1.15695823766697 -0.932784869003672 -1.1115978414046 -1.30783829233294 -1.18982592756791 -1.53437394658994 -1.2727855460538 -1.42421360978066 -1.25909036519153 -1.13892775026028 -1.10216983533495 -1.74289457625473 -2.27218320323081 -2.05612982288525 -1.59515031873061 -2.23922561149997
-3.4e+38 -3.4e+38 -3.4e+38 -3.4e+38 -3.4e+38 -3.4e+38 -3.4e+38 -3.4e+38 -3.4e+38 -3.4e+38 -3.4e+38 -3.4e+38 -3.4e+38 -3.4e+38 -3.4e+38 -3.4e+38 -3.4e+38 -3.4e+38 -3.4e+38 -3.4e+38 -0.560117572653127 -0.718658420310714 -0.678878024875662 -0.557546457194998 -0.664984527482313 -0.667877182384548 -1.2674704696094 -1.28325833176355 -0.384966790654705 -0.889201013723687 -1.84418690020531 -0.499307229340273 -0.613814231921223 -1.06156365815097 -0.886611242706195 -0.745741587744079 -0.802914090974349 -0.924938083703918 -1.37715122776726 -1.38595030094173 -1.61754116743435 -1.4907860801475 -1.27393636542752 -1.27099549535146 -1.26770977094943 -1.60791149243065 -1.22588678398289 -2.08859342493304 -2.06611691877237 -1.65029168946441 -2.47034721057025
-3.4e+38 -3.4e+38 -3.4e+38 -3.4e+38 -3.4e+38 -3.4e+38 -3.4e+38 -3.4e+38 -3.4e+38 -3.4e+38 -3.4e+38 -3.4e+38 -3.4e+38 -3.4e+38 -3.4e+38 -3.4e+38 -3.4e+38 -3.4e+38 -3.4e+38 -3.4e+38 -3.4e+38 -0.772007371269595 -0.687094519579229 -0.643318970311561 -0.585078423632798 -0.525191777128716 -0.714352430173112 -0.836763717148918 -1.37853280605843 -0.826901234680838 -0.992913750158749 -0.669294724619805 -1.05699487576435 -0.767855744168744 -0.625843688467646 -0.443703972426771 -0.575952846077457 -1.40523768975937 -1.69341893577445 -1.15330826967171 -1.25064484240631 -1.4504098877915 -1.62533245193559 -1.82608175005276 -1.42329580942802 -1.44836830603441 -0.709929221164527 -1.49644636683304 -1.31034049689995 -1.22193920171445 -2.09517872568619
-3.4e+38 -3.4e+38 -3.4e+38 -3.4e+38 -3.4e+38 -3.4e+38 -3.4e+38 -3.4e+38 -3.4e+38 -3.4e+38 -3.4e+38 -3.4e+38 -3.4e+38 -3.4e+38 -3.4e+38 -3.4e+38 -3.4e+38 -3.4e+38 -3.4e+38 -3.4e+38 -3.4e+38 -3.4e+38 -0.633741110190988 -0.852824526598776 -0.840022099896332 -0.880142364544113 -0.858144161515679 -1.01528632555237 -0.939452778798244 -0.848184181331852 -0.661077057857977 -0.725406081357412 -1.43308966224368 -1.03391252648384 -0.49621576365745 -0.233393628001242 -0.394052636383019 -1.1129355933914 -1.23626939565498 -0.912001724239191 -0.756082603912241 -1.23347344829284 -1.35658052277927 -1.30601047042366 -1.20525715181575 -0.931382425642436 -0.640649940493254 -0.282830304888116 -0.00482607868676837 -0.958147020715963 -1.5787052319331
-3.4e+38 -3.4e+38 -3.4e+38 -3.4e+38 -3.4e+38 -3.4e+38 -3.4e+38 -3.4e+38 -3.4e+38 -3.4e+38 -3.4e+38 -3.4e+38 -3.4e+38 -3.4e+38 -3.4e+38 -3.4e+38 -3.4e+38 -3.4e+38 -3.4e+38 -3.4e+38 -3.4e+38 -3.4e+38 -3.4e+38 -3.4e+38 -0.922964261070253 -1.01426565064686 -1.07130467443443 -1.14488277228872 -1.02182108674847 -0.993295395499081 -0.953591210394495 -0.960133626752181 -1.13141753257096 -0.916560739717661 -0.53345438897952 -0.276052581309907 -0.396650424719214 -0.448942417443049 -0.60459546749399 -0.592442255573315 -0.721593571592088 -1.13956819085135 -1.18699680941102 -0.648543029753335 -0.549374846388297 -0.47005809172271 -0.122270276520517 -0.0286149296668997 0.16054996640883 -0.36291795741889 -1.15732610426108
-3.4e+38 -3.4e+38 -3.4e+38 -3.4e+38 -3.4e+38 -3.4e+38 -3.4e+38 -3.4e+38 -3.4e+38 -3.4e+38 -3.4e+38 -3.4e+38 -3.4e+38 -3.4e+38 -3.4e+38 -3.4e+38 -3.4e+38 -3.4e+38 -3.4e+38 -3.4e+38 -3.4e+38 -3.4e+38 -3.4e+38 -3.4e+38 -3.4e+38 -3.4e+38 -0.994985422422781 -0.984618711656959 -0.771324684540794 -1.04368055161709 -0.990548928211229 -0.945021312519307 -1.12867779212821 -1.26981454218074 -1.13658964038734 -0.590767269727059 -0.627385950671106 -0.593487509757287 -0.595370441449455 -0.605281904906055 -0.764074039653556 -0.782664491271448 -1.12234309792906 -0.655881646546505 -0.408363760628191 -0.344348093992077 -0.247510724525367 0.116797619098308 -0.110338054671106 -1.04381057918459 -0.839767093069703
-3.4e+38 -3.4e+38 -3.4e+38 -3.4e+38 -3.4e+38 -3.4e+38 -3.4e+38 -3.4e+38 -3.4e+38 -3.4e+38 -3.4e+38 -3.4e+38 -3.4e+38 -3.4e+38 -3.4e+38 -3.4e+38 -3.4e+38 -3.4e+38 -3.4e+38 -3.4e+38 -3.4e+38 -3.4e+38 -3.4e+38 -3.4e+38 -3.4e+38 -3.4e+38 -3.4e+38 -3.4e+38 -0.711022163589414 -0.92198824603529 -1.09252383298126 -1.2257847990563 -1.18217906977872 -1.31951031334043 -1.69764601715582 -1.21155547535212 -1.42566905329255 -1.20344851080097 -0.901813088902485 -0.930980859225661 -0.902428724526334 -0.91296442868555 -0.938666178555348 -0.964706990126094 -0.682483563237275 -0.384980466707483 -0.34501183656053 -0.152063645609591 -0.172095181287306 -0.304730042712995 -0.469957686290845
-3.4e+38 -3.4e+38 -3.4e+38 -3.4e+38 -3.4e+38 -3.4e+38 -3.4e+38 -3.4e+38 -3.4e+38 -3.4e+38 -3.4e+38 -3.4e+38 -3.4e+38 -3.4e+38 -3.4e+38 -3.4e+38 -3.4e+38 -3.4e+38 -3.4e+38 -3.4e+38 -3.4e+38 -3.4e+38 -3.4e+38 -3.4e+38 -3.4e+38 -3.4e+38 -3.4e+38 -3.4e+38 -3.4e+38 -0.995005325958018 -1.2731801879673 -1.09262611088536 -1.34844823049562 -1.60372555454457 -1.4101493022972 -1.25402425295526 -1.35419017751041 -1.34292913895356 -1.29309478017867 -1.26865176153776 -1.02596693424629 -1.10252270779374 -1.10198332561398 -1.10112519887983 -0.804287156721299 -0.562083876959121 -0.163830809673073 -0.10293887638853 0.0649016563753724 -0.520439664300333 -0.545179986238589
-3.4e+38 -3.4e+38 -3.4e+38 -3.4e+38 -3.4e+38 -3.4e+38 -3.4e+38 -3.4e+38 -3.4e+38 -3.4e+38 -3.4e+38 -3.4e+38 -3.4e+38 -3.4e+38 -3.4e+38 -3.4e+38 -3.4e+38 -3.4e+38 -3.4e+38 -3.4e+38 -3.4e+38 -3.4e+38 -3.4e+38 -3.4e+38 -3.4e+38 -3.4e+38 -3.4e+38 -3.4e+38 -3.4e+38 -3.4e+38 -1.18573108594364 -1.21579361734603 -1.24185854982687 -1.45375487744979 -1.63685465349043 -1.32612155919161 -1.59934012878646 -1.38480940008039 -1.25437298186757 -1.24041951921585 -1.27695900794035 -1.25796991805429 -1.33634452392775 -1.17143228680113 -1.03661720079472 -0.782241358653228 -0.452978536376517 -0.243695695088203 0.0339783419206031 -0.168756709388751 -0.0597539944823985
-3.4e+38 -3.4e+38 -3.4e+38 -3.4e+38 -3.4e+38 -3.4e+38 -3.4e+38 -3.4e+38 -3.4e+38 -3.4e+38 -3.4e+38 -3.4e+38 -3.4e+38 -3.4e+38 -3.4e+38 -3.4e+38 -3.4e+38 -3.4e+38 -3.4e+38 -3.4e+38 -3.4e+38 -3.4e+38 -3.4e+38 -3.4e+38 -3.4e+38 -3.4e+38 -3.4e+38 -3.4e+38 -3.4e+38 -3.4e+38 -3.4e+38 -1.1853059694136 -1.28328212465897 -1.31146699668988 -1.31596942706929 -1.18729491234075 -1.45029950289 -1.50454020866405 -1.4253988483518 -1.43314344131595 -1.46829646518156 -1.38789093955987 -1.51037216314961 -1.59631843298219 -1.3663536925076 -0.946218866184875 -0.669582639463854 -0.380236251516487 -0.189709926041248 -0.0635678845383823 -0.230331332022619
-3.4e+38 -3.4e+38 -3.4e+38 -3.4e+38 -3.4e+38 -3.4e+38 -3.4e+38 -3.4e+38 -3.4e+38 -3.4e+38 -3.4e+38 -3.4e+38 -3.4e+38 -3.4e+38 -3.4e+38 -3.4e+38 -3.4e+38 -3.4e+38 -3.4e+38 -3.4e+38 -3.4e+38 -3.4e+38 -3.4e+38 -3.4e+38 -3.4e+38 -3.4e+38 -3.4e+38 -3.4e+38 -3.4e+38 -3.4e+38 -3.4e+38 -3.4e+38 -3.4e+38 -3.4e+38 -1.28799091430961 -1.30143256324655 -1.3833005291553 -1.34157541174356 -1.31650364979974 -1.339086486652 -1.48289445493605 -1.57589260409812 -1.48429505600892 -1.652498652368 -1.58605727193102 -1.17626922421484 -0.992989573712075 -0.774225554722185 -0.601701847845981 -0.3647017693584 -0.47286573402485
