data/pcas/pca_proj/PC08.asc
NCOLS 494 
NROWS 529 
XLLCORNER -117.166666666667 
YLLCORNER -55.5 
CELLSIZE 0.166666666666667 
NODATA_value -3.4e+38 
[rows 368 to 390 of 529, columns 255 to 305 of 494]
-3.4e+38 -3.4e+38 -3.4e+38 -3.4e+38 -3.4e+38 -3.4e+38 -3.4e+38 -3.4e+38 -3.4e+38 -3.4e+38 -3.4e+38 -3.4e+38 -3.4e+38 -3.4e+38 -3.4e+38 -3.4e+38 -3.4e+38 -3.4e+38 -3.4e+38 0.888524686625163 0.736296363965898 0.76606244286979 0.799625257473709 0.787665762709932 0.697924808386117 0.506910820221513 0.281412399248816 -0.0539004811908618 -0.060756038383034 -0.289552768098236 -0.897407077836619 -0.95414089065317 -0.737016961521538 -0.637014206587457 -0.656572389549311 -0.409387276103515 -0.261278010974022 -0.2204789938405 -0.181564257394828 -0.154689640107525 -0.46862655498878 -0.357366022743157 -0.302515937332905 -0.315551864316743 -0.376209141885174 -0.523737867112231 -0.346814534025926 -0.34505672409979 -0.338677179061837 -0.33687394788674 -0.35883597592135
-3.4e+38 -3.4e+38 -3.4e+38 -3.4e+38 -3.4e+38 -3.4e+38 -3.4e+38 -3.4e+38 -3.4e+38 -3.4e+38 -3.4e+38 -3.4e+38 -3.4e+38 -3.4e+38 -3.4e+38 -3.4e+38 -3.4e+38 -3.4e+38 0.963163948070146 0.914803960064507 0.807771770219117 0.797849402071456 0.832470599380884 0.832003529776971 0.454339823509144 0.428481251540332 0.380701624080047 0.204912612865022 -0.0624324687863911 -0.225902182511791 -0.88366319667511 -0.891175325359555 -0.691290968012416 -0.696256254485719 -0.592074346111203 -0.475954642911493 -0.423949890648607 -0.392434821267026 -0.163634004035501 -0.356583724900547 -0.437623232202194 -0.566956269325497 -0.359963242872972 -0.361764117006068 -0.402962553560383 -0.546675155740025 -0.355516002346656 -0.351385018309024 -0.343309165651301 -0.336981589802974 -0.332146251055012
-3.4e+38 -3.4e+38 -3.4e+38 -3.4e+38 -3.4e+38 -3.4e+38 -3.4e+38 -3.4e+38 -3.4e+38 -3.4e+38 -3.4e+38 -3.4e+38 -3.4e+38 -3.4e+38 -3.4e+38 -3.4e+38 -3.4e+38 -3.4e+38 0.963790525414995 0.947562661218763 0.823311736062241 0.855979788874895 0.926567239649552 0.894259399933294 0.502346724259833 0.239709993701424 0.0686112385000066 0.138406308877073 -0.00652417370405728 -0.229547833383661 -0.724637820136877 -0.870933790435186 -0.749821405437466 -0.601807952232087 -0.682527569857701 -0.386968808391342 -0.395887378180781 -0.401393889271632 -0.385486374897461 -0.363930907619726 -0.598372186237706 -0.614124793308092 -0.375878985558772 -0.352299730623495 -0.377263269133969 -0.392236676099499 -0.381229354250121 -0.371000616774609 -0.341840979670319 -0.337456907128332 -0.339796067708366
-3.4e+38 -3.4e+38 -3.4e+38 -3.4e+38 -3.4e+38 -3.4e+38 -3.4e+38 -3.4e+38 -3.4e+38 -3.4e+38 -3.4e+38 -3.4e+38 -3.4e+38 -3.4e+38 -3.4e+38 -3.4e+38 -3.4e+38 -3.4e+38 0.874361323958096 0.985481372524401 0.92350689292357 0.865043701916328 0.905283785810164 0.936061054346731 0.327976437791078 0.320267458618142 -0.104260925727457 -0.0144506022725974 -0.0790169122298725 -0.181592909643575 -0.849712393946342 -0.901784036778012 -0.761700120802854 -0.622129541532979 -0.614099845403601 -0.336274041196523 -0.43010167264046 -0.40020690219758 -0.364036912578994 -0.364620991833348 -0.404214948412814 -0.402153877581935 -0.376212928645622 -0.370509073391543 -0.39304304704925 -0.376886233777741 -0.384357168609551 -0.341880887575465 -0.347676472446287 -0.344169350070313 -0.334858864562949
-3.4e+38 -3.4e+38 -3.4e+38 -3.4e+38 -3.4e+38 -3.4e+38 -3.4e+38 -3.4e+38 -3.4e+38 -3.4e+38 -3.4e+38 -3.4e+38 -3.4e+38 -3.4e+38 -3.4e+38 -3.4e+38 -3.4e+38 -3.4e+38 -3.4e+38 0.904410639938039 0.974206640683225 0.919419666482074 0.973256732377039 0.935546346610519 0.481449507855377 0.0577100357017329 0.0292377561861934 -0.155901709617913 -0.111727043137711 -0.166027595132891 -0.689014487303468 -0.909029650102747 -0.719439534301379 -0.682348247897681 -0.597636689421726 -0.329460624641459 -0.448033365071144 -0.41565830455224 -0.395266495557707 -0.388534458513446 -0.362051100168301 -0.38773500695369 -0.351536532937213 -0.372647796188071 -0.366206833329802 -0.406788313000609 -0.357532302938214 -0.335769976054814 -0.340901678838583 -0.335064452303376 -0.321960126884464
-3.4e+38 -3.4e+38 -3.4e+38 -3.4e+38 -3.4e+38 -3.4e+38 -3.4e+38 -3.4e+38 -3.4e+38 -3.4e+38 -3.4e+38 -3.4e+38 -3.4e+38 -3.4e+38 -3.4e+38 -3.4e+38 -3.4e+38 -3.4e+38 0.956324457750448 0.997630043808252 0.951354411707126 0.936344768689943 0.976153426857627 0.835062444778181 0.513950592848696 0.11913265551107 -0.0313746989507608 -0.0436102473804543 -0.144652545278282 -0.146037017761048 -0.0595015096898114 -0.276886156152305 -0.719773791835697 -0.766543551735825 -0.593798063154927 -0.51656235136748 -0.435555706386816 -0.416570750402054 -0.399571671195618 -0.186981591301228 -0.373393323300761 -0.382287485242472 -0.417731552121605 -0.341467561095796 -0.359343474451381 -0.389787243125562 -0.352128661344748 -0.336655140263201 -0.335204782227952 -0.332754240863141 -0.3214839618978
-3.4e+38 -3.4e+38 -3.4e+38 -3.4e+38 -3.4e+38 -3.4e+38 -3.4e+38 -3.4e+38 -3.4e+38 -3.4e+38 -3.4e+38 -3.4e+38 -3.4e+38 -3.4e+38 -3.4e+38 -3.4e+38 -3.4e+38 -3.4e+38 -3.4e+38 1.03064163073163 1.04237109657187 1.00401005259474 1.00223304310274 0.895281988684927 0.540150677047736 0.428521823387919 -0.0760809332166809 -0.0965096705478367 -0.119304882121257 0.0159997004340001 -0.126152177831786 -0.751777433935071 -0.722299943417477 -0.63087059866202 -0.623642433571976 -0.407312616243526 -0.475805428689626 -0.209806302972221 -0.393905233826087 -0.164777004888094 -0.395173165937405 -0.372999856348651 -0.415888527665548 -0.397404903798346 -0.357845596017323 -0.376162410315495 -0.344026717087876 -0.336439068686274 -0.332370312999202 -0.427357770971915 -0.427760474431151
-3.4e+38 -3.4e+38 -3.4e+38 -3.4e+38 -3.4e+38 -3.4e+38 -3.4e+38 -3.4e+38 -3.4e+38 -3.4e+38 -3.4e+38 -3.4e+38 -3.4e+38 -3.4e+38 -3.4e+38 -3.4e+38 -3.4e+38 -3.4e+38 -3.4e+38 1.11596457950564 1.13179396056785 1.09836314142565 1.04729041479664 1.07313316941184 0.82545858285297 0.501212237822111 0.454957240072752 0.166077928962463 -0.118609076966597 -0.0287940261170154 -0.232714686065072 -0.678244078733105 -0.621195723937458 -0.539228899784951 -0.592770936479407 -0.549234951088331 -0.479408239620987 -0.406494173536032 -0.385327917769369 -0.386437800485685 -0.397739440122957 -0.391225101802734 -0.394196037305809 -0.422422071627423 -0.35538894058878 -0.340204249902933 -0.341271071146271 -0.430766471941042 -0.4222328444445 -0.414743536014578 -0.417589093687802
-3.4e+38 -3.4e+38 -3.4e+38 -3.4e+38 -3.4e+38 -3.4e+38 -3.4e+38 -3.4e+38 -3.4e+38 -3.4e+38 -3.4e+38 -3.4e+38 -3.4e+38 -3.4e+38 -3.4e+38 -3.4e+38 -3.4e+38 -3.4e+38 -3.4e+38 1.12042764005339 1.16716661337007 1.06196319923377 1.07537830538349 1.15104055828509 0.837407092196982 0.641571619025807 0.354889396546489 0.384218288040139 0.172951251773946 -0.12798461701033 -0.18283746578691 -0.757645746582143 -0.56361925098248 -0.461616857986991 -0.520458439723383 -0.487899021859042 -0.42726770341161 -0.391610609549412 -0.400284986333731 -0.368967760214036 -0.398676112678014 -0.39029312570455 -0.415330618885188 -0.397886860886547 -0.393827095342115 -0.450579375314584 -0.436257770203736 -0.427413845960334 -0.41011592328676 -0.408215803721475 -0.410686059484087
-3.4e+38 -3.4e+38 -3.4e+38 -3.4e+38 -3.4e+38 -3.4e+38 -3.4e+38 -3.4e+38 -3.4e+38 -3.4e+38 -3.4e+38 -3.4e+38 -3.4e+38 -3.4e+38 -3.4e+38 -3.4e+38 -3.4e+38 -3.4e+38 1.12477259664927 1.17759867450647 1.11073192707291 1.0604919786652 1.09401323538752 1.04814202847106 0.690798664964821 0.532922072339817 0.406166455076352 0.368359653355892 0.0587127476208487 -0.0536971469995268 -0.688102126166791 -0.754899285038978 -0.555955171407581 -0.481298484091157 -0.612943960008317 -0.466423195065281 -0.435677873523814 -0.39789760472405 -0.163688408918335 -0.380946858941707 -0.390568835147139 -0.380440035765786 -0.402524638099039 -0.489823038057927 -0.484634929006455 -0.460762809457975 -0.443472777853696 -0.425047464422939 -0.404379756721032 -0.408419411994883 -0.411343202869646
-3.4e+38 -3.4e+38 -3.4e+38 -3.4e+38 -3.4e+38 -3.4e+38 -3.4e+38 -3.4e+38 -3.4e+38 -3.4e+38 -3.4e+38 -3.4e+38 -3.4e+38 -3.4e+38 -3.4e+38 -3.4e+38 -3.4e+38 1.02940773255849 1.12866187362077 1.17938246571727 1.14870420951251 1.19513509596688 1.14458100826146 1.07700967589519 0.681445121067955 0.454519287860494 0.387364398289898 0.299120378824895 0.24485331814824 -0.121828429206695 -0.699712443219826 -0.772602783726146 -0.608180079291454 -0.579844485837023 -0.689071372919519 -0.472507050819703 -0.449988342509513 -0.427225044190761 -0.423847011500894 -0.405386948722606 -0.350114617025759 -0.440054745795828 -0.506590535566689 -0.496164393385471 -0.481694625150065 -0.465235855456344 -0.448811773554304 -0.390856290927314 -0.420254801649419 -0.459245679122997 -0.423644416623546
-3.4e+38 -3.4e+38 -3.4e+38 -3.4e+38 -3.4e+38 -3.4e+38 -3.4e+38 -3.4e+38 -3.4e+38 -3.4e+38 -3.4e+38 -3.4e+38 -3.4e+38 -3.4e+38 -3.4e+38 -3.4e+38 -3.4e+38 1.051809448701 1.14700050527502 1.20512256297183 1.25066157957269 1.24266652555537 1.12728034414781 0.971964515306888 0.617739069468248 0.472878066146876 0.402435848142409 0.418494253360292 0.313750597108297 0.00949013030758433 -0.0572526925962512 -0.815149024586119 -0.635261269363172 -0.651199637070493 -0.690418312861387 -0.489005996205865 -0.459017349899839 -0.425755437982394 -0.419887203919259 -0.395463825658912 -0.458426671610509 -0.532847469830016 -0.514126459860894 -0.491786117006809 -0.426534511315916 -0.46485445055629 -0.446207486129164 -0.397044354469909 -0.44268895530072 -0.489753496157851 -0.440219818490726
-3.4e+38 -3.4e+38 -3.4e+38 -3.4e+38 -3.4e+38 -3.4e+38 -3.4e+38 -3.4e+38 -3.4e+38 -3.4e+38 -3.4e+38 -3.4e+38 -3.4e+38 -3.4e+38 -3.4e+38 -3.4e+38 -3.4e+38 1.06149054458098 1.17886772503103 1.26487691883683 1.24510418797291 1.2528628245146 1.25778475604244 1.12572826994447 0.95412238987866 0.529416985973547 0.457315982388 0.452178668598948 0.322588087543843 0.166581301480222 0.143858894938007 -0.819984701860102 -0.731552946534366 -0.681617152652886 -0.638709203666727 -0.566271011991621 -0.465692438062629 -0.428783076443667 -0.430620260371445 -0.495789427120211 -0.479557107268289 -0.542174840872834 -0.572009191975882 -0.458727035749199 -0.417941900042512 -0.411174104821158 -0.40733062367253 -0.413263784008002 -0.494476167312707 -0.418177936596505 -0.457414919750643
-3.4e+38 -3.4e+38 -3.4e+38 -3.4e+38 -3.4e+38 -3.4e+38 -3.4e+38 -3.4e+38 -3.4e+38 -3.4e+38 -3.4e+38 -3.4e+38 -3.4e+38 -3.4e+38 -3.4e+38 -3.4e+38 -3.4e+38 1.08778665432033 1.1360169018126 1.2091944266033 1.21604298259131 1.23166285574916 1.17280883249757 1.09533828572629 0.927232703723377 0.639139157932438 0.457378654372921 0.551654474782423 0.505961613555579 0.264722033023916 -0.586300601180875 -0.759654503889053 -0.811433720222427 -0.786181293329402 -0.675915768975188 -0.600130110664093 -0.504861658561656 -0.443647474818231 -0.527149421668161 -0.555503369752679 -0.49192270078216 -0.466376738436828 -0.518666993361252 -0.573941911896536 -0.411109371773377 -0.403593061639957 -0.407423237925472 -0.423508509009637 -0.530014898488904 -0.490559683005544 -0.45713646900928
-3.4e+38 -3.4e+38 -3.4e+38 -3.4e+38 -3.4e+38 -3.4e+38 -3.4e+38 -3.4e+38 -3.4e+38 -3.4e+38 -3.4e+38 -3.4e+38 -3.4e+38 -3.4e+38 -3.4e+38 -3.4e+38 -3.4e+38 -3.4e+38 1.11584821931132 1.15848379632484 1.16924809311784 1.24989240744548 1.14614618146864 0.971827301930855 0.809566069685452 0.660352766962278 0.551437804159865 0.589881876401734 0.39560624774229 0.41539978357804 -0.5510039412096 -0.747828857900573 -0.815619885981351 -0.751151326665862 -0.767315369849447 -0.586444515775216 -0.508068667587942 -0.58927506563544 -0.576681514473533 -0.510168229597049 -0.605462240975733 -0.470632781785118 -0.482724225477999 -0.576997033467967 -0.416858237761816 -0.399625689679364 -0.40452312627576 -0.431410060070823 -0.472369529877323 -0.442302107207931 -0.468648918554946
-3.4e+38 -3.4e+38 -3.4e+38 -3.4e+38 -3.4e+38 -3.4e+38 -3.4e+38 -3.4e+38 -3.4e+38 -3.4e+38 -3.4e+38 -3.4e+38 -3.4e+38 -3.4e+38 -3.4e+38 -3.4e+38 -3.4e+38 -3.4e+38 1.11601640697912 1.12040388661298 1.16723574640637 1.1664053265509 1.03156261107501 0.804527061472005 0.759747345239356 0.609177579876418 0.41505880605713 0.411474204507038 0.339973622493867 0.35696597105656 -0.555165012088727 -0.702369729898054 -0.658933319290501 -0.792368972793024 -0.823267317391904 -0.571360944426809 -0.591499471251704 -0.616982455468936 -0.587202035815626 -0.620390866244064 -0.717629322825556 -0.543400034197772 -0.468413054460659 -0.577919761415717 -0.409955767907073 -0.401041826326857 -0.404506521382946 -0.419502566523971 -0.422766141921733 -0.427686656736904 -0.48089108140461
-3.4e+38 -3.4e+38 -3.4e+38 -3.4e+38 -3.4e+38 -3.4e+38 -3.4e+38 -3.4e+38 -3.4e+38 -3.4e+38 -3.4e+38 -3.4e+38 -3.4e+38 -3.4e+38 -3.4e+38 -3.4e+38 -3.4e+38 -3.4e+38 1.12152203960403 1.19202362267534 1.15451179424295 1.16367648151286 0.998513987428608 0.808892303842132 0.74447743147968 0.786724191503257 0.56211269433186 0.400972929683036 0.196555891104696 0.606293770258808 -0.541344482265235 -0.713568983264555 -0.948440090043799 -0.817117185589396 -0.739268357876349 -0.610554310242511 -0.555739647878308 -0.641699253658265 -0.615172946666611 -0.69713701247805 -0.731368098323129 -0.538936805273292 -0.527477307536961 -0.449026519670727 -0.406989287700823 -0.443925961483881 -0.41374823872995 -0.41040407169427 -0.410184689591381 -0.431741152355357 -0.48471846015819
-3.4e+38 -3.4e+38 -3.4e+38 -3.4e+38 -3.4e+38 -3.4e+38 -3.4e+38 -3.4e+38 -3.4e+38 -3.4e+38 -3.4e+38 -3.4e+38 -3.4e+38 -3.4e+38 -3.4e+38 -3.4e+38 -3.4e+38 -3.4e+38 1.12905780359346 1.17778136307894 1.19747583271182 1.24112042249567 1.12970291836269 0.929481286733118 0.739398392894386 0.744250547056246 0.719685975742762 0.754810571366465 0.386081237342133 0.466846860328589 -0.544233617457206 -0.761805952878976 -0.95455751002777 -1.09177563904184 -0.74667493283832 -0.651036410905364 -0.646119439513892 -0.630285639609257 -0.60698729465736 -0.679034886638184 -0.63041142474162 -0.545956854434071 -0.548612148753448 -0.464493688431072 -0.42497652480541 -0.452078435681905 -0.418151082451844 -0.416472415047822 -0.416808413393418 -0.479926706867525 -0.498211739134592
-3.4e+38 -3.4e+38 -3.4e+38 -3.4e+38 -3.4e+38 -3.4e+38 -3.4e+38 -3.4e+38 -3.4e+38 -3.4e+38 -3.4e+38 -3.4e+38 -3.4e+38 -3.4e+38 -3.4e+38 -3.4e+38 -3.4e+38 -3.4e+38 1.06354160944441 1.08613536163493 1.20419410852537 1.2593589877719 1.18505029002791 1.0587037089774 0.870560354597393 0.614343397330974 0.669486993222162 0.747074039026289 0.455426632446442 0.656688436653271 -0.534466553487825 -0.802142144626498 -0.935257105728951 -0.986584854271056 -0.932044204696262 -0.732742196521392 -0.599596054545493 -0.650894541582165 -0.625928810880551 -0.602425070100258 -0.581327192104945 -0.567898401524423 -0.510515285660322 -0.49885288167348 -0.501541997639941 -0.433287754217758 -0.462164336394143 -0.469539933748143 -0.433731528757694 -0.479608647035707 -0.509931830617798
-3.4e+38 -3.4e+38 -3.4e+38 -3.4e+38 -3.4e+38 -3.4e+38 -3.4e+38 -3.4e+38 -3.4e+38 -3.4e+38 -3.4e+38 -3.4e+38 -3.4e+38 -3.4e+38 -3.4e+38 -3.4e+38 -3.4e+38 -3.4e+38 1.04265705061576 1.07277252325798 1.10969443676772 1.15544196837314 1.19883430624855 1.01566067749451 1.07245080169858 0.724972089812291 0.590735581479339 0.328063600786988 0.69479587394793 0.831973750199526 0.343205199088331 -0.802499735255611 -0.970047897592103 -0.988315881097009 -0.939169649248172 -0.715212874156161 -0.592411637699063 -0.673230912621787 -0.670305320574947 -0.63908467812232 -0.589768667354881 -0.582387719811278 -0.541630463818421 -0.57272656762563 -0.521239371927502 -0.502435981959472 -0.491798828461045 -0.268656604984033 -0.498645910773843 -0.489567157666512 -0.509016734790814
-3.4e+38 -3.4e+38 -3.4e+38 -3.4e+38 -3.4e+38 -3.4e+38 -3.4e+38 -3.4e+38 -3.4e+38 -3.4e+38 -3.4e+38 -3.4e+38 -3.4e+38 -3.4e+38 -3.4e+38 -3.4e+38 -3.4e+38 -3.4e+38 1.03999967200721 1.08932172094657 1.09701922949266 1.09055297407314 1.0628625545804 1.05320744492218 0.999225273401484 0.796584214928355 0.736356900977876 0.283794344478368 0.576266534309719 0.807677950545683 0.415612981918605 -0.631992001452127 -0.891677751395312 -1.17936186465287 -0.789210933848072 -0.687931628225601 -0.590362106673663 -0.675112562384954 -0.660898692080568 -0.618919261781821 -0.60019352837628 -0.566110421700951 -0.581845807957898 -0.566548944491567 -0.540605590308501 -0.532363038537091 -0.516901895199709 -0.504903608720394 -0.53507023578158 -0.496985608331693 -0.513890544481367
-3.4e+38 -3.4e+38 -3.4e+38 -3.4e+38 -3.4e+38 -3.4e+38 -3.4e+38 -3.4e+38 -3.4e+38 -3.4e+38 -3.4e+38 -3.4e+38 -3.4e+38 -3.4e+38 -3.4e+38 -3.4e+38 -3.4e+38 -3.4e+38 1.0089842298278 1.06228132787547 1.09334848276098 1.17534391079616 1.21069302916686 1.07382361246983 1.01843872733633 0.783821260786407 0.707137711415249 0.89065863692047 0.701085879657852 0.69454493171147 0.404943680551074 0.503906918686485 -0.839949387377626 -0.893664495337173 -0.805019176385132 -0.645513588059855 -0.114766499261998 -0.674916369024306 -0.645744139881871 -0.61449715113913 -0.601186667689788 -0.590757452253135 -0.599947273747226 -0.581956472626317 -0.561141073119918 -0.555066303127672 -0.533534630883309 -0.517521758056121 -0.507924611376673 -0.49885073246263 -0.514248548494063
-3.4e+38 -3.4e+38 -3.4e+38 -3.4e+38 -3.4e+38 -3.4e+38 -3.4e+38 -3.4e+38 -3.4e+38 -3.4e+38 -3.4e+38 -3.4e+38 -3.4e+38 -3.4e+38 -3.4e+38 -3.4e+38 -3.4e+38 -3.4e+38 -3.4e+38 1.02587005651079 1.1360358710007 1.20057349016231 1.23846246287999 1.12011190187247 0.971252813739992 0.964841312480905 0.735217762858245 0.74360556787878 0.809534589792539 0.591819183049382 0.622803134345288 0.518695486550661 -0.940439083633401 -1.21516063368779 -0.828618057631553 -0.660059231478086 -0.115046875150735 -0.67302483904069 -0.639596283253548 -0.618278360418752 -0.618864066201648 -0.603158806036045 -0.589126327805889 -0.59522726603939 -0.576466419329212 -0.566939537608755 -0.551375505064525 -0.526638825023328 -0.504920734946155 -0.50442074768642 -0.518297478000724
