data/pcas/pca_proj/PC08.asc
NCOLS 494 
NROWS 529 
XLLCORNER -117.166666666667 
YLLCORNER -55.5 
CELLSIZE 0.166666666666667 
NODATA_value -3.4e+38 
[rows 253 to 275 of 529, columns 255 to 305 of 494]
0.0263634465161272 0.0138729418321668 0.0379421737200911 0.0218088982060457 0.0138259113608835 0.0105229417696237 0.00900734298734328 0.0282072488586302 0.0312889405719926 0.03009400419338 0.0238600029044995 0.0236828740347947 -0.00912940957538622 -0.00914831472263469 -0.0154937622008548 -0.0263820959260821 -0.0281231760687304 -0.0217606640659312 -0.0173235260205327 -0.00908806698718073 -0.0085621606956934 0.002242350319411 0.00411294283210725 0.00788925409061181 0.0131829053419587 0.0141723045698616 0.0151300082554945 0.0205340384310102 0.0168494059316673 0.0191373162822627 0.0406385087367916 0.0278216517754536 0.0271336972033022 0.034571986087207 0.0302307434433323 0.0226362745605348 0.0179966337604949 0.0233939958666938 0.0396145317753743 0.0444478276885019 0.0290328716446095 0.0390351699260969 0.0401542622852971 0.0357008721494579 0.0440798139020398 0.0409346247828919 0.0415545511368615 0.0407086347634446 0.052950123679518 0.0589588613826363 0.072885241412956
0.0201583005942826 0.0184252341588008 0.0443812485909382 0.0322889793142951 0.0187540552880204 0.0108456807956607 0.00864755197646468 0.00761796793012032 0.0311764947120218 0.0295528285373617 0.0279042255661127 0.0231257576344632 -0.00496280201394808 -0.00668313437356025 -0.0115422101113748 -0.0209354513988119 -0.0201967758293992 -0.0170813146506138 -0.0103826418346182 -0.00935598399895152 -0.00346444737736565 -0.000831634113046292 0.00619961042206149 0.011916631862617 0.0147754319930094 0.0181187595095854 0.0162398120543771 0.0208681123563707 0.0235980474236631 0.0215744019605238 0.0299433147199787 0.0324568039793525 0.0403148265163287 0.0362458168733568 0.0318060223932811 0.0275108871085598 0.029330481558063 0.0287458821114496 0.0348572838248583 0.0302566894664755 0.037528454097964 0.0526819988827303 0.0502549082274117 0.0420198065408292 0.0501881997208376 0.0530222630274869 0.0579695641825751 0.0579023510924224 0.059769515224514 0.0749915803661083 0.0878005039057697
0.0330743041977433 0.00119968393102898 0.0258993186091609 0.0397256723426433 0.0263694012984757 0.0192684764182714 0.0130219800316532 0.010923953975112 0.00881394618350319 0.0269588967144539 0.000451964423661161 0.00114086504617839 -0.00214490638566475 -0.00535641512597645 -0.00991849059208705 -0.012086292366764 -0.0144265147671314 -0.0115313751805037 -0.00967281729472869 -0.00827558749465448 -0.000287920730575514 0.0060644029550421 0.00898816112972736 0.0130070899398989 0.0137517723105315 0.0198630001537788 0.0205004424333637 0.0225429344581937 0.0238117973429447 0.0369770886012622 0.0389545900967409 0.0463042524217961 0.0446426329231105 0.0438764835048871 0.0425341506336593 0.036459798589118 0.0383004926286888 0.0384113953187166 0.0405417183621109 0.0364973306440625 0.0487932042178133 0.0572528300371253 0.0559314924099853 0.0530517845785224 0.0523467935029645 0.0637349887530139 0.0681187392136928 0.0609954183446973 0.0653633298330536 0.0758940387321941 0.0841668653400107
0.0211096813363772 0.00381490445719462 0.0131440031035879 0.0373058930372315 0.0310391343086036 0.0237195379075874 0.0172691090426869 0.0131485325262355 0.0248100260568723 0.0213114429579043 -0.00321538755427583 -0.000902833611327758 0.00186724778473718 -0.00275468756722189 -0.00218077622884408 -0.00366634804927155 -0.00451980491056778 -0.00412948148832082 -0.00751513126765813 -0.00529885765610963 0.00254029926919164 0.00956930158727232 0.0108596149939195 0.0172636580508006 0.0198998549937052 0.0207943520462344 0.0248717344408052 0.0269428670771389 0.0389082734643428 0.0421653941597263 0.050374783896706 0.0497021571866569 0.0491948205849107 0.0513607423943965 0.0485041913390362 0.0483847060643302 0.0459785158968792 0.0452829136888114 0.0452896333288529 0.0400359536906278 0.0516131353256824 0.0543312669449971 0.0569453231610381 0.0635896752601288 0.0620391286530064 0.0708887397170893 0.0691388080444815 0.0656638843977925 0.0672716675043006 0.0783662679798097 0.088770926439622
0.033543927149595 -0.0233974579223601 -0.035851883884307 0.0330753033515987 0.0322755755619671 0.038588110293436 0.0348539515635194 0.0307419099943707 0.0250258342795709 0.022224014394887 0.0163560218685418 0.0187524930565284 0.0262661163840318 0.0281192156712792 -0.0039759136058275 -6.66566385776335e-05 -0.00222462392812192 1.85351871737904e-05 -0.00309693028405336 0.00296896579179562 0.00613665868560653 0.0131377499389925 0.016634373796323 0.0189569368897024 0.0192534970481533 0.0245785907701716 0.0292938432543418 0.0420294344629534 0.0539975708258948 0.053897087691217 0.0516886857671748 0.0572691565526628 0.0531940888558109 0.0536068400616911 0.0534416694333585 0.06140571966766 0.0651726726827703 0.0646085453866061 0.0587390940104266 0.0584121167252683 0.059635792056143 0.0650197246805231 0.07176138879504 0.0745535275128318 0.0793432379788176 0.0767723800511943 0.0668194556203765 0.0733456939159601 0.0796133651588724 0.0837372462251572 0.0959542813045611
0.0167789023441961 -0.0353104939191779 -0.0620213967029503 0.0319615443158678 0.0344299230137854 0.0352069977831539 0.0288449045922377 0.0269659676963786 0.0249132978254103 0.02368712282516 0.0244128731512203 0.0216055637531513 0.0181714393857597 0.0257983401356768 0.0258800753644949 0.0260411369174937 0.0262544652455884 0.00311490815030452 0.00471586691133022 0.01206291108093 0.0136707197980649 0.0165003121152708 0.0368811546272045 0.0398427837836977 0.0411908292572019 0.038207526080742 0.0421848353345209 0.0452616188698297 0.0542956261010547 0.0574419195047228 0.0569244266467368 0.0612988217995682 0.0564002683082245 0.0600024862812397 0.0648099014158283 0.0713787372200809 0.0808284093836102 0.0852162604646026 0.0784120505552368 0.0810380380142644 0.0729024325053185 0.0739210330357803 0.0810560121000758 0.0747399670663823 0.0698172567373775 0.0716827357357342 0.073143594938618 0.0848497038030321 0.0906514059003522 0.0958913065889113 0.106941328982759
-0.027522791408424 -0.0312419453562285 -0.0485937487552443 -0.00435804081985584 0.0259199962709964 0.0257151753128797 0.0259072753097669 0.0202566597269579 0.0248423709958466 0.0229045109093569 0.0245616761341138 0.0265547140214944 0.0245398449448953 0.0237941664290237 0.0192428812549253 0.0214232125217588 0.0197384711081178 0.0244667119549375 0.0246683732692307 0.0331302338982479 0.0361531622497555 0.0363807306620443 0.0391428570637537 0.0433929270647233 0.0421148066184113 0.0454589284480647 0.0457620217407888 0.0455248083568502 0.0603779012018432 0.0617207290339863 0.0606458279870473 0.0624247995854371 0.0671859275257248 0.0707980452514599 0.077835086760113 0.0912307929295143 0.10821465042358 0.11124816079565 0.105095527347261 0.0816953892847407 0.0857445246072033 0.0838196598433538 0.0859959168348306 0.0851398316452617 0.0760652604219498 0.0778879764508876 0.0860290700797111 0.0920353644926368 0.0986096162130997 0.105884182136952 0.116790661181629
-0.058202475483759 -0.0448074748140752 -0.0407903598148141 -0.0600303630443745 -0.00446490959006648 0.0114795333516461 0.0147812518860944 0.0204186891270519 0.0194257763532428 0.0158986577416443 0.0191202417565524 0.0237061956831081 0.0276367700738565 0.0316281904384141 0.0266101971175561 0.0250838279818792 0.0222365634802093 0.0277413455849936 0.0325087814471825 0.0360353354005805 0.0392849893486259 0.0420938680138952 0.0459395295232538 0.046361326370928 0.048309660904742 0.0522448106618186 0.0519106681890353 0.0587200817643349 0.0588582698939824 0.0628534303017729 0.0669372457439037 0.0681546676792476 0.0756483042708323 0.0783224213532703 0.0858775918169336 0.0971549093597002 0.115997717373585 0.120354570025512 0.114511971900453 0.106741402309256 0.104741061058762 0.0879828980092758 0.0849590693266277 0.0904124977175184 0.0822387421833609 0.0834329989667228 0.0938887001170498 0.103101902583909 0.110000443256974 0.119473394365021 0.132488294893424
-0.0553281710172381 -0.0608099781619582 -0.0532104291459072 -0.0726279828410912 -0.0417216275174628 -0.00691375238836442 0.00257543169977895 0.0118564236374065 0.0175634317363178 0.0191565990662252 0.0215949409100832 0.0240478859946733 0.0301043930037853 0.036173891018787 0.0344599949332945 0.0340275644468946 0.0359842963887109 0.0351663234453368 0.04121053707484 0.0414446896012016 0.044191015440677 0.0475601149430361 0.0522421110260702 0.0518865039997205 0.0519346285235625 0.0525712697583136 0.0523181453960758 0.0614014987135148 0.0629432586783311 0.0672670813779316 0.0782154378246699 0.0715422287321337 0.0704380918363147 0.0758932695327279 0.094574503876064 0.105380989263828 0.119185117703593 0.117416295010702 0.115384525240656 0.114256409095605 0.114051278065265 0.0915102751272336 0.0938478399776488 0.0957130351031795 0.0864166489312555 0.0962872428008718 0.104591815182698 0.109751471066074 0.118179386463295 0.131885037523772 0.145269133701793
-0.0369449544453029 -0.0472822376681939 -0.0625466087044482 -0.0595135540629528 -0.0497834204880555 -0.0207572564167105 -0.0112446474236338 0.00329985310967712 0.0118099014539331 0.0154990943257431 0.0247096052065355 0.0244069232313004 0.0347313395523971 0.032388982062226 0.0441517343766009 0.0458131166903146 0.0446838828905742 0.0417685511051938 0.0528803157984365 0.0510306773957675 0.0532601048741236 0.0570338580397137 0.0596226840390803 0.0577268946615231 0.0617021272178528 0.0582992940059916 0.0533582236863199 0.0611775172110645 0.0575931862960499 0.0583345008642708 0.0602664491970912 0.0618652562211859 0.0612134034644656 0.0660340761933347 0.0823347220658161 0.101584160869749 0.110560465606804 0.109940670370415 0.112607507451484 0.117737995072079 0.118984470558602 0.100574556039062 0.102903276183094 0.10717545390687 0.110004066046682 0.100346689823127 0.11163421811262 0.11560176876625 0.127442351257994 0.139833398464615 0.152967690448289
-0.059678570920928 -0.0529664008960982 -0.0498670639469444 -0.0582281866088682 -0.0584106952149222 -0.038039137893647 -0.026014356451763 -0.0121283095291481 -0.000493141279948622 0.01256735749865 0.0164359629615987 0.0221035000146153 0.0352038347522841 0.0423802781681896 0.0466926179504376 0.0482096469284954 0.0542775358274464 0.0562585524031285 0.0598734141623037 0.0666151553611708 0.0687659430299073 0.06555299274589 0.0700379823974372 0.0682274907083799 0.0650245493891897 0.0638216298779169 0.0581922531096144 0.0589735648812011 0.0550700427879998 0.0499138722837884 0.0486715038052023 0.05242781601233 0.058169622640128 0.0680048266148816 0.0783018810782724 0.0951354051688081 0.1042317992909 0.108232291642161 0.111600188367977 0.117182285808547 0.122882446800795 0.127755664412793 0.109829801537769 0.10871674778666 0.103303003840139 0.107350717192511 0.121035216854085 0.126987115665211 0.131478458539652 0.141163426486988 0.155221748304823
-0.0820579477056309 -0.0659111528995455 -0.0583707233901522 -0.0650473134900915 -0.13071790100074 -0.112226256651485 -0.038369467521159 -0.0198691328730029 -0.00843824463291147 0.00342857757519516 0.0125500764469021 0.0258550725845122 0.0349712185623008 0.0425566009221345 0.0505865015039171 0.060628494768292 0.0693309587783624 0.0733192556564723 0.0775843676473906 0.0806184699998148 0.0856178260128404 0.0811478093656785 0.0849696522145168 0.0877005578386787 0.0870189180052814 0.0745033814510781 0.0687585374940788 0.0589233478916055 0.0588341945264989 0.0523317694845819 0.047738015284962 0.0553304563259912 0.0610063571915716 0.0684261438130443 0.0794871070153306 0.0905913686995682 0.0995543363356096 0.107574410637523 0.112952413431233 0.121182640840569 0.128743820594274 0.130269744180618 0.113290014583015 0.118980576858128 0.1300844517423 0.116234230357408 0.128259866858304 0.139354837063713 0.153566789447042 0.161686007906188 0.164994738583336
-0.255806102553674 -0.0866162414584414 -0.0724987143067005 -0.0681608807093603 -0.09339629636099 -0.245110278239142 -0.124023917537117 -0.0304091067482007 -0.0205363287067539 -0.00447350005776075 0.0134890264473401 0.0260644937243925 0.0374753894464214 0.0533593361334328 0.061686383027111 0.0720600370495753 0.0790556932149361 0.0900463180550752 0.0976601335943078 0.0995305034693212 0.102367087528168 0.10317503301492 0.104516994623612 0.105609237760609 0.104123466895884 0.0964320436070472 0.0851779319194015 0.0747741068163514 0.0667335422616138 0.0630557536143187 0.0585281179225431 0.0599736028502144 0.0676659936562201 0.0739971060289587 0.0811629086465344 0.0937244609760831 0.102515389201472 0.110689670262521 0.118739125796568 0.124842491587727 0.128569023083076 0.115696339789891 0.124646736918747 0.129165759918229 0.130429479705294 0.119675094219947 0.134379912519385 0.145486057060148 0.156550130520233 0.162380470062028 0.168033294754354
-0.35212464052224 -0.167406446617051 -0.100365477915005 -0.0808742485658013 -0.0835519599160822 -0.139285382699212 -0.195060796891155 -0.0498083259998103 -0.0357679844013883 -0.0154826598926691 0.00467993540275237 0.0250631765982271 0.0403318602782486 0.0543903362086417 0.067694608683965 0.0772474792191037 0.0880866837060891 0.105247828543961 0.115698592927866 0.119403282811562 0.125625780696383 0.133174824504902 0.13150936389146 0.126748520842968 0.125623634531926 0.123314270918911 0.114505297854383 0.106461527968751 0.0903250292116708 0.0786193147190555 0.081545326556057 0.0767241718478226 0.0748722512783128 0.081450023911863 0.0908921954825136 0.100015545242497 0.108806108561391 0.117690955920365 0.1163371110127 0.124665557271874 0.110174896861597 0.113946372503416 0.119029012483862 0.127782968833595 0.133283305089078 0.124142587317178 0.137417666590477 0.145132977161315 0.14937514048424 0.149120519654045 0.157533916872798
-0.299616224438102 -0.312716605667445 -0.138828274968638 -0.104094424061502 -0.102045266743362 -0.0949704108142411 -0.140026305540268 -0.113002293807577 -0.0567718834523074 -0.0270120072532533 -0.0121655867562658 0.013762460829799 0.0214407228970159 0.0353874226879865 0.0619515271150191 0.0797232073338738 0.0934947090174488 0.119824401246527 0.139673388807129 0.154909160149708 0.162589578051701 0.167318221485707 0.16724373599995 0.16608539425088 0.163195137166607 0.155095917718734 0.146120635796102 0.135679413634623 0.121883400654521 0.109471775193479 0.100817564971569 0.0980514675050281 0.0959421442586489 0.0989306550032214 0.101410149260028 0.115854466329829 0.119429574779565 0.117017603677263 0.125132194936475 0.135770638519296 0.110409626049172 0.142355661263051 0.153116578902409 0.129957991574614 0.1404409664577 0.145700504386384 0.137425311054767 0.14211376524593 0.147209556650255 0.142164981898288 0.146033796069705
-0.264768393154006 -0.221667176298002 -0.230675301137265 -0.128511628697067 -0.113973618151411 -0.127327556596635 -0.165124625954926 -0.166449683324275 -0.0621672148013852 -0.0462941531777509 -0.0260631010449221 -0.00463787378865634 -0.00734383413645559 -0.0236315034227716 -0.00526453392883548 0.0106014608890227 0.063308408397859 0.122067597840886 0.14599689690933 0.187229184480059 0.208189657507424 0.218332154666268 0.220916662017088 0.219373709495469 0.217554885558652 0.205340353865744 0.189869849188878 0.174149906709081 0.157816444243154 0.13808030374395 0.124993591446086 0.0925978916869323 0.0898507176625145 0.0963480774642301 0.092881942336849 0.102673595471193 0.104568708999701 0.098056594528317 0.135096291356708 0.109989475769886 0.137990112090699 0.144869201947575 0.125961637274487 0.131795817740289 0.137906877786512 0.142149090287117 0.155921711622639 0.14572621679268 0.140929156459641 0.138504109427836 0.139943678797068
-0.399362834196261 -0.330694156705587 -0.200713037651718 -0.158395453660897 -0.134829774102192 -0.188945114475183 -0.251342923135112 -0.154980638853469 -0.0817214062463689 -0.0470894331641245 -0.0420103252996188 -0.0259285506950267 -0.0216229930056254 -0.0387828143023367 -0.0989588058041356 -0.104708302662816 -0.010928649796392 0.0892995046927599 0.158635617613078 0.192833803343024 0.241627647896639 0.271247270123405 0.279230689006152 0.274306554229751 0.276058713808784 0.260713283260061 0.245200238227662 0.225091163834699 0.175171528916515 0.149430521280411 0.130687112970937 0.118078852012061 0.109322801457208 0.108952296601769 0.109336104680951 0.10834276990909 0.110289849846445 0.112034590033541 0.116740423152757 0.115765547661289 0.139711526548545 0.118343787521177 0.151930785275523 0.131716911619817 0.134373811549234 0.139554571837008 0.151950319794956 0.145978831311182 0.145840199831642 0.142311205582824 0.141541516954984
-0.283465900096305 -0.366128744250022 -0.29038416248681 -0.199750573256358 -0.15218041250501 -0.205289805460093 -0.331293022138938 -0.194416006628113 -0.0985445626097886 -0.0622469352897507 -0.055139952243911 -0.0374843792815959 -0.0436738290557633 -0.0774230817673304 -0.181672001169427 -0.290407021424614 -0.149714930253544 -0.0194732002868865 0.0601069777835876 0.189066131149312 0.24867161863775 0.291348060845807 0.327116687902764 0.357974819619539 0.35432090706903 0.342267265442139 0.292682341510297 0.260095701848861 0.222203715896225 0.192031801858369 0.168022363616417 0.147970020491571 0.131659101249962 0.126758898627906 0.124502761007007 0.124242896442075 0.121644998113204 0.120955400812163 0.121286044663778 0.124568484979562 0.149938102671501 0.153757874092721 0.161512062013862 0.130269998393035 0.133424889523651 0.139034054713527 0.151370678412401 0.13952097182079 0.138833503117473 0.136903311267618 0.137525699056452
-0.36807394019573 -0.328048626065313 -0.394702582547928 -0.349885728783768 -0.197250037568767 -0.17399950243411 -0.250280202154228 -0.163951976656393 -0.101537157212043 -0.0809044145676455 -0.057285025876316 -0.0380508570482135 -0.0240483883087976 -0.0737184602005871 -0.134594928541805 -0.241202220353831 -0.198404151900137 -0.0319122779676683 0.0801081613224557 0.194091908320352 0.285928220450334 0.342582350561359 0.386612007967071 0.418190541891381 0.419871401075764 0.4001327037761 0.37345328660044 0.33034712816434 0.283122033842424 0.235054077238078 0.20766755174124 0.181434091708019 0.154680948564775 0.136279956055472 0.129682143872022 0.131005096424199 0.129249690491856 0.125021072364621 0.12080813652541 0.126161655937393 0.156306301855823 0.159448261818227 0.141326251489071 0.137501999362336 0.134412314483972 0.138800271634176 0.149512759373907 0.157719545064523 0.138785369851351 0.139321270563469 0.145755074082353
-0.293485467661734 -0.234337036295738 -0.297488278855474 -0.365917992043265 -0.28076324657205 -0.197605358074362 -0.17542194461295 -0.12866225067167 -0.0996680469606037 -0.0822312816658572 -0.0672095305455919 -0.0799494455137554 -0.0477957588173765 -0.087304580563279 -0.112748408228382 -0.229833701179474 -0.296332652908217 -0.0708570239525026 0.113553028354374 0.20350844144318 0.298859024772365 0.397003907330846 0.466015232353767 0.503177207411104 0.517997686916862 0.502170141556659 0.464523722269074 0.407171843319436 0.340623202193476 0.286618208740001 0.248268715952699 0.215324216869839 0.179328716836934 0.154901921307129 0.144688004563036 0.14466451839674 0.131480382538855 0.126231218661406 0.160468173645426 0.163984753625514 0.141339143580732 0.144806389278718 0.172892528167019 0.161503934715387 0.164732662821809 0.141781072439636 0.14443454828046 0.149394998262005 0.148828989065783 0.133048185078784 0.141153431276738
-0.304218827418304 -0.173968708570869 -0.205747924115744 -0.378386059020593 -0.352987948123132 -0.301047721054717 -0.18418504187197 -0.144760478699958 -0.172024079459139 -0.124230227120794 -0.247129128302395 -0.0959013704046032 -0.13199644409131 -0.161455815978837 -0.330260562165729 -0.287880724434005 -0.293283937775488 -0.317684571763938 0.0656569827702172 0.2078888156063 0.278541839028318 0.368912116452127 0.523757630768997 0.598605185969107 0.681148732851891 0.675990224280413 0.553619643240927 0.481141910728205 0.404202556136259 0.3391070368158 0.286732984686619 0.241453038918705 0.207958497159557 0.179260418940611 0.162934156358043 0.156181712326917 0.141818254612064 0.166973743086971 0.167825759646421 0.164365052586699 0.168982630996158 0.168752911207724 0.167348423120056 0.164023284673504 0.169970309002982 0.167929927626457 0.142563772611797 0.144701034071421 0.148531503696884 0.144019069753362 0.133245930258178
-0.42069862986482 -0.215447104240106 -0.0750062001500863 -0.243781483116831 -0.156393145259537 -0.278604112977051 -0.222918179626686 -0.148329894161051 -0.190405933519992 -0.295416787701023 -0.238693733034202 -0.196953817220342 -0.082779334929515 -0.273944249757216 -0.377843228789233 -0.317072234446883 -0.338876719322537 -0.319450807835157 -0.27987788227953 0.0100488490327237 0.135708924515372 0.2864179086577 0.487264191681417 0.73232827348263 0.809833074930526 0.786826126767203 0.7000455629543 0.605350066435075 0.459814614972775 0.391022300582687 0.321901046057604 0.265667378916208 0.226546547655236 0.198598562665974 0.176544467167976 0.166167811390582 0.18364809073831 0.166014827462374 0.159159672019275 0.162273348829617 0.159694710495276 0.16351626591294 0.164845284516142 0.166147077623953 0.16684700885136 0.161060538632591 0.142585397046998 0.13588167888915 0.140947771844068 0.144698686293589 0.131565052902977
-0.451790856791564 -0.28754028493744 -0.217963143441428 -0.20412014476072 -0.227123646271179 -0.0806673065211343 -0.271777609513956 -0.190205568072267 -0.202878276695039 -0.41730300003167 -0.369102583110254 -0.411096986253437 -0.250975126338758 -0.286964786239198 -0.25466774752913 -0.313010152848371 -0.349285573291141 -0.301792992670246 -0.307971163688371 -0.379611197834559 -0.344254129406676 -0.247202361583861 0.223380390667372 0.724329815406119 0.920713968140968 0.860231402368715 0.769510458127931 0.653188255893057 0.565508556338959 0.415984937012422 0.344830321067106 0.284960661984289 0.241429629118093 0.216992930621992 0.195727530856966 0.172780273430172 0.185494191595003 0.169378970520198 0.161334414971704 0.160549474635228 0.157699643183463 0.153774489773031 0.155494407205297 0.161424495552341 0.151755978148294 0.155671656961811 0.13389576732597 0.138143983285405 0.137199745371823 0.136294941420049 0.139712346125278
