data/pcas/pca_proj/PC08.asc
NCOLS 494 
NROWS 529 
XLLCORNER -117.166666666667 
YLLCORNER -55.5 
CELLSIZE 0.166666666666667 
NODATA_value -3.4e+38 
[rows 230 to 252 of 529, columns 357 to 407 of 494]
-0.357114047459854 -0.349574497210381 -0.345736406379244 -0.352221163178843 -0.353642520065823 -0.361117466767682 -0.367308954559241 -0.379193737009212 -0.401956530370369 -0.430607738056981 -0.480764907139862 -0.481927647655895 -0.483535765431037 -0.481383018310618 -0.464373811521479 -0.451510728005263 -0.437785998524863 -0.424990296602059 -0.410919850110305 -0.400137848885263 -0.397649428555429 -0.399937256275922 -0.400054182936699 -0.403918736632717 -0.390492126739731 -0.386431437684023 -0.391137057304382 -0.392301804615917 -0.395163653524708 -0.385536146610855 -0.378711531277149 -0.396222985952003 -0.399993024523136 -0.405526642633609 -0.40828781840266 -0.398806273508252 -0.384358072512058 -0.379957824255011 -0.376267843608151 -0.39791307446483 -0.401446548846248 -0.402637538578293 -0.399837867363527 -0.381771791320889 -0.351052594810318 -0.304838673012305 -0.293144073508805 -0.272978221954026 -0.254895955074657 -0.224365351122657 -0.209008332670705
-0.355806906835736 -0.358046940561649 -0.361389424711392 -0.353912770504566 -0.356596899854704 -0.368501113748787 -0.373468077905418 -0.385437077156014 -0.422672889372865 -0.448269857597368 -0.463902308644407 -0.469533559608272 -0.472394786060245 -0.47419090339987 -0.469312579884601 -0.457978590611353 -0.441965367833002 -0.430369865219106 -0.417697880765226 -0.411191846684094 -0.406728575576479 -0.402653162305273 -0.40098379957285 -0.397387199036003 -0.413379192804517 -0.383079768999588 -0.386285434017623 -0.388931795256609 -0.379359040736017 -0.38012910213172 -0.368943236525031 -0.372645899674162 -0.392192193511731 -0.409807315121255 -0.410775823330648 -0.399812661527376 -0.392323345365273 -0.398354921364437 -0.402657668746136 -0.397863709648859 -0.421758092719252 -0.415744920190379 -0.406914416624965 -0.383107336715281 -0.344141062412551 -0.313008456707075 -0.283583308265215 -0.285826412764528 -0.252047939212612 -0.217510233716657 -0.201800914436887
-0.372625271843539 -0.371266128462084 -0.371136212251783 -0.362731892121468 -0.362185656216062 -0.371403388973978 -0.389603973655373 -0.404959748431197 -0.415723169535784 -0.439712250747486 -0.452696310263696 -0.450701841357622 -0.460798436306424 -0.464381058674069 -0.460716787636267 -0.456277210799156 -0.446817343021451 -0.438583500876724 -0.427711042564364 -0.419611060075495 -0.413005953009974 -0.402966475213639 -0.410629492985337 -0.405376350502212 -0.413406314159303 -0.406201956253602 -0.402624796723625 -0.377735153331997 -0.380833558003178 -0.375631961647085 -0.358278145639855 -0.355929282697505 -0.371036564770031 -0.39645344881049 -0.402763415555184 -0.394055952269814 -0.382028858608721 -0.393145000050645 -0.402297731333792 -0.414686939048703 -0.403390681364801 -0.399414853057786 -0.419945620407997 -0.419593169630869 -0.39900227326942 -0.367950951355905 -0.309385341197201 -0.260207372780279 -0.224005554791345 -0.201044325534302 -0.190625239527706
-0.383063598771734 -0.37815090222681 -0.370974845320202 -0.387674750224474 -0.388922594886876 -0.387060119943244 -0.389140729080823 -0.394262536352561 -0.405372598461758 -0.420334178060274 -0.430958932896949 -0.427782709123555 -0.438264904072898 -0.455519962530151 -0.451010426058924 -0.448592680342437 -0.44701426368977 -0.44035828258742 -0.432074366012281 -0.426372763338331 -0.421934625360832 -0.409094137379397 -0.416184839639683 -0.416480178754322 -0.403959727655131 -0.398876745280704 -0.399091648688061 -0.391046514880503 -0.384971622764498 -0.371761222985835 -0.369041062211775 -0.365785192616425 -0.383009149344584 -0.372790175885008 -0.383018118169655 -0.388574373050696 -0.384500273538504 -0.374236569588561 -0.374505551762462 -0.397881456333346 -0.394211688945856 -0.38845340642666 -0.395045821427069 -0.41814384334707 -0.393268156719205 -0.364701580973438 -0.29865365734152 -0.257628585363777 -0.226163681341484 -0.208089380167376 -0.197227730003606
-0.390662405264581 -0.37541884641301 -0.390668215630867 -0.386084579386755 -0.387081082841095 -0.373703633452453 -0.377900163620539 -0.382987265704688 -0.390371361971386 -0.397895997958897 -0.404853956155654 -0.419877158765205 -0.416497250496861 -0.423539088304686 -0.427309097232331 -0.432997836145749 -0.437383781771932 -0.435281610175156 -0.432821980261786 -0.427699962784746 -0.425603417560649 -0.415938336605929 -0.415812427494962 -0.422301595964194 -0.411868396131842 -0.405272036145265 -0.410557207934376 -0.400969180903783 -0.382853793823575 -0.380046705033255 -0.37326492686892 -0.373594181506512 -0.373452983723329 -0.377079743941582 -0.411364180242128 -0.416548931931959 -0.390621201939943 -0.370318270750743 -0.350198888447681 -0.362950936386108 -0.391669829002637 -0.390158028185631 -0.377987960928638 -0.38359122167379 -0.358597274345558 -0.322119628344077 -0.277714876269689 -0.270561630961853 -0.244040709109618 -0.158678385306576 -0.196842399131038
-0.38610287094291 -0.39231334848177 -0.386642175822777 -0.379172997032291 -0.368904361019837 -0.359337212998669 -0.362970401440989 -0.365334516435091 -0.368902822515524 -0.378244550868565 -0.392639333818703 -0.402067778431832 -0.395481068678654 -0.401236095196776 -0.410044076064884 -0.421634357691112 -0.422577037716045 -0.438892036027225 -0.436334874700879 -0.431251893978086 -0.423437014018096 -0.421235621862156 -0.412565422311045 -0.422458802146425 -0.407570501116041 -0.406212054373149 -0.406673122028464 -0.405566826297558 -0.397227200948676 -0.39270684729653 -0.406189438391016 -0.383293103154856 -0.386701607206604 -0.382764269310206 -0.382745456386299 -0.402529397867533 -0.391866471159593 -0.361794188446734 -0.347639328838386 -0.353413167954891 -0.391855195862133 -0.387247231704698 -0.368579224346794 -0.335131109333622 -0.295627710167607 -0.272840491058454 -0.257376566629655 -0.256332075151276 -0.237838718219944 -0.22145864174906 -0.216209824009772
-0.404329425376624 -0.394113367908553 -0.379422536415388 -0.371797157486868 -0.351928350335508 -0.34086969396699 -0.333160743662847 -0.33100625102027 -0.345607657078833 -0.358647793977144 -0.373167025154444 -0.38226648430574 -0.382657265500608 -0.381213105977275 -0.410083030085555 -0.413303148742939 -0.428396931257011 -0.435868327518154 -0.438687435995378 -0.436084975130169 -0.426317230291552 -0.423763797302899 -0.413189316992492 -0.417341612352864 -0.42195830808083 -0.42274814115219 -0.410940692526933 -0.413321799004941 -0.411758771205604 -0.409416669105137 -0.408178551745154 -0.413779006985164 -0.433941858559698 -0.424924089839165 -0.387017154224533 -0.3764174997619 -0.373117779260905 -0.355486900255294 -0.358922936537519 -0.353516124921209 -0.355315162230092 -0.359652507649973 -0.333331325846251 -0.319738110866942 -0.291491897073618 -0.275703528166763 -0.216976485641121 -0.201850807837298 -0.176606137724507 -0.227285230852789 -0.174604711238339
-0.39850871818073 -0.392769027138232 -0.376987433296148 -0.366002567666884 -0.342121290948666 -0.328085684581315 -0.316598916375045 -0.31366918788195 -0.330547863197566 -0.344346688124974 -0.358926272614063 -0.364841369478117 -0.372069724289394 -0.358541599781271 -0.381734438467759 -0.403581046064289 -0.426849436106103 -0.434650922935037 -0.437845533542367 -0.437743863199981 -0.425580720376597 -0.4179361792694 -0.415049172919654 -0.409085046491718 -0.414301274889563 -0.411986303113725 -0.415707418001309 -0.414998691682361 -0.411919444006932 -0.409112266324922 -0.407410609245802 -0.394852210898639 -0.398365207286034 -0.386952977478383 -0.40115394165815 -0.404727595394444 -0.372061568865506 -0.357292128338218 -0.364247864088879 -0.345379539758202 -0.385728083098978 -0.371669563321837 -0.337192365908127 -0.312850530597566 -0.287694710458372 -0.245709434370758 -0.223661012296035 -0.197874933394706 -0.184646222321675 -0.187016092011253 -0.182844584849974
-0.388478453472383 -0.388332137699487 -0.372996958201789 -0.360784295706778 -0.342603372772702 -0.329178643143738 -0.318474191058761 -0.311505169946765 -0.317944873541894 -0.327271903445823 -0.342115959594262 -0.345221400687053 -0.348908687014401 -0.337875931014456 -0.362289871541748 -0.389660692165738 -0.427390893757591 -0.436513350252998 -0.435243986782959 -0.432481027888993 -0.421549016532261 -0.418071783860818 -0.415597779079389 -0.410389453427319 -0.414902784340085 -0.413523180951964 -0.408667235042777 -0.39699601596004 -0.394778767772167 -0.410355839108838 -0.403360024222346 -0.395283643223132 -0.399585555606863 -0.402004574191773 -0.351175963336394 -0.356630192575902 -0.346981805521757 -0.342364101446343 -0.36270505931858 -0.372019276753295 -0.366756107622048 -0.363921573375204 -0.345935985566538 -0.319367189932253 -0.260255270038482 -0.247417532496125 -0.228586228347397 -0.210031137676826 -0.199691569174159 -0.200450371252022 -0.194792001294611
-0.378239920174797 -0.382699537949751 -0.377177405311748 -0.353004579965444 -0.345657220315415 -0.329681151997616 -0.318447748149308 -0.312826645500905 -0.312888486627396 -0.319819285703556 -0.330233392499364 -0.331114189187296 -0.339757979567987 -0.33331221796913 -0.341758558651133 -0.380105826371924 -0.420657599543541 -0.435694041202018 -0.431055843672129 -0.422728759832369 -0.42052611737086 -0.409972322403727 -0.406940800334554 -0.40196001925178 -0.402016920903524 -0.407906160553094 -0.407502295637166 -0.403510999871771 -0.407072100799819 -0.409653493120768 -0.360240946696268 -0.370739797164452 -0.377011632108274 -0.373963163990614 -0.369013820838223 -0.360940802824916 -0.357833440943428 -0.361799549568314 -0.366235738455708 -0.361442175785239 -0.346817258898894 -0.314801997407065 -0.31535610524172 -0.305466822761579 -0.265056557905527 -0.241623777922404 -0.245479346527699 -0.220755729898595 -0.205066846846868 -0.239200344986004 -0.239558421928625
-0.388810340619938 -0.390303296953203 -0.375504903068778 -0.358920872450353 -0.346602693779595 -0.330237918121165 -0.317890549065154 -0.312755115467485 -0.309895609049461 -0.314848314411672 -0.31948260061602 -0.322586728118368 -0.32453764767696 -0.322805008852332 -0.327564589402096 -0.367993413287934 -0.407179004637056 -0.421898048252737 -0.417958818653908 -0.413101494300868 -0.404598598339919 -0.401665180322987 -0.396633335930478 -0.397638505461067 -0.38997799249156 -0.394792863936413 -0.393464449384508 -0.403120954230062 -0.406153440764997 -0.37073041363166 -0.367227146215628 -0.385346254290635 -0.441945811977372 -0.402670750343747 -0.377303624043905 -0.362974967537894 -0.37675272347888 -0.367360660682103 -0.366254277668764 -0.367525122553471 -0.346097630155565 -0.322592416062812 -0.323532489933732 -0.311898942183999 -0.27588126615312 -0.254919545454067 -0.262780922822281 -0.239766767351924 -0.218846402733059 -0.247105196084058 -0.241936326560501
-0.383518275922232 -0.37112288053474 -0.372906830945773 -0.355774461869246 -0.34788075580406 -0.331856462209893 -0.324875896378251 -0.313460280157032 -0.313374087753714 -0.309728194097657 -0.314396447977714 -0.312227933333644 -0.315576718059328 -0.314112280373024 -0.30754317769476 -0.347979933080809 -0.382144332098543 -0.395629081569375 -0.396286341492515 -0.394215159161407 -0.392707853643896 -0.385137497690575 -0.383958826760034 -0.381049783374808 -0.380565611628137 -0.381507678369247 -0.38847131776763 -0.361007341857176 -0.368067747528722 -0.362700035692244 -0.374569435349261 -0.386780874698393 -0.407292856015648 -0.402663075444635 -0.382658431546016 -0.367852031293908 -0.369412020815844 -0.380673668788951 -0.369572902155992 -0.376875979126969 -0.360468517003452 -0.335829035063805 -0.325867083597873 -0.325881492009554 -0.296174932437552 -0.278101395228037 -0.255494525504928 -0.245590383012331 -0.245754481137474 -0.222906986553626 -0.241486242700336
-0.378975236531687 -0.366254549140689 -0.361467837585827 -0.348952183798672 -0.342381265011795 -0.333387970566869 -0.321588423480156 -0.310904986947951 -0.309404462605188 -0.307049954134314 -0.313715665863499 -0.306102808285467 -0.302993917012166 -0.298980658712169 -0.307408163754303 -0.336912822710799 -0.360743378790463 -0.372071299258987 -0.377300545865731 -0.371803117103993 -0.371200184992977 -0.368379947917923 -0.369388754049593 -0.374993509557399 -0.374276962152711 -0.348604642185367 -0.379654317894874 -0.364485980757083 -0.366952098796914 -0.362446321391706 -0.372128744637875 -0.378057379135281 -0.396745742062583 -0.386999688116772 -0.388062229569844 -0.38366591041257 -0.373172069889316 -0.379652286770572 -0.377208222162966 -0.364511640430731 -0.366975954347837 -0.332908316390765 -0.324856981449378 -0.31789904135822 -0.315636169244116 -0.280062169375404 -0.253199911312784 -0.257709581694623 -0.22806212678039 -0.223752014231828 -0.217861595191377
-0.371417157305231 -0.362524484270138 -0.347981106411884 -0.338769302359291 -0.339388632483174 -0.330094828605247 -0.314236677320804 -0.3103744778555 -0.311568741606155 -0.308837457377283 -0.309548173253085 -0.310560041016371 -0.311526786670953 -0.301209684815872 -0.303843043275554 -0.32207432714052 -0.344413783337045 -0.352068651562297 -0.355402987949199 -0.352049993213638 -0.354670544510369 -0.351550120467086 -0.330571208931936 -0.335575688328788 -0.335842322501303 -0.337380069699922 -0.343147115770654 -0.354173315685689 -0.361012624334815 -0.3644123738616 -0.375985834441596 -0.380653522986138 -0.386193010891469 -0.404829123336439 -0.405802067457073 -0.413258546974074 -0.398192375029182 -0.390823666520433 -0.382036036109434 -0.376445040656585 -0.342937581524868 -0.319506562287051 -0.317388568563701 -0.307506778345686 -0.31189934119807 -0.269610408380981 -0.256043908860889 -0.25863250362958 -0.242022056573809 -0.235016414546009 -0.226769981112697
-0.361655867452803 -0.353248012631492 -0.340958788070481 -0.33763715332908 -0.339958197112014 -0.334656033934164 -0.328748380658509 -0.324779264302987 -0.307351402223357 -0.306714521593315 -0.308107339612174 -0.309180087325098 -0.313125775076685 -0.313740491925085 -0.315148932620839 -0.308608431486104 -0.325141464056674 -0.305195681051589 -0.306890273819456 -0.305945605148398 -0.306121909332214 -0.313245232602804 -0.319666449488543 -0.323771964170416 -0.330740778718448 -0.332628137446891 -0.343122969261152 -0.354276900078323 -0.365130825294804 -0.365219242674664 -0.378541641681997 -0.388928067596516 -0.393469806317068 -0.400465901560906 -0.424432484138463 -0.419594726123201 -0.400444575258682 -0.395597632958403 -0.390763122060594 -0.373813047444118 -0.336548332859658 -0.326422580566473 -0.322353649047519 -0.311888272149623 -0.290702868851205 -0.276752545389076 -0.262817081856486 -0.264625066215287 -0.252099984656179 -0.252978601780755 -0.240556544425285
-0.35049131390483 -0.345561794500274 -0.345416787541928 -0.345229767020045 -0.335053130728666 -0.336857577859837 -0.321472563100082 -0.328946937038175 -0.329682204039337 -0.320514159620274 -0.306074050033082 -0.309546446084347 -0.309094227770529 -0.311651261794778 -0.312373475235665 -0.304537912058431 -0.314932160183357 -0.28861006475861 -0.287441696099715 -0.287060502390772 -0.28694356623772 -0.295018404255049 -0.303227752771848 -0.313241283755406 -0.324629205216208 -0.332667039607262 -0.344449451904762 -0.353510216989069 -0.361628826338029 -0.366593124630475 -0.381436494187128 -0.389273258240519 -0.403055524037164 -0.374917738140684 -0.411341309181255 -0.418437139391599 -0.398893700526362 -0.386433564108394 -0.372699419260056 -0.372972707527383 -0.386737025357441 -0.343292561168934 -0.31995509889926 -0.302724821092892 -0.285308167286449 -0.274488178454693 -0.265823258432299 -0.268319539991617 -0.253156429197044 -0.251829760388499 -0.236253897791613
-0.338885868235726 -0.342487464886593 -0.343359408996211 -0.338334287608158 -0.33684963355579 -0.330032655434491 -0.328949388153396 -0.329839730892646 -0.330595843579492 -0.326629615104144 -0.330318371792042 -0.321831815259226 -0.309212489081623 -0.301701011565466 -0.311267281209197 -0.261759130112514 -0.274564429105779 -0.2731806457321 -0.271258316902046 -0.267445441962732 -0.269187763513619 -0.27692702306622 -0.290202134066973 -0.30103895315421 -0.315600938398204 -0.330597641431161 -0.345399074761656 -0.356171460139812 -0.365375029949938 -0.3682602914192 -0.383678818203742 -0.395936573750477 -0.410827321957302 -0.416019218237592 -0.419648312463609 -0.422401287428732 -0.394174297663297 -0.379072506549564 -0.369995671511516 -0.358764963914788 -0.349919670985098 -0.346021568872697 -0.318513635836246 -0.308400250288049 -0.294371734363276 -0.277395343344985 -0.266007878276724 -0.265711683181483 -0.268701831038262 -0.253846758106928 -0.253549899579392
-0.32544127181601 -0.327147281262982 -0.331973662398591 -0.323891598803306 -0.318672092973397 -0.316443255894238 -0.318533596221228 -0.31714490430889 -0.31980353358812 -0.323834576926765 -0.325382738214307 -0.320830306379215 -0.341202893129146 -0.292520780091785 -0.279403478788691 -0.265578246527371 -0.277614383018113 -0.280629019983594 -0.251974337976956 -0.257326928095586 -0.252791108231293 -0.260503392419349 -0.280902922430885 -0.298746760750323 -0.316102929459099 -0.327193449784397 -0.346118121789155 -0.360595649469069 -0.372874708721412 -0.38263500650328 -0.381987583386472 -0.389956239872519 -0.399838052910913 -0.40783217101217 -0.41578712576602 -0.419762525252635 -0.389299212018061 -0.374255906220807 -0.385764214214963 -0.384430331619514 -0.346713961735594 -0.337560691661325 -0.311527676339912 -0.309136011920941 -0.299515741119536 -0.292738412038946 -0.272430270416228 -0.272660542045262 -0.288491201259466 -0.279426692138509 -0.272358276230475
-0.320428943788217 -0.319201858506474 -0.319990088159901 -0.316138181604562 -0.311435657014324 -0.304978041251079 -0.301646109635646 -0.300685646333377 -0.303947745056585 -0.300031448436033 -0.268274005766102 -0.299187334165725 -0.312605132345603 -0.310617424553601 -0.304961948810886 -0.288303280707766 -0.269232492462184 -0.280930891445162 -0.270001121866886 -0.253655804473136 -0.24948229301761 -0.261117788574404 -0.283142392767773 -0.302043104133969 -0.321389664577844 -0.333546820283524 -0.349598453068804 -0.362236389737393 -0.376957234811023 -0.384720797866419 -0.392828577180296 -0.396466675948674 -0.400062720914733 -0.394401895400995 -0.395661224908187 -0.406359854135334 -0.40067293760464 0.252888767369347 -0.363479110048433 -0.393280135108244 -0.3630374021557 -0.334340762350858 -0.312237593141379 -0.322875502336327 -0.332545979434498 -0.329572305314468 -0.305484761751724 -0.286315268269607 -0.290589258927091 -0.27985466917901 -0.282398786497968
-0.330867555464565 -0.310719338880464 -0.305197087621258 -0.30722304111421 -0.305542819904462 -0.298153017903768 -0.295226844512512 -0.297160422547331 -0.295457851364052 -0.292206864607223 -0.264481595198666 -0.290551729352456 -0.300024753986627 -0.309125606124924 -0.313288049445041 -0.297061816077603 -0.278640916869451 -0.282742349261582 -0.277182292928351 -0.260174995622272 -0.27078865475516 -0.277191927350017 -0.297652764417837 -0.312995745013585 -0.329743658444399 -0.341572180330536 -0.358283019951707 -0.368983087521537 -0.384471888654978 -0.389137116111411 -0.400679311300091 -0.40579864763616 -0.404676582202778 -0.405063947781011 -0.400360127788491 -0.397786694018231 0.249910725156382 0.251205563250276 0.255466650025016 0.234876574811966 0.259349001294206 0.259345452350027 -0.325780728503558 -0.334140421760623 -0.323733359105178 0.278525870174419 -0.313781492994128 -0.305476611423035 -0.300411560380125 -0.292244563436263 -0.287278645496881
-0.330064663358077 -0.29851838116984 -0.306548006014668 -0.295470105654988 -0.293171814170013 -0.286822787810267 -0.296894774237229 -0.302512437456731 -0.301093558910392 -0.294349538554755 -0.26561561409289 -0.291939643300024 -0.29581510912332 -0.298691408331151 -0.306344019582467 -0.29174052605621 -0.285761508313323 -0.291381614895932 -0.293961626263525 -0.278035463944193 -0.286503424359863 -0.302083906154343 -0.317028348933884 -0.326829944786773 -0.341092168291222 -0.355726451003616 -0.371414478483477 -0.385203009053592 -0.390647083174246 -0.398528062215278 -0.409977834960228 0.262176659613164 0.252675913250687 0.260503743220377 0.274284045669495 0.275077213548844 0.24652477341722 0.255204564981347 0.270889854717766 0.263518171829518 0.270078569946036 0.274610515074466 0.276938203586056 0.268256835735143 0.287018736238726 0.283333665079949 0.280851024589404 0.288570696279919 -0.299188652735761 0.305078584794493 0.298670395346934
-0.33225250395598 -0.317976092910495 -0.309739811110642 -0.30051431033837 -0.293487552282875 -0.294462091233423 -0.290546533478536 -0.296152799667672 -0.290918869933588 -0.254011481469433 -0.261333877104465 -0.295310148350266 -0.297235098285961 -0.299252665860837 -0.30202059430035 -0.29518794905037 -0.289553133817571 -0.298999139180203 -0.301028287660092 -0.291616718316759 -0.306757872453927 -0.321128535819443 -0.33313522697752 -0.345171501651382 -0.361898502374371 -0.372618620122704 -0.381968532571388 -0.39676390659422 -0.40720442680509 -0.411410339565622 0.271603233166896 0.262788771775288 0.25900774522217 0.260342931672553 0.277232551143623 0.288467708282508 0.260308813361851 0.26816844350641 0.267830532425204 0.258182976196704 0.276041018043807 0.262458163988084 0.269480322379303 0.287458247029275 0.287938899053532 0.285092655016903 0.29070357292489 0.28392316619406 0.302365645697846 0.294570405497144 0.291061650967751
-0.327927041519793 -0.305368955070708 -0.298853884408 -0.303565057271505 -0.304114529187465 -0.28929743019598 -0.289553479664886 -0.287283644013508 -0.296799331415189 -0.26277125536347 -0.257633829966105 -0.275696589666653 -0.309212931016074 -0.301725818931141 -0.29765194958642 -0.293369484206291 -0.300824212421272 -0.309518350866331 -0.3160908143134 -0.313902129740259 -0.331191640202484 -0.343475180649921 -0.353789772391186 -0.36874432678042 -0.384136844156937 -0.392163806717742 -0.401968521506442 -0.411367676187741 -0.417818092454518 0.291704416160913 0.279343636314678 0.266301568860065 0.258160909568098 0.267408984077528 0.269175209196287 0.282458664906635 0.25754603180431 0.261170706324484 0.26286203545192 0.263412698006356 0.283074428220375 0.266459987007012 0.265650836331758 0.27661856079244 0.274509447798927 0.267518404985991 0.282205735250809 0.28053559964692 0.287272685750988 0.289249156581437 0.281030650296034
