data/pcas/pca_proj/PC08.asc
NCOLS 494 
NROWS 529 
XLLCORNER -117.166666666667 
YLLCORNER -55.5 
CELLSIZE 0.166666666666667 
NODATA_value -3.4e+38 
[rows 322 to 344 of 529, columns 408 to 458 of 494]
-0.0475168007393917 -0.0249635754262097 -0.00438662033741943 0.000368849332579774 -0.0099748165951096 0.00697590132210113 -0.00173290119702646 -0.0212839841435326 -0.0444671229489569 -0.0702060045525804 -0.0924322181266562 -0.0982409863977922 -0.126533065316179 -0.143498162430719 -0.165749622886641 -0.147288725887326 -0.153453280555908 -0.137471044110183 -0.107992926959519 -0.10350262540281 -0.109417322361513 -0.109257351390315 -0.0946120706488171 -0.0796047580083865 -0.0269282083506622 -0.0400978441432109 -0.0261028596895207 -0.040387474719266 -0.0572269308495184 -0.071503752069437 -0.0390982285992786 -0.0437797905329549 -0.0590754259378986 -0.0315027125049951 -0.00249815946301407 0.00110646841996759 0.0044520655637296 0.0542152267289079 0.0382081300932086 -0.0262809985058718 0.0269806242996921 0.0123521275624657 -0.0169336632206237 -0.0134001630005703 -0.0445363745296894 -0.0422469221302317 -0.0460787846000002 -0.0498520047709095 -0.0404088323859372 -0.0572763677786048 -0.0600094219252842
-0.0608356159983205 -0.0462825965664314 -0.0332245303645571 -0.0289221868365441 -0.0452031620510177 -0.0279828517427461 -0.0307128015673631 -0.0581384693333957 -0.0803750597891363 -0.0862570234392896 -0.096615722125189 -0.123058864176418 -0.127257122860884 -0.119805888468304 -0.139131323430578 -0.169129379458029 -0.137695240328087 -0.125852872425993 -0.1138936516324 -0.103474805128201 -0.116477553283798 -0.122972759665061 -0.117977338120486 -0.117732604391341 -0.0801726831846163 -0.0217908675574128 -0.0574697193883273 -0.0552010213098894 -0.0727928883033682 -0.0864782203530616 -0.087102494301917 -0.0422761467370735 -0.0540587396356104 -0.034133671321976 -0.0314472950492624 0.0399911884609289 0.0574394680660064 0.0705453848218228 0.0386874511414765 0.0498041364880714 0.0273097786177105 0.00546197559629349 -0.00728068365081302 -0.0118361668649528 -0.020240945811607 -0.0354337633531391 -0.0306088089385401 -0.0386773698779635 -0.0653704487073365 -0.0845896121653121 -3.4e+38
-0.0835159853424473 -0.0668017801878548 -0.0507359605273857 -0.0513629138339386 -0.0629643137551272 -0.0604059429605628 -0.0620369217143957 -0.0851578202107996 -0.0936743769270691 -0.114362055611056 -0.108958910652415 -0.0988408301979912 -0.0875736395859712 -0.103795965618836 -0.120271163594103 -0.165367149672242 -0.166338614904134 -0.14211847534286 -0.126638867261334 -0.125838422085835 -0.129714657988386 -0.139351456359746 -0.132856526048913 -0.118824759075168 -0.0964334079930342 -0.0778557797624493 -0.0683509443546923 -0.0852094189587617 -0.0796978521520874 -0.0899363846727269 -0.100248758074728 -0.0585291600191005 -0.0633839589909281 -0.0716276845843212 -0.0452294553993171 0.0454380891975114 0.0554460749223432 0.0356371142296339 0.0819763915550503 0.0730592985436069 0.0547008665400091 0.0156289888140416 -0.0179043692342142 -0.0376113489500403 -0.0237025329647293 -0.0312318612861439 -0.0343608038884876 -0.0457554745569307 -0.0805749498261971 -0.100643752106833 -3.4e+38
-0.104508960163998 -0.093849442529195 -0.0789661294094469 -0.0761451861441762 -0.07398709070905 -0.088796163795979 -0.0881114282871468 -0.0854616493703237 -0.0969537056389158 -0.104925302162457 -0.104696892635266 -0.0978126257867118 -0.0854047609433367 -0.105030776331171 -0.130165240753552 -0.135016013351978 -0.138436734220762 -0.131425761019176 -0.127859433480484 -0.127743857114762 -0.133643527903465 -0.126568990912458 -0.13086409300902 -0.12269699501369 -0.106164097810311 -0.0890095738917982 -0.0893969730936252 -0.101230377086834 -0.0899994892468189 -0.100101184728831 -0.101356060020148 -0.113146282879658 -0.0806564575324032 -0.0601937389454167 -0.0505499216578275 -0.0326823938943625 0.0496385059848254 0.0474884676681183 0.052188524548358 0.0423804917373175 0.0352395981931188 0.0157893877257897 -0.014428583841481 -0.0393302170529171 -0.0340717187316275 -0.0326115847500246 -0.0209457154224988 -0.0534728034125713 -0.0863485747620059 -3.4e+38 -3.4e+38
-0.123434094060735 -0.112515317955514 -0.100463793859931 -0.0931564133577099 -0.0967192458286584 -0.114713457986784 -0.111982746971697 -0.0987796324866482 -0.0899328667811096 -0.082670514464482 -0.0790144381735092 -0.0916677370419554 -0.10122098410144 -0.120383546486607 -0.155791011090035 -0.164347180317735 -0.136576078293302 -0.139309633753249 -0.137564407515174 -0.126484713540795 -0.118550325697292 -0.126187828550348 -0.12612508295303 -0.126855087731434 -0.116403422428751 -0.104802577237348 -0.105534701627854 -0.11013597687272 -0.107069453559144 -0.118504997395394 -0.124561870379207 -0.119949988781555 -0.0842064183166217 -0.0796464387299046 -0.0713471658825457 -0.0645932424248815 0.0273223334886053 0.0194963797855524 0.034122530439996 0.0393852301472151 0.0209948339329518 0.0030376874788324 -0.0155402037270047 -0.0556550350170129 -0.100836880954376 -0.0404271758174215 -0.024636728259209 -0.0575231668110453 -0.0998283493002674 -3.4e+38 -3.4e+38
-0.141802711287206 -0.123400863218928 -0.113265701624539 -0.111954766880042 -0.107018279106474 -0.094895748775281 -0.117561933908744 -0.116814446146521 -0.115579884359944 -0.0851157358174805 -0.0680158007223521 -0.0785463451569921 -0.0970065201327697 -0.120118603703505 -0.149684779878135 -0.175912764285789 -0.145329365179928 -0.128724958073129 -0.144541109620904 -0.129384877561284 -0.12433656159377 -0.128525437515153 -0.127586457508828 -0.126150805310013 -0.134290306782065 -0.131628853052116 -0.130190003361142 -0.121422089449698 -0.120684109035598 -0.139561242775618 -0.141100872729985 -0.124448462284137 -0.115810891247229 -0.0977061209166653 -0.0692133456700129 -0.0583949003333162 -0.0429119993571445 -0.0452385399246895 -0.033649078829941 0.00878396625591352 -0.0315716296189496 -0.0279351715767431 -0.0485351081422547 -0.10995359196111 -0.0480481157330079 -0.0399875837628744 -0.0550290867996497 -0.0865011697002594 -0.020054422167195 -0.0243228445576161 -3.4e+38
-0.144805794291108 -0.134398592118856 -0.131151608956183 -0.131650239507598 -0.135565140778069 -0.118786982225961 -0.120126877251314 -0.127313448514957 -0.130648876371663 -0.120941064656928 -0.0950158367767337 -0.0936332845808837 -0.101479235637158 -0.119069726431342 -0.13970863478576 -0.149215502386947 -0.158071800067082 -0.145666664221424 -0.146540161021553 -0.137253383011189 -0.133959163929743 -0.136446905180554 -0.150822082709135 -0.137483319315229 -0.150532821381388 -0.144538630083889 -0.153871281456283 -0.154721603199875 -0.149742920513648 -0.159313822613056 -0.119351379567573 -0.106519350787855 -0.0864536820399586 -0.0904139974330064 -0.0847844104940886 -0.0576831092527224 -0.0521136300694924 -0.0877334179053934 -0.106938166396818 -0.0619751640538792 -0.0671822602340682 -0.0694896212374061 -0.103837651692141 -0.0583330678344666 -0.0435431621452039 -0.0551155376835168 -0.0735274278393198 -0.098111681933504 -0.00406626390161233 -0.0137930318969175 -3.4e+38
-0.150174575470003 -0.145135995750222 -0.14840567298575 -0.161489268419001 -0.148086308707396 -0.124904115942177 -0.134955725313332 -0.133377931546478 -0.130256644643438 -0.118197809515749 -0.113764888389718 -0.12146306731314 -0.107734184351934 -0.105891841317645 -0.137592126112754 -0.158601506863288 -0.14467879033917 -0.150366862689955 -0.144925493999747 -0.13928125923582 -0.140871445441677 -0.13940738234204 -0.149281085534663 -0.168269918007683 -0.157456003192743 -0.153702567255022 -0.182052397497868 -0.176581446320568 -0.156775221876415 -0.113525514225505 -0.105850217640535 -0.113324689723683 -0.111547897420856 -0.106857979396799 -0.092044836333099 -0.101939173655916 -0.118739331170551 -0.139938519824915 -0.186221279663769 -0.129785670267639 -0.120269618693136 -0.136173616634335 -0.09147386484302 -0.0432477644317354 -0.046378560413119 -0.0605531589462316 -0.0834224091176797 -3.4e+38 -3.4e+38 -3.4e+38 -3.4e+38
-0.171973433110863 -0.180032960098046 -0.160121679728589 -0.161526071206532 -0.153109112131752 -0.142837047254113 -0.146962425754359 -0.153670755119146 -0.133809830642412 -0.140390154063551 -0.140419393844541 -0.138334205913386 -0.135169817505239 -0.122305022162239 -0.127014701704344 -0.159743410908457 -0.165760673103452 -0.190458345512889 -0.165489813730819 -0.142169891164935 -0.139830138076319 -0.141493116226466 -0.147801350931879 -0.191793360419638 -0.191688753529635 -0.179680244213086 -0.184007953102333 -0.151018539843064 -0.0629872392068752 -0.0760545204720605 -0.0963508195647961 -0.117020748491488 -0.120068111369542 -0.128125946367452 -0.139248245833455 -0.165062945255346 -0.176693270392647 -0.130304000637357 -0.139328208304463 -0.178374852074779 -0.169534000549349 -0.147060128428275 -0.0522937136021206 -0.044483996989338 -0.0385108731890516 -3.4e+38 -3.4e+38 -3.4e+38 -3.4e+38 -3.4e+38 -3.4e+38
-0.213350088627953 -0.207632286400568 -0.186437927987304 -0.157130645125992 -0.126502497859554 -0.124309231955405 -0.127705875558086 -0.125668812467323 -0.128490604201947 -0.146685267876032 -0.14671602740412 -0.140954992692566 -0.146164546960148 -0.156445317423493 -0.183047095605347 -0.188033892729678 -0.19787146311406 -0.209209488381531 -0.171851884068769 -0.170545210346992 -0.161667007566371 -0.190311328191011 -0.20221685811727 -0.182625608552012 -0.111602512149178 -0.0959292008960348 -0.0970752301543369 -0.0781331512047697 -0.075992750076601 -0.0836857233678294 -0.106113568766088 -0.132718529012079 -0.111566070181604 -0.0889002135041765 -0.0918319853376149 -0.0688890386492075 -0.103267353126683 -0.0945783278354092 -0.114194489825889 -0.144096633316447 -0.1239291026373 -0.123298836373173 -0.129616317099535 -0.052638073530796 -3.4e+38 -3.4e+38 -3.4e+38 -3.4e+38 -3.4e+38 -3.4e+38 -3.4e+38
-0.24220444781664 -0.224815995650948 -0.201530169615203 -0.181078217384039 -0.140792748117944 -0.136326790495829 -0.13737659253277 -0.139706675391838 -0.139956748778998 -0.147078412572474 -0.142250930166984 -0.128667128306752 -0.140517456000349 -0.166651120323981 -0.208713837664115 -0.227958959383267 -0.224830466270902 -0.209285208502771 -0.20693867600406 -0.23373047606911 -0.179982532792946 -0.228053022989352 -0.177745077826145 -0.0689122512090765 -0.0817890655562188 -0.142490089499636 -0.199037521648651 -0.210272093308086 -0.170511959403532 -0.151017685600453 -0.12561919465168 -0.131646083080797 -0.0891635441493084 -0.0743267003912004 -0.0584940338718355 -0.0651873230896546 -0.0771289732261956 -0.0835357057857211 -0.0935658263405854 -0.116618291893346 -0.124107328938362 -0.156066281379506 -0.14588672370276 -0.151576219725904 -0.15918356008828 -3.4e+38 -3.4e+38 -3.4e+38 -3.4e+38 -3.4e+38 -3.4e+38
-0.261603333303324 -0.234110689655892 -0.215877260073567 -0.194389333798673 -0.182887342787145 -0.157026608764553 -0.165833579462624 -0.16094913879305 -0.161728189201184 -0.156322377122376 -0.153600339846778 -0.140427935439214 -0.140096560553469 -0.174471673042563 -0.215993450097097 -0.231087116632888 -0.2130220936246 -0.21218388064179 -0.226926179195515 -0.193024600725355 -0.170838216794401 -0.140486203389344 -0.11349597257623 -0.130863542268912 -0.16783389888926 -0.189208814251534 -0.184066558035249 -0.149100064230296 -0.121875701723323 -0.115715816622008 -0.132371999239222 -0.129944678225526 -0.0932039426785417 -0.0958090122010167 -0.112694459951348 -0.102664967020021 -0.0202356171920475 -0.0158101252360977 -0.098173044762169 -0.121979761078309 -0.132968520870425 -0.141702564038341 -0.149096362547758 -0.167669714460563 -3.4e+38 -3.4e+38 -3.4e+38 -3.4e+38 -3.4e+38 -3.4e+38 -3.4e+38
-0.277034577651283 -0.256024650842591 -0.237380839538734 -0.208670318405173 -0.206062051155257 -0.176415159544806 -0.182061839213496 -0.185823431098898 -0.174241503523937 -0.168358284933031 -0.165161505206945 -0.147695899706596 -0.141220945657939 -0.164944570495236 -0.201654090978711 -0.210231876280511 -0.211268742386177 -0.206750398728213 -0.171933178374613 -0.160447110739983 -0.151555650574577 -0.155770458824512 -0.175904600134792 -0.203056573738195 -0.187654093376767 -0.210615238419967 -0.146893238805032 -0.0233759241733966 -0.0183978597900905 -0.0712113814682023 -0.0911983368103738 -0.0973303187080942 -0.0963020657893411 -0.109765025247705 -0.13245006803889 -0.135155650653699 -0.097002546035693 -0.0596110728914776 -3.4e+38 -3.4e+38 -3.4e+38 -3.4e+38 -0.175071257868796 -0.175899755453867 -3.4e+38 -3.4e+38 -3.4e+38 -3.4e+38 -3.4e+38 -3.4e+38 -3.4e+38
-0.273368895549128 -0.249085887579507 -0.220358931262142 -0.191459682579031 -0.201980373251187 -0.20676030836898 -0.207608749091315 -0.198120615939338 -0.20014880896518 -0.197301389053752 -0.185575199177772 -0.172229039775233 -0.177683819298212 -0.184977720361766 -0.187884567948518 -0.21266891208141 -0.213709282053263 -0.184546290330901 -0.162718000747853 -0.16574314413173 -0.174805373944439 -0.197170275087314 -0.198810865547809 -0.208190773357831 -0.222194881984835 -0.133443120442074 -0.0271570808467955 0.0111420303457138 -0.028653921920483 -0.0649627667035857 -0.071421882349114 -3.4e+38 -3.4e+38 -3.4e+38 -3.4e+38 -3.4e+38 -3.4e+38 -3.4e+38 -3.4e+38 -3.4e+38 -3.4e+38 -3.4e+38 -3.4e+38 -3.4e+38 -3.4e+38 -3.4e+38 -3.4e+38 -3.4e+38 -3.4e+38 -3.4e+38 -3.4e+38
-0.30981253039003 -0.275054144584098 -0.244486279916076 -0.225509420028056 -0.22246863799274 -0.235721439329067 -0.240371863948589 -0.225764445747488 -0.225667645114215 -0.217895074935947 -0.205189988764438 -0.203004557655266 -0.194822787788932 -0.183628969547868 -0.175402615532928 -0.188417057959976 -0.19556258124592 -0.197511505384607 -0.187679061109627 -0.199898679760771 -0.198197191353117 -0.183746076117686 -0.178015287507118 -0.161128149713085 -0.00501403818216139 0.0735041104785225 0.0448168439286089 0.00445583842830852 -3.4e+38 -3.4e+38 -3.4e+38 -3.4e+38 -3.4e+38 -3.4e+38 -3.4e+38 -3.4e+38 -3.4e+38 -3.4e+38 -3.4e+38 -3.4e+38 -3.4e+38 -3.4e+38 -3.4e+38 -3.4e+38 -3.4e+38 -3.4e+38 -3.4e+38 -3.4e+38 -3.4e+38 -3.4e+38 -3.4e+38
-0.331828140548848 -0.306897034423034 -0.269481666006725 -0.243199649346358 -0.24551004963519 -0.256918704870618 -0.267653855426049 -0.260228825217136 -0.254533772051649 -0.255210107576716 -0.228709040677315 -0.222890345309403 -0.213263535877267 -0.188413073732623 -0.164354021628957 -0.169414790369841 -0.200281291020827 -0.205804131834325 -0.203730366126791 -0.200163853289554 -0.215794612205334 -0.166587268550128 -0.119871331999363 -0.0171893515355398 0.0581315357448978 -3.4e+38 -3.4e+38 -3.4e+38 -3.4e+38 -3.4e+38 -3.4e+38 -3.4e+38 -3.4e+38 -3.4e+38 -3.4e+38 -3.4e+38 -3.4e+38 -3.4e+38 -3.4e+38 -3.4e+38 -3.4e+38 -3.4e+38 -3.4e+38 -3.4e+38 -3.4e+38 -3.4e+38 -3.4e+38 -3.4e+38 -3.4e+38 -3.4e+38 -3.4e+38
-0.361835801560334 -0.334861941537182 -0.317785948288722 -0.288123914549541 -0.280678519236311 -0.282392435832446 -0.281350217009345 -0.282397629845463 -0.273425685983078 -0.263165555594831 -0.235791557236833 -0.225438890596129 -0.219467256718491 -0.207124990097706 -0.180460438490533 -0.178694448186267 -0.131118566799985 -0.108311229779705 -0.00232026237029796 0.020124914587126 -0.0421562465138433 -0.0438735847103948 -0.0212994141524406 -0.0451305923862475 0.000729975463105968 -3.4e+38 -3.4e+38 -3.4e+38 -3.4e+38 -3.4e+38 -3.4e+38 -3.4e+38 -3.4e+38 -3.4e+38 -3.4e+38 -3.4e+38 -3.4e+38 -3.4e+38 -3.4e+38 -3.4e+38 -3.4e+38 -3.4e+38 -3.4e+38 -3.4e+38 -3.4e+38 -3.4e+38 -3.4e+38 -3.4e+38 -3.4e+38 -3.4e+38 -3.4e+38
-0.397148864498784 -0.370696942556865 -0.354893435633175 -0.318826307056223 -0.304838479457261 -0.295231154549642 -0.292668170845396 -0.290298617140876 -0.274551019939894 -0.239480023993475 -0.203426115259468 -0.192738538037084 -0.186520988744085 -0.179170969525047 -0.150063547345626 -0.0801872462483845 0.0633199220479055 0.105747106875948 0.142530372714487 -3.4e+38 0.0998937854183905 -0.0213420298326472 -0.0421888150477155 -0.0318197637706397 -3.4e+38 -3.4e+38 -3.4e+38 -3.4e+38 -3.4e+38 -3.4e+38 -3.4e+38 -3.4e+38 -3.4e+38 -3.4e+38 -3.4e+38 -3.4e+38 -3.4e+38 -3.4e+38 -3.4e+38 -3.4e+38 -3.4e+38 -3.4e+38 -3.4e+38 -3.4e+38 -3.4e+38 -3.4e+38 -3.4e+38 -3.4e+38 -3.4e+38 -3.4e+38 -3.4e+38
-0.410408931931762 -0.39071392142453 -0.37545689609264 -0.337758781599338 -0.320397688563829 -0.311145039791633 -0.308265463643094 -0.279313970068985 -0.200855498734335 -0.168892771709364 -0.159476425777278 -0.145881140359624 -0.142332761078067 -0.0839273489657858 0.00588619416710952 0.0411094936417435 0.0790227943614878 0.0960838023644113 -3.4e+38 -3.4e+38 0.0535560762234901 -3.4e+38 -3.4e+38 -3.4e+38 -3.4e+38 -3.4e+38 -3.4e+38 -3.4e+38 -3.4e+38 -3.4e+38 -3.4e+38 -3.4e+38 -3.4e+38 -3.4e+38 -3.4e+38 -3.4e+38 -3.4e+38 -3.4e+38 -3.4e+38 -3.4e+38 -3.4e+38 -3.4e+38 -3.4e+38 -3.4e+38 -3.4e+38 -3.4e+38 -3.4e+38 -3.4e+38 -3.4e+38 -3.4e+38 -3.4e+38
-0.429282153158436 -0.431199790369164 -0.393351819034157 -0.362962101822096 -0.336582322636142 -0.30977247597945 -0.203437760638716 -0.14417846299799 -0.12807647043265 -0.121283453451008 -0.118131177096652 -0.104789091104931 -0.0822601336375192 -0.0252588014931775 0.00885015854757967 -3.4e+38 -3.4e+38 -3.4e+38 -3.4e+38 -3.4e+38 -3.4e+38 -3.4e+38 -3.4e+38 -3.4e+38 -3.4e+38 -3.4e+38 -3.4e+38 -3.4e+38 -3.4e+38 -3.4e+38 -3.4e+38 -3.4e+38 -3.4e+38 -3.4e+38 -3.4e+38 -3.4e+38 -3.4e+38 -3.4e+38 -3.4e+38 -3.4e+38 -3.4e+38 -3.4e+38 -3.4e+38 -3.4e+38 -3.4e+38 -3.4e+38 -3.4e+38 -3.4e+38 -3.4e+38 -3.4e+38 -3.4e+38
-0.420374249951513 -0.424779907280958 -0.409592666461181 -0.32836766054452 -0.294252981394886 -0.220576335654581 -0.15574323863065 -0.128673752519436 -0.114936892934099 -0.112656393428089 -0.103817306606541 -0.0920615627003924 -0.0616130420130302 -0.0278227546949825 -3.4e+38 -3.4e+38 -3.4e+38 -3.4e+38 -3.4e+38 -3.4e+38 -3.4e+38 -3.4e+38 -3.4e+38 -3.4e+38 -3.4e+38 -3.4e+38 -3.4e+38 -3.4e+38 -3.4e+38 -3.4e+38 -3.4e+38 -3.4e+38 -3.4e+38 -3.4e+38 -3.4e+38 -3.4e+38 -3.4e+38 -3.4e+38 -3.4e+38 -3.4e+38 -3.4e+38 -3.4e+38 -3.4e+38 -3.4e+38 -3.4e+38 -3.4e+38 -3.4e+38 -3.4e+38 -3.4e+38 -3.4e+38 -3.4e+38
-0.406854224815815 -0.385906385069591 -0.358843725613676 -0.265208024129837 -0.226909205991444 -0.164940180133056 -0.140807311146395 -0.125481991456295 -0.113647563287935 -0.0980533654415842 -0.074188676576015 -0.0582120965051891 -0.037755774662905 -3.4e+38 -3.4e+38 -3.4e+38 -3.4e+38 -3.4e+38 -3.4e+38 -3.4e+38 -3.4e+38 -3.4e+38 -3.4e+38 -3.4e+38 -3.4e+38 -3.4e+38 -3.4e+38 -3.4e+38 -3.4e+38 -3.4e+38 -3.4e+38 -3.4e+38 -3.4e+38 -3.4e+38 -3.4e+38 -3.4e+38 -3.4e+38 -3.4e+38 -3.4e+38 -3.4e+38 -3.4e+38 -3.4e+38 -3.4e+38 -3.4e+38 -3.4e+38 -3.4e+38 -3.4e+38 -3.4e+38 -3.4e+38 -3.4e+38 -3.4e+38
-0.413817479350043 -0.358636161732779 -0.34534098834323 -0.216753501155395 -0.273123650879222 -0.203620140483588 -0.130426111829716 -0.105773243383821 -0.089092649860124 -0.0838200643367339 -0.066027871792781 -3.4e+38 -3.4e+38 -3.4e+38 -3.4e+38 -3.4e+38 -3.4e+38 -3.4e+38 -3.4e+38 -3.4e+38 -3.4e+38 -3.4e+38 -3.4e+38 -3.4e+38 -3.4e+38 -3.4e+38 -3.4e+38 -3.4e+38 -3.4e+38 -3.4e+38 -3.4e+38 -3.4e+38 -3.4e+38 -3.4e+38 -3.4e+38 -3.4e+38 -3.4e+38 -3.4e+38 -3.4e+38 -3.4e+38 -3.4e+38 -3.4e+38 -3.4e+38 -3.4e+38 -3.4e+38 -3.4e+38 -3.4e+38 -3.4e+38 -3.4e+38 -3.4e+38 -3.4e+38
