data/pcas/pca_proj/PC09.asc
NCOLS 494 
NROWS 529 
XLLCORNER -117.166666666667 
YLLCORNER -55.5 
CELLSIZE 0.166666666666667 
NODATA_value -3.4e+38 
[rows 345 to 367 of 529, columns 255 to 305 of 494]
-3.4e+38 -3.4e+38 -3.4e+38 -3.4e+38 -3.4e+38 -3.4e+38 -3.4e+38 -3.4e+38 -3.4e+38 -3.4e+38 -3.4e+38 -3.4e+38 -3.4e+38 -3.4e+38 -3.4e+38 -3.4e+38 -3.4e+38 -3.4e+38 -3.4e+38 -3.4e+38 -3.4e+38 -3.4e+38 -3.4e+38 -3.4e+38 -0.218512292167938 -0.206968598424074 -0.197865063325432 -0.200800004051038 -0.20833546482465 -0.108817542270605 -0.0260571070247489 -0.0285808616011735 -0.00706330084501228 0.026322015799163 0.0232312161913106 0.0454157058359236 0.0745655214553937 0.0766810430371905 0.0618009287798837 0.0617731193688373 0.0372002540930421 -0.0907652899145436 -0.0693645272418361 0.0489328751266683 0.0618895479806691 0.0598614828195758 0.0637362085587108 0.0531351781103804 0.0649489370848985 0.11733024438713 0.0480266665110844
-3.4e+38 -3.4e+38 -3.4e+38 -3.4e+38 -3.4e+38 -3.4e+38 -3.4e+38 -3.4e+38 -3.4e+38 -3.4e+38 -3.4e+38 -3.4e+38 -3.4e+38 -3.4e+38 -3.4e+38 -3.4e+38 -3.4e+38 -3.4e+38 -3.4e+38 -3.4e+38 -3.4e+38 -3.4e+38 -3.4e+38 -3.4e+38 -0.221823239196646 -0.212368992902105 -0.205137247830708 -0.21342575777749 -0.217935361698056 -0.106291816478335 -0.020388634738454 -0.00974759319500695 0.0323955793764656 0.0358840036856239 0.0290516205309695 0.0387988359179323 0.0667891464287701 0.086167091528236 0.0658899016409561 0.0587379751798202 0.0644384180780614 0.0465354085447564 0.0461242018389139 0.0503844452877074 0.0583477223546159 0.0572838804155976 0.0675419544435896 0.0605731309971731 0.0723105734911396 0.0793036073855906 0.0425792960050115
-3.4e+38 -3.4e+38 -3.4e+38 -3.4e+38 -3.4e+38 -3.4e+38 -3.4e+38 -3.4e+38 -3.4e+38 -3.4e+38 -3.4e+38 -3.4e+38 -3.4e+38 -3.4e+38 -3.4e+38 -3.4e+38 -3.4e+38 -3.4e+38 -3.4e+38 -3.4e+38 -3.4e+38 -3.4e+38 -3.4e+38 -3.4e+38 -3.4e+38 -0.215190116235042 -0.2156721760124 -0.223867478931841 -0.222266119885671 -0.213500710009014 -0.110708913297482 -0.0128860167864887 0.0394841532077309 -0.00556843651533995 0.0302856378435851 0.051546245144398 0.0882521835695979 0.0863871749220798 0.0755067099409217 0.0610889750851874 0.078934320883877 0.0677874241119979 0.0705439741696381 0.0597207145703664 0.0665116130538648 0.066488473695281 0.0663166782662389 0.0639499300269706 0.0589208464562071 0.0478789483655508 0.0363670329233188
-3.4e+38 -3.4e+38 -3.4e+38 -3.4e+38 -3.4e+38 -3.4e+38 -3.4e+38 -3.4e+38 -3.4e+38 -3.4e+38 -3.4e+38 -3.4e+38 -3.4e+38 -3.4e+38 -3.4e+38 -3.4e+38 -3.4e+38 -3.4e+38 -3.4e+38 -3.4e+38 -3.4e+38 -3.4e+38 -3.4e+38 -3.4e+38 -0.236161298150288 -0.220264140696828 -0.22021807550436 -0.22246550696008 -0.225442001857174 -0.226232536123138 -0.115095860450673 -0.0203913743107206 0.0116778836410752 0.0458751951226571 0.0630854985145411 0.0460488178267378 0.0857154141438135 0.0817521120518186 0.0855248279427753 0.0754844301839119 0.080655988765736 0.0790196521690758 0.0722678178565143 0.0589801908204204 0.0667629174555291 0.0553167208028452 0.0646542251495553 0.0684721353040433 0.0503528372254706 0.0483790028653595 0.0395049394750731
-3.4e+38 -3.4e+38 -3.4e+38 -3.4e+38 -3.4e+38 -3.4e+38 -3.4e+38 -3.4e+38 -3.4e+38 -3.4e+38 -3.4e+38 -3.4e+38 -3.4e+38 -3.4e+38 -3.4e+38 -3.4e+38 -3.4e+38 -3.4e+38 -3.4e+38 -3.4e+38 -3.4e+38 -3.4e+38 -3.4e+38 -0.223104805868816 -0.235118357664006 -0.228590338061288 -0.224673997365282 -0.2252771742047 -0.224362191404363 -0.221905479212044 -0.110126403973067 -0.0153570539419877 0.0180973350468469 0.0571756027654172 0.0525225518502538 0.07045270333556 0.0840061134097536 0.0652055275944992 0.0746081754333852 0.0801733861566123 0.111756140676361 0.0755276616608056 0.0527297841659921 0.0780200685733513 0.0736273035265513 0.0712135596877018 0.0702546160922795 0.0654950412728624 0.0842433012224142 0.0513035627478813 0.0418845608535943
-3.4e+38 -3.4e+38 -3.4e+38 -3.4e+38 -3.4e+38 -3.4e+38 -3.4e+38 -3.4e+38 -3.4e+38 -3.4e+38 -3.4e+38 -3.4e+38 -3.4e+38 -3.4e+38 -3.4e+38 -3.4e+38 -3.4e+38 -3.4e+38 -3.4e+38 -3.4e+38 -3.4e+38 -3.4e+38 -3.4e+38 -0.220414639482327 -0.230085278125081 -0.232650774191544 -0.230545472355116 -0.229689740198541 -0.229111863913968 -0.22536427167737 -0.110446924046933 -0.0220587862371703 0.00921041314102533 0.0640566469488848 0.0523671899492737 0.0719474936436951 0.0660129900915212 0.0775929371075248 0.0741389433035837 0.0658852935558776 0.0777112631410054 0.0537102357808458 0.0766927323835347 0.0820416885170102 0.0802653075305191 0.0885690427626895 0.0751735640315309 0.0669852079116281 0.0364244609244382 0.0559828208721092 -0.00434191277274043
-3.4e+38 -3.4e+38 -3.4e+38 -3.4e+38 -3.4e+38 -3.4e+38 -3.4e+38 -3.4e+38 -3.4e+38 -3.4e+38 -3.4e+38 -3.4e+38 -3.4e+38 -3.4e+38 -3.4e+38 -3.4e+38 -3.4e+38 -3.4e+38 -3.4e+38 -3.4e+38 -3.4e+38 -3.4e+38 -3.4e+38 -0.222088993359551 -0.228323467365239 -0.244779335910965 -0.24379652696238 -0.233386518615957 -0.234849619267734 -0.229910112748175 -0.110986860174195 -0.0598625330969916 0.0223861132855873 0.00861099510057417 0.0546929489554531 0.0722956870834175 0.0789145047543404 0.078124379974276 0.0695913327512772 0.0617587558252002 0.0566593343412738 0.0563153942930561 0.0708857504711037 0.0601367968109366 0.0754762354912759 0.0961213803951544 0.093150267270713 0.0667558445849296 0.10612719323898 0.0636901887831244 0.0550858056660031
-3.4e+38 -3.4e+38 -3.4e+38 -3.4e+38 -3.4e+38 -3.4e+38 -3.4e+38 -3.4e+38 -3.4e+38 -3.4e+38 -3.4e+38 -3.4e+38 -3.4e+38 -3.4e+38 -3.4e+38 -3.4e+38 -3.4e+38 -3.4e+38 -3.4e+38 -3.4e+38 -3.4e+38 -3.4e+38 -3.4e+38 -0.208584656891815 -0.229187245356365 -0.242849576408917 -0.243948889197949 -0.249951484200563 -0.239348475965104 -0.231677359525401 -0.147958088017444 -0.0512992853277259 0.0377792602862623 0.0447906064989461 0.0710048905178589 0.074654483061832 0.097922097319061 0.0939950356768946 0.0780383008985811 0.0702921405370002 0.0629909216711274 0.0788952564437659 0.0653301747813145 0.0542187384092027 0.0749686234010698 0.0888637825229796 0.0944003554438239 0.0781550651878908 0.104775968858188 0.0722094006274394 0.0779470254600574
-3.4e+38 -3.4e+38 -3.4e+38 -3.4e+38 -3.4e+38 -3.4e+38 -3.4e+38 -3.4e+38 -3.4e+38 -3.4e+38 -3.4e+38 -3.4e+38 -3.4e+38 -3.4e+38 -3.4e+38 -3.4e+38 -3.4e+38 -3.4e+38 -3.4e+38 -3.4e+38 -3.4e+38 -3.4e+38 -3.4e+38 -0.216831666772563 -0.227976714633962 -0.237471732748805 -0.23849955699827 -0.250230340822479 -0.242403532628882 -0.23707996727804 -0.134322309652734 -0.000974608039896463 -0.0258694972892022 0.0256019754120356 0.0502428346122533 0.0947381894852856 0.0874518729745613 0.0915287431825991 0.110201395249941 0.0653566789279569 0.0659588481094469 0.0742648405895535 0.0573876832811663 0.0544769089033708 0.0655564237594523 0.0840153266482266 0.0777543142974245 0.069469752389432 0.116865772964272 0.100518502167217 0.0826069982142438
-3.4e+38 -3.4e+38 -3.4e+38 -3.4e+38 -3.4e+38 -3.4e+38 -3.4e+38 -3.4e+38 -3.4e+38 -3.4e+38 -3.4e+38 -3.4e+38 -3.4e+38 -3.4e+38 -3.4e+38 -3.4e+38 -3.4e+38 -3.4e+38 -3.4e+38 -3.4e+38 -3.4e+38 -3.4e+38 -3.4e+38 -0.217966776879825 -0.229221870826237 -0.234465718857164 -0.242291874559354 -0.249771848594045 -0.248851277471931 -0.183862671070446 -0.130122342533844 0.001089162323475 -0.00925704340045652 -0.00914791801643078 0.0658310468805899 0.0896481381012775 0.105464878324697 0.110864997483462 0.0943212028571704 0.0744116584562179 0.0818150511022543 0.0773991619208677 0.0544756812931614 0.0534899065502701 0.0619166517828261 0.1007145065028 0.0642402240354149 0.0550670698136707 0.110867524623616 0.0986527735287929 0.0577855324579593
-3.4e+38 -3.4e+38 -3.4e+38 -3.4e+38 -3.4e+38 -3.4e+38 -3.4e+38 -3.4e+38 -3.4e+38 -3.4e+38 -3.4e+38 -3.4e+38 -3.4e+38 -3.4e+38 -3.4e+38 -3.4e+38 -3.4e+38 -3.4e+38 -3.4e+38 -3.4e+38 -3.4e+38 -3.4e+38 -3.4e+38 -0.219792874517002 -0.227267042672037 -0.227508131878305 -0.230986047779072 -0.237188434601579 -0.241843018757602 -0.160626725781368 -0.0146883395956798 0.000313530305378396 0.0235933339097999 0.0537610588154024 0.0749203098643386 0.0989583983513852 0.121903994419935 0.111404587793787 0.0870205414634226 0.0838535570098422 0.0988125775883758 0.0727870499411019 0.0525893779093944 0.0568150819555883 0.0631060304092654 0.0965183398262616 0.0499943767591343 0.0532861918050697 0.108532730182922 0.0758329191560739 0.0580999555130715
-3.4e+38 -3.4e+38 -3.4e+38 -3.4e+38 -3.4e+38 -3.4e+38 -3.4e+38 -3.4e+38 -3.4e+38 -3.4e+38 -3.4e+38 -3.4e+38 -3.4e+38 -3.4e+38 -3.4e+38 -3.4e+38 -3.4e+38 -3.4e+38 -3.4e+38 -3.4e+38 -3.4e+38 -3.4e+38 -3.4e+38 -0.216152028918948 -0.220803672420152 -0.228352544013548 -0.230136302221437 -0.222382150923899 -0.173969368776405 -0.148722910222903 -0.0219510483031877 -0.00128330509120322 0.0915546725050495 0.0198647105027511 0.036675994943215 0.099606616291345 0.107014096656645 0.112260813418325 0.106785220675953 0.108401902257596 0.0887240486559079 0.0767530622353805 0.0422235744430573 0.0752672290486146 0.0660166669043467 0.0620616194623318 0.0459764253571125 0.0495737711441026 0.0936881023603123 0.0731959278981423 0.0603609506373741
-3.4e+38 -3.4e+38 -3.4e+38 -3.4e+38 -3.4e+38 -3.4e+38 -3.4e+38 -3.4e+38 -3.4e+38 -3.4e+38 -3.4e+38 -3.4e+38 -3.4e+38 -3.4e+38 -3.4e+38 -3.4e+38 -3.4e+38 -3.4e+38 -3.4e+38 -3.4e+38 -3.4e+38 -3.4e+38 -3.4e+38 -0.216131517715338 -0.224381764669127 -0.226987643305181 -0.223468732857922 -0.169304930212275 -0.162559125332912 -0.0997092468196716 -0.0127181778710772 -0.00221841174186832 0.0779002620963167 0.0165215278529111 0.0977440560769495 0.104673384324234 0.103353518266128 0.0997725258639026 0.100144600242221 0.08360065144553 0.0609727773557573 0.0543897339325979 0.0818320438584094 0.0840831756182512 0.0777708490392113 0.0615633703614692 0.0900434129691827 0.0842091148601355 0.0764936257812265 0.0866883652487965 0.0707176368523961
-3.4e+38 -3.4e+38 -3.4e+38 -3.4e+38 -3.4e+38 -3.4e+38 -3.4e+38 -3.4e+38 -3.4e+38 -3.4e+38 -3.4e+38 -3.4e+38 -3.4e+38 -3.4e+38 -3.4e+38 -3.4e+38 -3.4e+38 -3.4e+38 -3.4e+38 -3.4e+38 -3.4e+38 -3.4e+38 -0.201641795014031 -0.223309227214692 -0.230135622698882 -0.228986669095961 -0.225520664763479 -0.165668076328516 -0.164202218664944 -0.117180492297647 -0.0180582206627912 -0.00177303296217857 0.0351321254149499 0.0241823172972797 0.100780663515401 0.094486568843888 0.143192951565421 0.13032950289989 0.100548071685338 0.078469722287415 0.0540039680465191 0.0441342366776887 0.0567141033555937 0.0660119465703052 0.0645597953052091 0.0977162937900058 0.0856823891869615 0.0828410836801812 0.0913580683569361 0.0836006065931763 0.072855832797915
-3.4e+38 -3.4e+38 -3.4e+38 -3.4e+38 -3.4e+38 -3.4e+38 -3.4e+38 -3.4e+38 -3.4e+38 -3.4e+38 -3.4e+38 -3.4e+38 -3.4e+38 -3.4e+38 -3.4e+38 -3.4e+38 -3.4e+38 -3.4e+38 -3.4e+38 -3.4e+38 -3.4e+38 -3.4e+38 -0.213629772067138 -0.229878851554792 -0.234523375608272 -0.214692448207864 -0.112668402172577 -0.12336245116453 -0.166046247711358 -0.00291470616061706 -0.0140239007319585 0.0185587325618093 0.0458946105511107 0.055860680987862 0.0668926307701922 0.115506010146423 0.155045559139089 0.117851111727244 0.0878935461372811 0.0763276978032071 0.0572029975700579 -0.0138933336574676 0.0454123504335479 0.0960135627522016 0.102172157885305 0.0867157109991787 0.0911586130533272 0.090182965031396 0.0793076829273243 0.0724395661271502 0.0683021730554151
-3.4e+38 -3.4e+38 -3.4e+38 -3.4e+38 -3.4e+38 -3.4e+38 -3.4e+38 -3.4e+38 -3.4e+38 -3.4e+38 -3.4e+38 -3.4e+38 -3.4e+38 -3.4e+38 -3.4e+38 -3.4e+38 -3.4e+38 -3.4e+38 -3.4e+38 -3.4e+38 -3.4e+38 -3.4e+38 -0.214086476292432 -0.196817072999744 -0.207574829439245 -0.207568054351052 -0.11418227736954 -0.165700903707019 -0.157218062814526 -0.0890797060165724 0.0258752698561389 0.0253506681628408 0.059900074204774 0.118976341747005 0.128913731738867 0.112748214053946 0.118725251085571 0.111101342034526 0.0783265095072215 0.0721014984691635 0.0399441667696916 0.042700095610603 0.0445501065585031 0.0505678369322637 0.0537101142682871 0.0812675986562404 0.0976196539628335 0.0818755781374297 0.0743300935810851 0.0640037692897972 0.054802156159843
-3.4e+38 -3.4e+38 -3.4e+38 -3.4e+38 -3.4e+38 -3.4e+38 -3.4e+38 -3.4e+38 -3.4e+38 -3.4e+38 -3.4e+38 -3.4e+38 -3.4e+38 -3.4e+38 -3.4e+38 -3.4e+38 -3.4e+38 -3.4e+38 -3.4e+38 -3.4e+38 -3.4e+38 -0.194770849835929 -0.220901674545916 -0.202236019659082 -0.21105411366933 -0.203061258348173 -0.109790025919963 -0.155522702906903 -0.0984271714904744 0.0122469831337643 0.0394246088505581 0.0377534080785871 0.0600350338878503 0.0799622715915773 0.138565481863127 0.11710442732646 0.10666151188326 0.112939326282063 0.090161004832688 0.0622121234644474 0.0472137581138674 0.0428229580889187 0.0428466123075181 0.0908133762723742 0.0772261707313533 0.0872413757241323 0.089036090235639 0.0881915323522721 0.0983230911758216 0.107975607401188 0.0811969186823597
-3.4e+38 -3.4e+38 -3.4e+38 -3.4e+38 -3.4e+38 -3.4e+38 -3.4e+38 -3.4e+38 -3.4e+38 -3.4e+38 -3.4e+38 -3.4e+38 -3.4e+38 -3.4e+38 -3.4e+38 -3.4e+38 -3.4e+38 -3.4e+38 -3.4e+38 -3.4e+38 -3.4e+38 -0.18438815983952 -0.190917519472681 -0.2037094491358 -0.211909480652466 -0.196997163015599 -0.157640450543633 -0.151446232006306 -0.128898371800122 -0.0724151083277489 0.0255310629644727 0.054514354672424 0.0832226599800201 0.0876742895380548 0.0940548589088027 0.142395940668096 0.116079525523889 0.105087712716553 0.0708361289944015 0.0470147196766869 0.0441848397881225 0.104515687676364 0.106254834358378 0.0870210822037419 0.0975274157566027 0.11303461170104 0.108911262508754 0.110412154160724 0.113561542570265 0.109872158390784 0.10296913192765
-3.4e+38 -3.4e+38 -3.4e+38 -3.4e+38 -3.4e+38 -3.4e+38 -3.4e+38 -3.4e+38 -3.4e+38 -3.4e+38 -3.4e+38 -3.4e+38 -3.4e+38 -3.4e+38 -3.4e+38 -3.4e+38 -3.4e+38 -3.4e+38 -3.4e+38 -3.4e+38 -3.4e+38 -0.206940022117637 -0.195044544906821 -0.209503497195664 -0.217657773908561 -0.205802534294683 -0.147784744468998 -0.153336393918643 -0.131713097746327 -0.0635225612516848 0.0406096505341793 0.0460368847289949 0.06014546160843 0.13884831402807 0.119408835351147 0.150293878560909 0.111699805399855 0.0985243206267199 0.070016496846513 0.0488818872246919 0.0812458486366645 0.103668750967986 0.120415442211001 0.101210130946225 0.101143204270323 0.112613465376802 0.116756461542739 0.115264792341027 0.114888427283262 0.0343954085773402 0.096188981734497
-3.4e+38 -3.4e+38 -3.4e+38 -3.4e+38 -3.4e+38 -3.4e+38 -3.4e+38 -3.4e+38 -3.4e+38 -3.4e+38 -3.4e+38 -3.4e+38 -3.4e+38 -3.4e+38 -3.4e+38 -3.4e+38 -3.4e+38 -3.4e+38 -3.4e+38 -3.4e+38 -0.196462172164106 -0.208237804142762 -0.218524077176346 -0.209315652813041 -0.211133027049045 -0.19755623289598 -0.188122122717835 -0.125516920458916 -0.143457740534774 -0.0613424297148157 -0.0382077006915933 0.0666337293418106 0.0789546246089691 0.0947937013340664 0.144606990123729 0.146983947532543 0.0839815854803398 0.0817053169697309 0.0694654393851705 0.0565261134895078 0.048191452771611 0.0879109419365791 -0.0451754868892171 0.113309564125523 0.0963038736571493 0.11140486938909 0.120354320161708 0.11574421640539 0.110446020476392 0.109249204221766 0.0827963016893312
-3.4e+38 -3.4e+38 -3.4e+38 -3.4e+38 -3.4e+38 -3.4e+38 -3.4e+38 -3.4e+38 -3.4e+38 -3.4e+38 -3.4e+38 -3.4e+38 -3.4e+38 -3.4e+38 -3.4e+38 -3.4e+38 -3.4e+38 -3.4e+38 -3.4e+38 -3.4e+38 -0.204725622613084 -0.211633487705008 -0.223045438418625 -0.213868696394314 -0.206833500232282 -0.18949459784472 -0.128022567753571 -0.109208723803719 -0.110851149988316 -0.0697489792091805 -0.00449825934512932 0.0928751918946129 0.115345839898345 0.134722350817776 0.130836588190372 0.122548506119361 0.0704915865740899 0.0603268754781382 0.0391500312662262 0.040594479047971 0.0782581188298336 0.0730906323557706 0.120919140060825 0.130900557115153 0.107294278535985 0.11318329009972 0.119614811950867 0.114740282518429 0.106966798190143 0.100279268882846 0.0768165918157751
-3.4e+38 -3.4e+38 -3.4e+38 -3.4e+38 -3.4e+38 -3.4e+38 -3.4e+38 -3.4e+38 -3.4e+38 -3.4e+38 -3.4e+38 -3.4e+38 -3.4e+38 -3.4e+38 -3.4e+38 -3.4e+38 -3.4e+38 -3.4e+38 -3.4e+38 -3.4e+38 -0.200598029832971 -0.208542057130828 -0.21416210390724 -0.203649364880469 -0.191978138763705 -0.183644790381769 -0.116176470743221 -0.0801929786412533 -0.0789963129367823 -0.0343193201927885 0.0416613805085451 0.0860340796590587 0.131981871239703 0.117773871058709 0.1279312709715 0.0998792013107707 0.043467805752161 0.0375541883363352 0.0802367002019448 0.0831300054744515 0.0829492634146952 0.072023181032027 0.101088587641623 0.118712635937675 0.109531840615445 0.10103991000154 0.109766614860411 0.111993281576391 0.104998045065493 0.0964411783823189 0.0664297767684177
-3.4e+38 -3.4e+38 -3.4e+38 -3.4e+38 -3.4e+38 -3.4e+38 -3.4e+38 -3.4e+38 -3.4e+38 -3.4e+38 -3.4e+38 -3.4e+38 -3.4e+38 -3.4e+38 -3.4e+38 -3.4e+38 -3.4e+38 -3.4e+38 -3.4e+38 -3.4e+38 -0.198548331795183 -0.207870534820413 -0.219530574063637 -0.202750058341631 -0.18849468367829 -0.120934211065168 -0.1078819187658 -0.0627460614911409 -0.0551615640979321 -0.00790608701645906 0.117382409673043 0.0996547707460548 0.127880490094253 0.118856682063633 0.122668030279194 0.0585306815088832 0.0364405413028556 0.0496024100598882 0.103162747221918 0.0405762399996642 0.0556761132955942 0.070256739791963 0.104700705937014 0.122464494133771 0.110167098953546 0.0828151186822731 0.0950331360344153 0.107205832266236 0.0998174469238892 0.0810139165323563 0.0515486899468324
