data/pcas/pca_proj/PC09.asc
NCOLS 494 
NROWS 529 
XLLCORNER -117.166666666667 
YLLCORNER -55.5 
CELLSIZE 0.166666666666667 
NODATA_value -3.4e+38 
[rows 230 to 252 of 529, columns 306 to 356 of 494]
0.335712209000284 0.324676804662831 0.322371771600019 0.316242973701892 0.298865465385015 0.268626606079277 0.253359336797262 0.234709531343131 0.22304041344683 0.205825922062528 0.18588606485179 0.169396417723079 0.155728396629392 0.524872124945862 0.528759051694129 0.536075961345541 0.544855225050979 0.534639316110939 0.534882563082374 0.525572416610495 0.191183972624209 0.192726287687038 -0.679283805652454 -0.681184014080614 -0.677898191850895 -0.69018177345375 -0.69588664323624 -0.717918823624595 -0.734937883439399 -0.745823567404675 -0.776670728389104 -0.790439467726183 -0.804613018016922 -0.812786635489451 -0.810474685033214 -0.816300286545985 -0.807785224617186 -0.794018349027329 -0.786373792711753 -0.772393229302867 -0.762214256548889 -0.763813759412309 -0.753643242153752 -0.748948162623786 -0.741306352262597 -0.755103653493321 -0.757814355893693 -0.754916610774135 -0.75632407779356 -0.755576213985187 -0.757717973503548
0.314306267504815 0.308770337960841 0.304465595920616 0.302702201673573 0.292698862050944 0.270803212052608 0.259342228127037 0.24145703988732 0.217820994868737 0.196430567530587 0.178057722331433 0.159914597557438 0.1550530022132 0.534797124356083 0.54082561152926 0.549835196558713 0.550869226796813 0.541590220978795 0.542672088619779 0.52420359198563 0.179809626695901 0.172252076770394 -0.710164543130503 -0.706997501163148 -0.703138894188514 -0.715406755095482 -0.733521298762542 -0.748521557618623 -0.762507567683907 -0.794127453613908 -0.823717417072866 -0.842012574274699 -0.854591163176101 -0.86543161308896 -0.882211828701227 -0.897262952177754 -0.884567110739041 -0.860231708124435 -0.840898885259048 -0.823058936257975 -0.819778353779176 -0.811562328660476 -0.802462814236651 -0.797103893003558 -0.79105247223946 -0.791426381598874 -0.799387007053424 -0.789589506947016 -0.792839753336515 -0.798226811573684 -0.796956749072314
0.28617576645005 0.28450980539034 0.290417102661661 0.280138150477232 0.27521692305074 0.278300532891855 0.264700370305179 0.245043045198346 0.220575867217843 0.20101412030809 0.175255831160242 0.163862215121544 0.157248969052672 0.55005541308292 0.554616644738459 0.560972468972507 0.553753224369166 0.550655618212312 0.547911351301545 0.53356723685455 0.164890975680873 0.168235322106928 -0.731786056112312 -0.727153219446888 -0.725699948162789 -0.733616443525671 -0.756510624836789 -0.80130934951387 -0.811305023398561 -0.839716367524567 -0.865791449585656 -0.894900471167614 -0.908201945776388 -0.928625596487062 -0.939881473636641 -0.948366149894558 -0.943667956847057 -0.914005169234073 -0.897926490849508 -0.871255420021436 -0.866342799633489 -0.855135255216217 -0.8398352098043 -0.832448027626416 -0.83102297783334 -0.833339874626409 -0.828938143267194 -0.837439649687356 -0.832077071622514 -0.838431393985457 -0.84034090844155
0.260478988173965 0.2582371619102 0.259854924617424 0.263644137891066 0.261466295194108 0.264391888713791 0.266074321660187 0.256146390010129 0.218977669896017 0.187619497364006 0.1737151404412 0.16046453495941 0.587721498717616 0.150719094892861 0.56758422514071 0.55978004278116 0.559243047452976 0.557460565025921 0.546849746804267 0.533150297222765 0.518427547778719 0.164311482513396 -0.763543378207299 -0.763425001722158 -0.759196501433846 -0.760660311978195 -0.802590157220718 -0.850894007110447 -0.866689666587473 -0.889953859632141 -0.905945721694112 -0.936076522679451 -0.959667074791798 -0.973563488971096 -0.978925872232847 -0.978747359318739 -0.96908260456507 -0.951088850371453 -0.938853001030622 -0.905285166675738 -0.895447602511617 -0.87734829606583 -0.869202082060861 -0.861136766644615 -0.860152705678025 -0.86847206746702 -0.869583549786824 -0.860729554251218 -0.870881766916747 -0.873226803093681 -0.888785035693526
0.243709230291394 0.247306828345517 0.2423456709702 0.236216234873478 0.239052588342897 0.240004741003376 0.246462213627592 0.233445151486156 0.203205773361506 0.180559424306884 0.159591980457309 0.151620972529332 0.602565974054802 0.588639282987247 0.578761631995439 0.576703760859959 0.571335637291438 0.560177908416395 0.550286695977211 0.548100465882437 0.542606128084517 0.528561437017736 -0.445053785261253 -0.799665298467438 -0.81128899157175 -0.826928202199367 -0.873969430665226 -0.892427713935044 -0.91382382784865 -0.929838217212621 -0.95296960773812 -0.981302837420165 -1.00326489003709 -1.00353618779624 -1.0106077639283 -1.00463711643502 -0.990601763075847 -0.973245800171143 -0.961802174237936 -0.933912590964518 -0.918075576325675 -0.903339369057919 -0.890113171455859 -0.884873861071885 -0.891348821333917 -0.883157723658847 -0.899849924961255 -0.9058354174732 -0.914015384338765 -0.917118195180053 -0.92812534963127
0.224406992023521 0.221373813307643 0.215296573392241 0.210051740566239 0.214103244987391 0.211229136826302 0.206135569024833 0.196849974452507 0.178119535944035 0.160690240436213 0.147212392744957 0.145154596133396 0.611152484158691 0.60473505644754 0.597442282470586 0.59200539995669 0.583943024190947 0.576716996244744 0.567950837581295 0.562781106589339 0.556150779044852 0.555939650736484 0.54624912104908 -0.84053710993186 -0.856664710016955 -0.891869347094362 -0.920009786661691 -0.935567680473775 -0.957529493391321 -0.980876614636797 -0.999315066318225 -1.01080282371145 -1.03923569670953 -1.0393652849617 -1.04297674684579 -1.0297365916562 -1.01523837044041 -0.989629071114267 -0.975119874792986 -0.948687192311359 -0.93163976233949 -0.921981527157195 -0.916002802927427 -0.915416308745013 -0.91794670855763 -0.919666702295215 -0.920109506655026 -0.929637728180093 -0.950674675738092 -0.96136739786017 -0.971474988733351
0.220110569177843 0.204802544423893 0.201882215916241 0.195075759840479 0.186558941002557 0.173842294925511 0.161308844428046 0.158348805098026 0.170704122603082 0.162979636887627 0.166486735735932 0.178059492638386 0.649912858203934 0.640363354392002 0.615616328484873 0.59319573563895 0.587858981234563 0.584594179754194 0.5818763175573 0.576551392547927 0.576654658070357 0.575747003880099 0.57350273125427 0.171969870168173 -0.903011633163905 -0.92090529411495 -0.951095631749356 -0.967418190538768 -1.00189876217906 -1.03016945480373 -1.04685122966663 -1.06031356223895 -1.06691413677119 -1.07352220449873 -1.07034320465398 -1.05169165566534 -1.02889901765751 -1.00403910710007 -0.973686851634876 -0.953298535097664 -0.944462491955697 -0.93778585849334 -0.933158673711653 -0.92722531902245 -0.934247567522217 -0.945435388142654 -0.509670849430015 -0.515989537077649 -0.524875817573403 -0.532406730567092 -0.532169943311706
0.213437129831277 0.204302695788017 0.185117591260306 0.172100651498036 0.160610035285754 0.150886681528956 0.128820866984043 0.139479138679088 0.169080013247002 0.190199304799377 0.220441513256929 0.239287561535371 0.231672651425759 0.695088411572706 0.663525632691148 0.625180126013976 0.608577688666449 0.598490242111481 0.596757043261371 0.598135528078248 0.604177514119979 0.611728561272975 0.621725694106125 0.632328497477423 0.19570777850009 -0.946727174384212 -0.975786352534219 -1.00277810603408 -1.03659202709609 -1.06913049844229 -1.08443795321296 -1.0961631090236 -1.10229856349321 -1.10035953615499 -1.09490356855673 -1.06501707570972 -1.02209988422194 -0.9981642785325 -0.971413840740131 -0.955732668039401 -0.951301883851728 -0.952733796011556 -0.944607356783658 -0.940536668859146 -0.94908334621291 -0.524510163458104 -0.532173927566762 -0.532157439156672 -0.541917685186149 -0.553217539238868 -0.55456174193426
0.209703540125994 0.199083436101977 0.178718328272251 0.158477948406501 0.129220882933958 0.116296305820386 0.0994152333315157 0.11600933849652 0.159473551442514 0.207590401341664 0.260386602756241 0.310492507351372 0.308198788200237 0.746422643460769 0.703847595721173 0.654254665112729 0.622633647628112 0.616800325853668 0.608254455448583 0.611576416882563 0.620351326011395 0.640251942921265 0.662546865391023 0.666845872863158 0.682332579870985 0.225666093909313 0.236733174961439 0.246566093643937 -1.07709399786647 -1.10505100207538 -1.12857585970383 -1.13672890966709 -1.14766779189925 -1.13714006727434 -1.12293451978308 -1.08011783012241 -1.03027151591762 -0.53539085563416 -0.524110412476499 -0.518172788562115 -0.957077922129284 -0.959472935352959 -0.952035684801223 -0.948875547547664 -0.521650076235468 -0.534072058658953 -0.538070567736382 -0.546962675804872 -0.558691056910555 -0.573729102347708 -0.566391829595742
0.214272739617455 0.208872737577678 0.183198475100717 0.155410520441598 0.122910260536988 0.0911588169250733 0.0753348620867147 0.0885406067604207 0.137307222585817 0.218567734356536 0.299052184734317 0.37009224299649 0.343603759017346 0.297039785354868 0.744322532135946 0.680788527783722 0.640387862602976 0.631330309036937 0.617330511723656 0.625695342040766 0.645500584766045 0.672483367371661 0.696834347657061 0.710730803822659 0.724288854112617 0.735414444671376 0.251425996686612 0.262397089030509 0.254674391097378 0.256006784865384 -1.15864341856696 -1.17310146144814 -1.1673429772861 -1.15850884729822 -1.15936965373377 -1.10132883250026 -0.553792277927119 -0.529924651314509 -0.520465325511342 -0.962291802232698 -0.960976871146265 -0.52192512445609 -0.529330455131395 -0.528460620039888 -0.531286086240416 -0.542502278776188 -0.552512796319969 -0.557825784219934 -0.567883393967329 -0.589612782021156 -0.570256872034763
0.227643675422212 0.227163844010624 0.1968977416989 0.147348476365255 0.107239786108172 0.0799578818545539 0.045777933147964 0.0495256444868894 0.108372705389759 0.197937137714916 0.283314528442289 0.345109843745708 0.344746226441269 0.30870583699487 0.271725895938112 0.712850947232003 0.664409392730083 0.6453043407195 0.625886866099227 0.643420496056289 0.677896253942833 0.707588523916929 0.739553619569976 0.753444476222523 0.7771550627658 0.77858524138705 0.268164693241388 0.27083741896278 0.272458753048565 0.27517736637753 0.274738280031786 0.2601165958639 -1.19335310259926 -1.17684133827067 -1.15502144239563 -0.601738655816045 -0.564973210960143 -0.540352978017539 -0.528152552376898 -0.523016246027987 -0.524434801794952 -0.526712015171124 -0.530253482832664 -0.533242972206637 -0.538891927974057 -0.552719189600739 -0.561053472476609 -0.568480233875937 -0.580155666824963 -0.594314506718368 -0.584390238587377
0.249158250465495 0.243727812797071 0.199028866233277 0.149917326289109 0.103095264631369 0.063922193126658 0.0268414533192425 0.0267935527733315 0.0918111762256729 0.173199449546032 0.258275671541132 0.311468560606213 0.325688568229276 0.307128576062703 0.281361879638351 0.234890368505246 0.700043575909026 0.678148416547302 0.632017201689435 0.672966242160935 0.718092739606038 0.750029500309315 0.782978764206274 0.801152934133623 0.814958019207529 0.812876611325017 0.29201131506737 0.291059239397056 0.295710427676302 0.300903118546889 0.837416790172042 0.286088465846882 0.804758519655268 0.779877633246369 0.749884255870792 -0.602145595878847 -0.575447780762219 -0.549046220423009 -0.537763338567315 -0.534920402509347 -0.523089305010235 -0.528858722498701 -0.538141727201286 -0.540527598785844 -0.545339382392009 -0.552401467404204 -0.561049951437275 -0.57539063035372 -0.587227147315316 -0.602716313864796 -0.588330213082968
0.254311446880421 0.23561042902097 0.200723674626207 0.146435385251791 0.0993854533066943 0.0603181422327813 0.0387013562983489 0.0398704722197032 0.0859078106608795 0.171071368101808 0.233610811089022 0.291581467414422 0.309905567593965 0.308224473538161 0.29702995612576 0.259959611793311 0.214445039569039 0.721300075522709 0.702176866366903 0.732046744264966 0.760385964277849 0.791432929431404 0.827264211156213 0.292774962993953 0.832810791550544 0.293648200837 0.840119594231856 0.835113980526908 0.84759804936897 0.861549830363402 0.859703458969835 0.844775742478508 0.826399606021177 0.802063570568925 0.773384486690845 0.733313325755899 0.703099144471753 0.67873783108949 -0.545760853921039 -0.537597661137656 -0.541560987040335 -0.536181462306333 -0.541557590924979 -0.545139355651309 -0.553895496145031 -0.556262429441811 -0.569468692144825 -0.580383900519716 -0.592660549748547 -0.598119101654301 -0.584092402379654
0.21103039820877 0.210263768966605 0.180381732132311 0.146166609565664 0.1005043586624 0.0629066923638046 0.0495059400587869 0.0661580201594922 0.109557318043017 0.177727028646059 0.22809115186914 0.273840067557275 0.302234787094613 0.3184061506742 0.316015072125837 0.290468763468862 0.256227816606338 0.238166739655393 0.245862413523105 0.249485298949622 0.263676079020048 0.276445097525501 0.300074434284178 0.303181120831308 0.297685858235515 0.839535842120044 0.838392443849581 0.842436316467377 0.855375660634657 0.88034654201696 0.880016573915461 0.867647250640641 0.847790673842401 0.827758518480365 0.798020647122547 0.7676952344806 0.746079659070492 0.720657917059317 -0.554194232954934 -0.550912037138375 -0.541229963281927 -0.5381774732121 -0.545734934622077 -0.547676504716204 -0.552807663242246 -0.562607795977016 -0.569657429924043 -0.582435148960159 -0.596781704127031 -0.59235938814859 -0.580433719536735
0.173889098098849 0.176595801794507 0.16994006802779 0.138668331144063 0.105928113175369 0.0764048436557908 0.0692638939388588 0.0886171298929732 0.122845258166944 0.174727344555544 0.230659116819967 0.273584214785634 0.307267642711131 0.337726217433963 0.344334801410187 0.328578922081955 0.30296316324936 0.281373959022817 0.290026988356457 0.284906442917845 0.284492958281308 0.28831544015009 0.293378640765523 0.294800919572505 0.282791087526362 0.281304698210202 0.838167396325474 0.837984049485748 0.857610401182804 0.87456599565752 0.885411684195367 0.883511873805813 0.86539317756041 0.845284581681395 0.820986494363843 0.798880254060651 0.773009221519142 0.752962876068835 0.746179477257565 0.73317220464126 0.729593579352279 -0.54546892620796 -0.544198898215233 -0.544594377637739 -0.557380187469483 -0.563267633563519 -0.568920897586157 -0.584131581317046 -0.587168002608513 -0.585892898793802 -0.580390862200367
0.129780586239669 0.145247498283909 0.155608158427417 0.140031315609005 0.118298596578508 0.0847532355481992 0.0815314463460508 0.102203863378704 0.138939927596852 0.188066777227738 0.232848525419031 0.287512980084729 0.315319080720746 0.346566162552625 0.37255475229661 0.364981699921828 0.335032378500603 0.321022031842309 0.313635282075426 0.312694413411218 0.300550415542319 0.292413022857457 0.281667237141331 0.274293384333256 0.262416774443165 0.258937872322974 0.778585181711851 0.818864202761363 0.861182486320006 0.879822708545399 0.885467559278006 0.879089236397185 0.877833579905742 0.8605877054754 0.839704533347161 0.821467441840576 0.8014859172833 0.789215259744543 0.773476118647784 0.765006363051292 0.765756496006575 0.763694634792114 -0.541782828055573 -0.545940770714719 -0.553612004690368 -0.559792096989968 -0.564796699684503 -0.578510750465976 -0.580789693869393 -0.580909411628407 -0.578561430733767
0.0861494013061696 0.112997449941018 0.133362272334401 0.131441470387948 0.123539636420201 0.104187829476273 0.0980636242926391 0.12506243942199 0.150089285406361 0.186545553585498 0.232132017299172 0.287510413078637 0.320172311009911 0.349428913899988 0.378086518171317 0.377474567798482 0.361637419838043 0.358605054929218 0.358568642805514 0.345531525132578 0.319899487641678 0.298938155780403 0.268902079937364 0.244027415190497 0.229917872397328 0.225458887289097 0.762422739266807 0.8030919391952 0.829785562379374 0.868502518353088 0.884262588374161 0.881936592903224 0.883702956292447 0.877303572151033 0.860597718868833 0.847032230011981 0.830045456623262 0.817138753986819 0.805067690422741 0.796907712976516 0.7929041600946 0.795515684806884 0.795077713718534 -0.537778168176421 -0.550325889775256 -0.552642117264021 -0.559532390190887 -0.56923355098765 -0.573485179540507 -0.571672120819294 -0.571099857558124
0.0599589495378908 0.0813879667954969 0.100653552353548 0.110085516763966 0.105693454493259 0.0958005662560715 0.110472239915408 0.127470379536091 0.162347978382752 0.200049976051556 0.235333092153623 0.276527977032391 0.314914675694486 0.351497913733174 0.374628152892374 0.377916777234776 0.38537990798006 0.397325861023962 0.401054993288118 0.379089336821396 0.351636235773845 0.308722113151416 0.263425039426027 0.234019501769812 0.208776347129938 0.717827763148114 0.758108298733375 0.814756834903118 0.825898327180757 0.857256637208898 0.87898037145089 0.887588067061039 0.895562013650148 0.89372136110778 0.879516027215164 0.868148917148444 0.858196492633244 0.844778369332956 0.834026030533007 0.819535106297533 0.816786621797328 0.812037507006183 0.81903244281441 0.811992105004302 0.794043290191014 -0.55297119097511 -0.557353715892645 -0.552422319670591 -0.565000478882355 -0.565792843083276 -0.565213926075819
0.0338777932589232 0.0585000094145816 0.0787281537834128 0.0811657687835295 0.0891215385517591 0.0893550224065168 0.106376340809924 0.118999363386152 0.157723494745989 0.199943665357497 0.235179965683129 0.27120337906834 0.31318819486165 0.34927219947688 0.360071564336475 0.370731248531777 0.409978012939945 0.42777477798267 0.432150727666069 0.413022711668917 0.373795205055744 0.319259410713134 0.268918069316648 0.226369381876731 0.183431739230788 0.698336375800118 0.756854948384673 0.822137762971228 0.849937092772511 0.874996490305795 0.890897351993649 0.902420057047615 0.902672833938872 0.897557007864293 0.895544516563042 0.885837877896836 0.88047619348919 0.875916708733643 0.86608166164458 0.852129003515435 0.844752114369332 0.837107873889308 0.839755270793973 0.824177519103415 0.821647776668382 -0.539084261168161 -0.542698002643593 -0.545626606131208 -0.553897091831022 -0.55284595525421 -0.557572759326893
0.0298590715375909 0.0537338110480377 0.0657538591382124 0.0746930618267417 0.0881735726848473 0.0954221569994086 0.105974978314079 0.127152363888984 0.160484761215827 0.187008138456846 0.222031447532014 0.25733569255024 0.304307320942809 0.330145346245016 0.363149512007576 0.381465026558605 0.393307040820016 0.427819182886597 0.629086382508987 0.448067204740488 0.400345821492507 0.338561677989039 0.279529126938735 0.226040564769886 0.190608814473706 0.716133887922599 0.781030972180688 0.825513131277915 0.862647700911302 0.888384691554528 0.91052684809968 0.920889838631596 0.929161566279705 0.925755355375993 0.921525300374339 0.911564763431485 0.905956490744275 0.902247954533856 0.890353954163948 0.881756739464274 0.868603618180932 0.855985889193831 0.850919429055607 0.847291815003071 0.841206722589061 -0.529278444622297 -0.528287945062754 -0.534041426389518 -0.539094160805331 -0.545150004088782 -0.5542614095203
0.0370973142208668 0.0603765109506828 0.0837548677760385 0.0990471424487714 0.0982824165438125 0.109069025894171 0.109080957999582 0.119571777895543 0.133413650878538 0.174173633363772 0.20952673165136 0.245037783349248 0.279421696593449 0.311370495177578 0.35119611430069 0.38508283131365 0.402927773047544 0.441434832593607 0.481848620632268 0.475185739367826 0.407556796189117 0.330860839517517 0.278909908899451 0.249638682218268 0.205476120157044 0.780400765899051 0.814951571597566 0.854494963608304 0.885540896810461 0.912036034458166 0.928211840606355 0.938405956703502 0.946009329058273 0.949019426211204 0.940751866734916 0.933946852778293 0.929239505599378 0.926613231786583 0.915206775758179 0.903150291839954 0.891274249035336 0.886425796543722 0.87530702223278 0.864237786850566 0.860201688351239 0.841044210625188 -0.516977386262041 -0.523990377227193 -0.530796938758275 -0.530317628325843 -0.54412904091234
0.0539677028761001 0.0777249477469163 0.0925987268688485 0.114954303554984 0.115189909493057 0.120574778795599 0.107605749600062 0.107807823506438 0.11707145790185 0.141882071860163 0.183170019487066 0.233011934635871 0.271691483441051 0.304890696328404 0.346306155321966 0.371023537263463 0.399711408195939 0.438987988498789 0.467279795348307 0.456681212978257 0.390212405644524 0.327828156184437 0.288524877064407 0.267887573562919 0.853278895493598 0.848678856267676 0.873500381675364 0.900998434457515 0.926480661931643 0.944382210646758 0.955264676346097 0.961329704367765 0.963886631073428 0.970196865924812 0.956973218175848 0.949723302079301 0.949994667163724 0.942720965387143 0.93122855128782 0.926440848917107 0.914236289667053 0.90672882537782 0.891858246050733 0.885859719229018 0.875897990842994 0.866550716451705 0.853306740410782 -0.514061583689582 -0.520443881677406 -0.527925402203079 -0.547018725353626
0.0770622691933403 0.0997864974463665 0.11133603340573 0.137600848309747 0.148512042217947 0.143169510843429 0.12157647115847 0.0953589233922429 0.0926890192092093 0.117751600347463 0.177073175701109 0.230071272272643 0.261554340085875 0.291451822587505 0.323824093461674 0.34514444415126 0.365822366901783 0.385456236480208 0.40044879357616 0.391122357436314 0.345955926761873 0.302923263353643 0.281554979449918 0.928536363745532 0.93993835698445 0.971390071855133 0.987602270381454 0.974761717047733 0.962551755692234 0.969477906330276 0.979932354528965 0.979892998403986 0.994350941213152 0.986892560966824 0.983386403338429 0.980509137901699 0.967281450676841 0.960259164866087 0.954048845852303 0.947659471046128 0.94009454098568 0.917277375359693 0.911654927738053 0.902481547471126 0.901286546385127 0.882362187872996 0.868767814611572 -0.519564998025587 -0.514877249545448 -0.527653086343339 -0.54239017532456
