data/pcas/pca_proj/PC09.asc
NCOLS 494 
NROWS 529 
XLLCORNER -117.166666666667 
YLLCORNER -55.5 
CELLSIZE 0.166666666666667 
NODATA_value -3.4e+38 
[rows 23 to 45 of 529, columns 51 to 101 of 494]
-0.360005140567648 -0.336501229889641 -0.310893683032315 -0.251544675649595 -0.202125032114921 -0.170464924660467 -0.140579383781609 -0.0229169078938366 -0.00904540646965052 -0.0214473030250055 -0.0115685790794364 -0.0203642760957609 -0.0297466443576193 -0.0350518334243808 0.0608247364209171 0.0747838635518712 0.0824661700681449 0.0953476329565852 0.0921138506665795 0.102655125785654 0.10867283206338 0.104320945499132 0.101031672810315 0.0928610624236376 0.0839581813765238 0.0818543443578736 0.0919704030993036 0.108123065796121 0.128028686619332 0.129006827906871 0.117540003720758 0.105334831267165 0.118366814412096 0.125462721775856 0.106238668010623 0.0958439310846252 0.07895900870617 0.0829579280418778 0.0718247768205324 0.0715513458486313 0.0928659129739732 0.115930430892686 0.162214338450308 0.254142225354653 0.282903567851183 0.295786323939781 0.285703153993904 0.261257191911261 0.209852682333858 0.202906948332065 0.200002062443547
-0.407197930792143 -0.3723413674676 -0.350218542948527 -0.288785790857677 -0.223060538080057 -0.181551677262894 -0.153321111436342 -0.136656663217818 -0.028744731718386 -0.0223335271327615 -0.0292368107745119 -0.0182630915088097 -0.031945166482073 -0.0417668564132632 0.0530579054875225 0.0618015848658003 0.0689879931798422 0.0846406531683632 -0.0276439916751105 0.0938248881030621 0.0934374353300176 0.099229732307559 0.0927804152555722 0.0915330561979442 0.0959791612413183 0.0977201935973764 0.104917162024858 0.112847135627541 0.12636796033775 0.133378876866054 0.119739544152049 0.114171656944788 0.121055725994857 0.118362112762006 0.10352584696052 0.091682412232404 0.0810332083817755 0.0751970953774246 0.0681534279880082 0.0915081126632422 0.111883316784844 0.145265900612811 0.187110966197802 0.256256224020534 0.2975691494207 0.311932503120245 0.291721644177963 0.266471693431498 0.23409308570378 0.16915680472908 0.213117621376464
-0.40079248116915 -0.421428239456503 -0.407238398049843 -0.339171183845177 -0.250223327621279 -0.185731082548183 -0.170180962359558 -0.150584882849891 -0.0413611671546725 -0.0404249409551494 -0.0360584968946123 -0.0414867914856448 -0.0399784570995247 -0.0370287369065057 0.0452519270883475 -0.0421704570368878 0.0638644523252216 0.0751524579580393 0.0730354706022839 0.0829003757024467 0.0812509633173158 0.0845725971644155 0.0931397144766428 0.0933929171244182 0.107474602647022 0.0971325183938881 0.098615103735773 0.104452832661589 0.12439232630329 0.138572830850203 0.126361333567409 0.00731315394242982 0.120018422764824 0.100129120786003 0.0992658774239721 0.0876930785931616 -0.0247603675862932 0.0679766645039682 0.0639616685224028 0.0626031594049509 0.11244332109312 0.1685987571801 0.257268191521747 0.262980905874246 0.311431616795255 0.320728514554119 0.303845165555253 0.237162136769829 0.254701249428825 0.249539655489176 0.238754328700885
-0.411298478194934 -0.434193399751381 -0.475564666674995 -0.374312332184752 -0.286471949939803 -0.232871099565132 -0.198840065505717 -0.166033535578477 -0.153845798449853 -0.053937943718343 -0.0520904101727473 -0.0484798080518167 -0.0355282725507992 -0.0342972043443171 -0.0345133998215192 0.0507526799722064 0.0613145837157058 0.0685016781099703 -0.0319326262380994 -0.0220034311514725 0.0773296142432219 0.0735255118590441 0.0660891197547092 0.0788825983506697 0.08815203181763 0.0817975090828577 0.0796782668966061 -0.00729462319721874 0.120603742902355 0.127419962975589 0.0241711206375154 0.0121179494638347 0.146641260321632 -0.00743276187847891 -0.00584066009707906 -0.0333286205798227 -0.038461167534866 -0.0383415933010468 0.0578379334178898 0.0592748049491927 0.099365533432607 0.148791472178174 0.246183586931705 0.251096520021612 0.267789740835647 0.29257791780975 0.250021185146683 0.239719059663692 0.232040217871828 0.273710897197959 0.266217797433983
-0.40717736009389 -0.401607865013328 -0.456132988702114 -0.39953857753553 -0.309355182831453 -0.254678840210972 -0.217028296470569 -0.186753156905803 -0.167457018998341 -0.160988172248365 -0.0658895299160685 -0.0647512681185139 -0.0499499972972455 -0.0325500666406697 -0.0355003318607041 0.0504070489386842 0.0568037458001606 -0.0424949735473308 -0.0390064018393315 -0.0346285535821512 -0.0426031050970768 -0.0505051102262639 0.0582798468165909 0.06169338592976 0.0558167973847755 -0.0536766052471752 -0.0419039907103263 0.0887897541350059 -0.000678229867027758 0.00644811430424963 0.00461094779645305 -0.000940785446915282 0.134213367882174 -0.0177546748852907 -0.0257924395968127 -0.0392273091869948 -0.0444232272602516 -0.0469727810398813 0.0534843698150523 0.0659651442749158 0.105263768873561 0.151603762117204 0.15548202895964 0.174195120599459 0.175228644620324 0.201943014983952 0.216146947117441 0.210437020051352 0.220415156227333 0.232993592371746 0.273413588902271
-0.424011897624465 -0.406048786355339 -0.459105041009626 -0.413858574400682 -0.332133160667778 -0.280274670723463 -0.238691380762035 -0.214483334296779 -0.193336262436156 -0.184056842480584 -0.0825042681567671 -0.0688548629079901 -0.0567550752271335 -0.0493080886742455 -0.0435277874370162 -0.043198585315052 -0.0501261475790833 -0.0485561185747193 -0.045507824516144 -0.0451583610808183 -0.0543231166650514 -0.0632643413255343 -0.0676934953042231 -0.0647482309067033 -0.0621520086144786 -0.0568545280708211 -0.0328804375427967 -0.0296576730226133 -0.0167310030258291 -0.00916653466151834 -0.0122467930070302 -0.0277543007671618 0.116658259307115 -0.0353039597480738 -0.043574045534874 -0.0487277346494155 -0.0578779076336826 -0.0534997315407144 -0.0463599337366614 0.0641774330328737 0.0633239933525442 0.124142581907311 0.129520823035144 0.123138669553934 0.124965468759711 0.174483967686146 0.185249893658779 0.191106385918313 0.199482352605039 0.21607690824939 0.271729304584117
-0.468031760066177 -0.451444409529215 -0.432464972939428 -0.414705819533935 -0.377090861957032 -0.304874336949057 -0.264169404766015 -0.242288852159499 -0.217777719093644 -0.204941451490863 -0.195916601143647 -0.105161421391035 -0.0782305113889306 -0.0655774790176745 -0.056907103035495 -0.0529981516221291 -0.059448828403455 -0.0575413699987484 -0.0507455956852318 -0.051280797791905 -0.0648607734697557 -0.0728959988058862 -0.0681035363973632 -0.0700362408591503 -0.065636993677261 -0.0610232912097455 -0.0426024261513194 -0.0398883549169072 -0.0256546895701884 -0.0275350596822465 -0.0349708868178719 -0.0532293810938013 -0.0494772588379338 -0.0506038324474909 -0.0479790837942603 -0.0591806156842307 -0.0624450000844994 -0.0642423799663103 -0.0580219044927022 -0.0463278787896048 0.0755582082452004 0.0954023229188284 0.11302401583745 0.12567145090203 0.114666784985235 0.141110868835132 0.170738792016996 0.187771154683551 0.202048544275043 0.210304924515455 0.256511144078933
-0.427163316055901 -0.420509164329681 -0.469790788448881 -0.453544888569267 -0.422031319372966 -0.370656191299196 -0.309671642917877 -0.271878613389229 -0.256309251315883 -0.239920476830023 -0.229341615663301 -0.123042225284888 -0.107373376670262 -0.0914785711100085 -0.0792913672392575 -0.0707981858386205 -0.0714638928087554 -0.067809617708293 -0.0556048325410826 -0.0509829890577434 -0.0715099904734489 -0.0752712513481859 -0.070290548527873 -0.0731958698348497 -0.0654530323900187 -0.0606491491733035 -0.0506600117901566 -0.0477749058511973 -0.042989323088179 -0.0530643894133044 -0.0577203510578662 -0.0768743044774558 -0.0809943030625256 -0.0625293846809912 -0.062153778139985 -0.069392988620278 -0.065878798692756 -0.0645506242585063 -0.0606655063491751 -0.0507395803706776 0.0783027685689134 0.103312591298931 0.107338487992725 0.120620148044008 0.136253733274702 0.109718655887093 0.149930148845605 0.231488739920876 0.25025718583966 0.249635589456598 0.249346969506623
-0.417698398646793 -0.432948094104935 -0.481404445813028 -0.52252217936193 -0.450191471564464 -0.424750022791212 -0.370166653006301 -0.326719497005018 -0.287695217722994 -0.267124333661202 -0.253115134064483 -0.242354774176081 -0.137613063562249 -0.109210181390528 -0.102916082793047 -0.0912630813529765 -0.0888940863158107 -0.0769128031930041 -0.0723512296836422 -0.0722063339671863 -0.0763849312677918 -0.0757450025426571 -0.07416829075676 -0.0674260048334685 -0.065029252226097 -0.061568057449154 -0.0542338145044257 -0.0523870403203359 -0.0565089397798792 -0.0671292025457909 -0.0791349233484426 -0.1089287272574 -0.0908048943751917 -0.0811651512393766 -0.073594800328208 -0.0777385433831061 -0.0744213140449718 -0.0652947756851843 -0.057467674882857 -0.0567091775195955 -0.0446260173319969 0.0956162575324935 0.102644927338447 0.121176739887561 0.129309709632789 0.131170366887418 0.1578733347062 0.162298113076855 0.183560605258297 0.193894308134754 0.229397661356964
-0.445792934959111 -0.441036980287217 -0.496547837397739 -0.521140071309476 -0.481737161943591 -0.468286580756092 -0.402731019265853 -0.353026679948618 -0.333146651841238 -0.301758178301229 -0.291654689186769 -0.275494308072552 -0.265940729158598 -0.144849098055347 -0.129944550480858 -0.123438488090024 -0.111695791033583 0.163764582546607 0.142667474273563 0.125118250762617 -0.0893363565985587 -0.0858447352765733 -0.0746838591464767 -0.0707510649622933 -0.0680189285023088 -0.0656654979998855 -0.0611847027089267 -0.0692553438580769 -0.0647024454394385 -0.0721645349817489 -0.0831752213487167 -0.105909076030898 -0.0945788809814878 -0.0926808780655621 -0.078796144229655 -0.07044765078418 -0.0787813259061433 -0.0641454829874964 -0.0547865167252758 -0.0652772553674554 -0.0622647762328938 -0.0110405853246928 0.102993350664607 0.103017800733646 0.111327432561331 0.139674953941389 0.174009056858233 0.200281839531118 0.222885508271426 0.19539269257442 0.177843678478564
-0.436622344334846 -0.451494239632555 -0.476622322652336 -0.506234884229998 -0.491843421292143 -0.487300999721678 -0.451719122275008 -0.40546908114483 -0.355049567951974 -0.339861285406841 -0.332762934604864 -0.32111150434927 -0.300970655955498 -0.16633577278835 -0.151385834521496 -0.139149280536647 -0.12943912699557 0.171943522975792 0.147011416714938 0.128783717792734 -0.106743002289754 -0.0982082208656362 -0.0804808763035396 -0.0774064055293845 -0.0769432304117669 -0.0674592711388288 -0.0710133130742176 -0.0615411571250737 -0.0615314882957126 -0.076425198117155 -0.10390944445978 -0.092931803266666 -0.108465110917914 -0.0942845915126572 -0.0882354122552987 -0.079091894400194 -0.0864255950948518 -0.0721752321296871 -0.0580643720757777 -0.0576310475413734 -0.0559992661141247 -0.0187699670415529 0.11292554533063 0.095417484580446 0.0986157205911403 0.128284842388992 0.174544159569195 0.219652357945795 0.23037761309176 0.24737186258308 0.186106799783922
-0.414402918345538 -0.445965615620347 -0.468804775258969 -0.481728722448917 -0.479060724452251 -0.00107871533718207 -0.484910376649365 -0.429084183360937 -0.401613330363842 -0.368358510269843 -0.354363165285721 -0.356045687540466 -0.33225456971625 -0.289509420623775 -0.166321702743511 -0.148838163324572 -0.141955117061098 0.175407910406909 0.168565061138823 0.142937465708297 -0.117784842534485 -0.11304828783792 -0.103225508954 -0.0885657894812749 -0.0801660893801551 -0.0687149517238587 -0.0623227503318477 -0.0503217340950887 -0.0576068706212556 -0.0804038550951182 -0.0793513395338978 -0.0853434755467712 -0.0991133855460162 -0.088855319460845 -0.0728829735786397 -0.0621335416482318 -0.0721921202218193 -0.0627839994401453 -0.0514558947837936 -0.0491736546281922 -0.0605991110895455 -0.0403339531372994 0.0713304076242887 0.06907505253021 0.0960814812457265 0.126249850691379 0.174690894860036 0.211169926504497 0.225470508184878 0.221525285750455 0.234180739741819
-0.396303349141548 -0.439128252530084 -0.467534982180132 -0.508363573745589 -0.51824379203449 -0.508749131135939 -0.511988485728745 -0.488093657861242 -0.431665073403528 -0.417397105797421 -0.389561063268663 -0.363306467560894 -0.343331682018777 -0.215390191764465 -0.191185536504678 -0.164050983245543 -0.14788873104123 -0.140637255342531 -0.131730906555063 -0.132949502690658 -0.134229523322319 -0.128547519235925 -0.116906489190498 -0.0967886185162464 -0.0837430771427828 -0.0653589866805563 -0.0552927449329907 -0.0611090655673854 -0.0514185416351704 -0.0672493771522294 -0.0788989554411225 -0.0770981995638447 -0.0811685615390345 -0.083452409487643 -0.0754710639067309 -0.0849607964294548 -0.0716459223047974 -0.0746509429498512 -0.0646886643726255 -0.0602361885206578 -0.0524670902561761 -0.0598311078857027 -0.0496595560031717 0.0577520149190111 0.0624380458518234 0.115208754435996 0.17113881692489 0.215908884445168 0.214425842922658 0.219958037063956 0.233760201472857
-0.352494733164697 -0.414234235190338 -0.47468996579968 -0.497841511580949 -0.535358463283617 -0.532624683459735 -0.535750764556766 -0.526807757241601 -0.490719053955658 -0.453955496818893 -0.430191059638884 -0.373797465918669 -0.228093051955126 -0.207204218022826 -0.195930224987364 -0.167681187454338 -0.147557447695763 -0.145135008593668 -0.123718634001934 -0.130416295844995 -0.142964987845357 -0.137659734295363 -0.125326549340842 -0.108742194421483 -0.090271977243745 -0.0718273670018117 -0.0595284051861446 -0.0573208220617615 -0.061207565910376 -0.0683968584102343 -0.0829866013131964 -0.0742648720915069 -0.0744517172525688 -0.0668931499666559 -0.0892195654443421 -0.0469760715999749 -0.0315268661213462 -0.0273710585954002 -0.0277806824686317 -0.0532230869337632 -0.0658024028034118 -0.0745370191773461 -0.053624700393641 0.0657258763190371 0.0807989438952278 0.09867335947179 0.135330537024841 0.180426000771157 0.19204182538011 0.207525805594865 0.229929817862885
-0.313145007208911 -0.402795779385268 -0.468139529556011 -0.514144039002379 -0.539546724713429 -0.547785854131814 -0.557571676604366 -0.535998200611455 -0.510759942004677 -0.493798312866883 -0.41830694895428 -0.406528115437203 -0.241768307827548 -0.195645113348051 -0.201982644955833 -0.169449146478821 -0.159518565734029 -0.144557597766635 -0.140103392952699 -0.152772352074147 -0.149258671594555 -0.144505534248612 -0.131171988845334 -0.122487971090993 -0.107339548817837 -0.0838255135268274 -0.071257251762899 -0.0663665343625013 -0.0690509504972091 -0.0744404107305978 -0.0888184813276818 -0.0784412077318147 -0.0972343104008779 -0.0475341020262351 -0.0785332494233351 -0.0387265994971116 -0.0296155150503233 -0.0581263000750701 -0.0809936250512924 -0.0650869719471008 -0.0613426755174133 -0.0868986614638085 -0.0833461274159284 -0.0493484032357193 0.0805007123472542 0.102104158423888 0.112553302378837 0.145603166736807 0.149972280102596 0.18858595588295 0.207876099777438
-0.293673666287819 -0.38884474136622 -0.434194018363165 -0.513826403716817 -0.534643805364511 -0.541286453568825 -0.55820079098655 -0.554139730578293 -0.524687060687918 -0.487838811052853 -0.432293604242133 -0.365631227345417 -0.214337357693221 -0.19712696575259 -0.190663656224348 -0.184915565643077 -0.17510890544336 -0.170904677639764 -0.167245695599889 -0.166325405581285 -0.160766330149731 0.121217049823482 -0.149380999332026 -0.141333974424665 -0.120077509457302 -0.101388932582428 -0.0903179419639327 -0.0844550726615209 -0.0817640490024067 -0.0842290692013691 -0.091193686728345 -0.0842974791861673 -0.0973057919993613 -0.0712563868621849 -0.100614951539336 -0.0566048155881314 -0.0594361441125545 -0.0812667828203491 -0.0964165599912306 -0.093172658731655 -0.075614700059658 -0.0829851725789569 -0.0829413412069227 -0.0635772916773095 -0.0543736465583544 0.0836145307928725 0.0989001306916338 0.116987741025993 0.135906445420348 0.162036222812321 0.183526231042835
-0.277009277224013 -0.33101725969637 -0.384487208817766 -0.475296998359201 -0.504879524502909 -0.533821901139437 -0.538092220944269 -0.55746038999946 -0.539221491188299 -0.461863864865717 -0.381899499046594 -0.34733097223318 -0.236048119848657 -0.203584315847711 -0.189457537781194 -0.185644525003656 -0.188546023835679 -0.18259054663089 -0.191551160464977 0.125545676653508 0.114847988831176 0.114460862176438 0.0838875032185746 0.0588626135349063 0.0381608396787648 -0.12825499948603 -0.118493736435535 -0.11314848016096 -0.0993792357318878 -0.097680885048067 -0.0792755777372516 -0.0759832979042845 -0.0699795608603426 -0.0687449122177677 -0.067340957002871 -0.0663854369584508 -0.0666732409315549 -0.0768030944494836 -0.0768759922553738 -0.0941025226721268 -0.0982622753047311 -0.089404279414746 -0.101945758665701 -0.0756561504903198 0.0459293251015868 0.0596870667736046 0.0784844643513935 0.099375777952096 0.127113200164186 0.184887531341011 0.19932217850302
-0.207107111905004 -0.243463037844823 -0.339978215979919 -0.407140708180185 -0.446675772732359 -0.507793069774073 -0.547964090090491 -0.534932524743216 -0.533476098454107 -0.483857183137711 -0.385820985841388 -0.349370667268947 -0.330639747835182 -0.228946254344543 -0.21413384024642 -0.202280934350294 -0.198336534244324 -0.194962195949205 -0.196222114351274 0.0867998284540588 0.0697683464199877 0.0707962550018313 0.082649378160216 0.0361161685882472 0.0335103848998581 0.0199247939324969 0.00557881896010631 -0.00338941553157862 -0.123580138460868 -0.109305768955438 -0.0802891436881226 -0.0601971922777532 -0.0522549470347463 -0.0621179157102441 -0.0605173387212863 -0.0549065988528036 -0.0631545700815625 -0.0555649095132589 -0.0566775590381885 -0.0728399134241197 -0.0844566135195365 -0.112026565705214 -0.1162598615576 0.00718495100845101 0.0295099733405756 0.0672367705532247 0.0976440493196614 0.12089990259856 0.147625360494831 0.159774458556809 0.168822947901507
-0.430402324300904 -0.203126252567437 -0.313535177416085 -0.368687352320008 -0.393613426384626 -0.472045307222361 -0.532543041364094 -0.532399742558633 -0.527675184483269 -0.500219873688392 -0.43957305043645 -0.382066158241334 -0.387357673739742 -0.372759717329215 -0.341977403100967 -0.239211067964256 -0.214234393535792 -0.202916945494307 -0.196079740660671 0.094608353399843 0.0475241459631965 0.0225564390403605 0.0490098930476818 0.0446002261389057 0.0496204499255224 0.0283588351776644 0.0159290693810664 0.0180014328857003 0.0148460088072091 -0.133992995092929 -0.0951539407347116 -0.0597030584552156 -0.0595252137617232 -0.0688358192342304 -0.0722483170008067 -0.0607352274380583 -0.0465037715900031 -0.0563440742164106 -0.05421808801445 -0.0595807207440086 -0.0618486045367077 0.00920109508556871 -0.0991857665658177 0.00166468286734556 0.0164620279781251 0.0495643450667865 0.0671635472713874 0.107186450729659 0.140945121478998 0.199385090393076 0.195634876555208
-0.388770359269931 -0.461697873772421 -0.251882450839305 -0.293202068643475 -0.32806944069658 -0.410134035194747 -0.498895199295225 -0.507243508357528 -0.525129574679947 -0.51487979612393 -0.438533112373565 -0.480919438111469 -0.476772512522915 -0.416112597182831 -0.382434010159036 -0.346247222401262 -0.242976997617918 -0.206452749947443 -0.196704482817547 -0.210129674871864 0.0354385573572868 0.0191815813848055 -0.00763881843995623 0.0528037037772812 0.0415756039138253 0.0326724267488641 0.0120934579452165 0.0345858613874568 0.0431673750893714 -0.14573843286653 -0.123752635101929 -0.093293299570501 -0.0886558363769926 -0.0957847402305916 -0.0820953786852534 -0.0863498888166591 -0.0815129117072841 -0.0922070465417507 -0.0921254910413864 -0.099487622230316 -0.106174939472531 -0.0112210160310249 -0.106718048957652 -0.00179767249107582 -0.113558080393052 0.00329172536685135 0.0473874224917605 -0.0777755763202738 -0.0730891387065544 0.155718189664497 0.211532139571214
-0.371607601169704 -0.410651290445251 -0.475416345524255 -0.210008685647738 -0.271428519938571 -0.381529753045623 -0.477306071788549 -0.528716691267172 -0.552142328955152 -0.551178266254881 -0.524658266509729 -0.526672568108002 -0.529863373825968 -0.493772548745215 -0.424611632873114 -0.380393539703782 -0.337653846496794 -0.225644016718456 -0.231316778311675 -0.209814293682677 0.0463705031030833 0.0374108895642789 0.0107469564936927 0.0100595702424158 0.0242356778173463 0.0256979805408754 -0.0177944793706931 -0.00165781997192049 0.0155763775368448 -0.16375521039592 -0.042940175074444 -0.151490052298299 -0.132641496712713 -0.117465264106082 -0.0950035897992724 -0.0802921719199396 -0.0999811883377384 -0.0389286564694451 -0.04028996723874 -0.0542247316943487 -0.0550343253712879 -0.0524023204741195 -0.142532946449578 -0.0420059425160477 -0.0574416965825303 -0.130315141148503 -0.105043126695665 -0.0607931704311325 -0.0480175230648051 -0.0713292104724224 0.148025949235775
-0.372225542145973 -0.39329083538173 -0.420501620879305 -0.473569953617292 -0.237685741515948 -0.314677752060838 -0.437076886860993 -0.50265606168468 -0.549461139456164 -0.555081550879122 -0.571212530369499 -0.582961364668027 -0.586124193951318 -0.5547663162884 -0.496594937438402 -0.4186430123196 -0.360628615490848 -0.249352829453241 -0.234025746243344 -0.214237666696512 -0.211912245224153 -0.222562931863935 -0.213182351823396 0.0535654266224942 -0.00618004418282453 0.049422585056709 0.00811171819967904 -0.011104583258166 -0.0234414185360846 -0.0249273561542859 -0.0468113329035947 -0.183518830282888 -0.15716915384723 -0.143227812253265 -0.128082482726294 -0.119111449777079 -0.107808131167053 -0.112564145694021 -0.134222603234096 -0.159732390974338 -0.0519710790473339 -0.0515563831339305 -0.0381140826746042 -0.0366474576021416 -0.0564542505145846 -0.0675159652803146 -0.0569797400187739 -0.146147973101093 -0.0788530808763314 -0.125019170698962 0.0219509007718718
-3.4e+38 -0.438713407081965 -0.383884390395957 -0.43761108293154 -0.16011724734381 -0.219064778141807 -0.354043556456251 -0.453380351914091 -0.51485927068117 -0.546006367192083 -0.554615237297568 -0.566383356991752 -0.624911224567284 -0.582626260818964 -0.545107103723991 -0.45185519292037 -0.390433362392683 -0.292897802890658 -0.269283167112978 -0.234914780927205 -0.212542910349371 -0.222801789979073 -0.225291494636364 -0.219588984827768 0.0228934308702552 0.0134780203607535 0.0237975476072301 0.0498160898861403 0.00558337919601631 -0.0184071192263253 -0.0207746836752029 -0.193574923020285 -0.17720071868312 -0.161321533021042 -0.144945312175468 -0.149499686885969 -0.141766039327112 -0.154229953893478 -0.152013404513929 -0.161830624099108 -0.165910862282978 -0.0681841665083646 -0.0577887531590088 -0.162705106457982 -0.162490374295022 -0.170372955246276 -0.0850778547379402 -0.146165786986138 -0.134100590254493 -0.0136015626500321 -0.0308107133265389
