data/pcas/pca_proj/PC09.asc
NCOLS 494 
NROWS 529 
XLLCORNER -117.166666666667 
YLLCORNER -55.5 
CELLSIZE 0.166666666666667 
NODATA_value -3.4e+38 
[rows 253 to 275 of 529, columns 306 to 356 of 494]
0.0991519458456518 0.113048466829846 0.132266746184693 0.162784950741891 0.182483365618726 0.168017397999027 0.136279652435816 0.104945852853446 0.0996460271451252 0.12805851594223 0.17213097018725 0.222132165028034 0.249511281462646 0.26862325694929 0.30365963224312 0.316149488610864 0.316182745955021 0.320739287328457 0.317701180265846 0.299497945492747 0.28257295303125 0.938289020030177 0.952239055475278 0.979091970424589 1.03736102939115 1.07523484020247 1.06491011659547 1.03735035048878 1.00228881747606 0.99905388488763 1.008572117434 1.01508163549414 1.06100346976843 1.05701512271751 1.0109373560132 0.99850604264507 0.992795991330726 0.98947358802479 0.978430848024756 0.971754552890293 0.959390767047302 0.951690388687167 0.943065068377664 0.932707549804822 0.923162495636634 0.903286860306001 0.88591981139693 0.868360244894756 0.853927565276611 -0.531027245942852 -0.542549403864828
0.108031411822105 0.132878661518568 0.150826434402624 0.180259240670733 0.208801788434215 0.186653823918791 0.15585071386203 0.133450896481494 0.140278211730359 0.148027423378008 0.189228413696638 0.220783373083705 0.252646865227913 0.268192696440016 0.285095301002196 0.290138284373631 0.276937266033327 0.25516516165844 0.235408721510927 0.225414415108314 0.875811713148875 0.902195901857965 0.937275537918456 0.98746677125458 1.06245807467951 1.10636206668247 1.0929148055249 1.06565915485499 1.02954863481841 1.02382789957423 1.02878844908263 1.05447930608122 1.12875813196917 1.11872882950513 1.04638037849597 1.02424409018968 1.01567091692043 1.00877766442027 1.00457121376249 0.996085008786102 0.991286526338613 0.981821335964335 0.965360300939106 0.965268186462627 0.95252662921667 0.924545140397251 0.909063998958707 0.885323097703316 0.862881842208278 0.842318376370756 -0.562940688795706
0.122941700189263 0.14982361642322 0.172852381703394 0.188951913852299 0.212433968402068 0.190942668707482 0.173186956403536 0.162373392624505 0.163826486015406 0.177998537799925 0.208931727675478 0.229718110672342 0.254499635841755 0.263617720987747 0.287861755796317 0.282046695890925 0.260243686804742 0.2244567275344 0.791047758696484 0.804367511910517 0.822862225623928 0.852598828508698 0.899214138991124 0.961931623460449 1.01699387078772 1.07474615709391 1.0724984608538 1.06260268959835 1.03929274911696 1.03894915282824 1.05141288574229 1.04459200639987 1.11029345012627 1.09834887588217 1.04252525185538 1.04527165880439 1.03000130744119 1.02449410653371 1.01846898942395 1.01043038762988 1.00571277996471 1.00837642254214 0.99355422751682 0.987795524227175 0.97703490486222 0.95318530861174 0.927085678399614 0.891355829020792 0.872864132671684 0.854057943444751 0.848427930025261
0.135657142630426 0.159313342800383 0.186492877403516 0.196648279886825 0.204813795541791 0.202835311617019 0.194000808279952 0.181593859637656 0.181058733427806 0.205062819430441 0.219432991369097 0.232553293695495 0.258342044503394 0.282514785900311 0.283824551769606 0.283516066730084 0.257268997108958 0.797071027850922 0.78044257899862 0.772893364841524 0.771077874504187 0.802767303986736 0.866193444157699 0.925380245008144 0.979174294279315 1.0246505046312 1.04071673796927 1.04765207482497 1.05644605379865 1.06045332558685 1.06473251436145 1.0582276122831 1.05754455400534 1.05032484833915 1.05161905641252 1.0529969088671 1.04413456301309 1.04333780292056 1.03661156130758 1.02474664393061 1.02981492962288 1.02758402238644 1.03053414413829 1.01947911775309 1.01112711235777 0.987832957838491 0.954783905757976 0.923060445204184 0.901717102668978 0.886093681706872 0.905944006267538
0.148005907540437 0.172395095280212 0.197546324393532 0.211991495815364 0.216388708855373 0.204225987826221 0.206093716689911 0.191968953153528 0.193166304826513 0.211815564443007 0.224149980058846 0.241669008772638 0.274464808301466 0.304062667787718 0.315420495756286 0.307676654000418 0.276241950795463 0.791288231704992 0.768271442153779 0.754629155249543 0.743143079225793 0.767032789723481 0.854241455269003 0.9186563338385 0.966437708639845 1.0111261843734 1.03848741849636 1.05328580767352 1.06544317605164 1.0712660032623 1.07339433048563 1.07238939755785 1.07233937345687 1.06416553749089 1.06238677292873 1.06193143084868 1.05360313967216 1.05514479882674 1.05519580654293 1.0507151758149 1.06395561027961 1.06051800764033 1.05885558728484 1.06206452081892 1.04368736502791 1.01692198463852 0.992286548924694 0.953849972751753 0.928016055426927 0.920798313853772 0.953752312224549
0.160533376587689 0.189986370839037 0.208264847864771 0.223107523689063 0.224489160491606 0.212012578328499 0.208021825239833 0.198914563936729 0.193451180829299 0.210714612107284 0.225234386343028 0.248373636621568 0.274993986328855 0.315229118887592 0.347485188235776 0.342669936134893 0.82390534579153 0.787540351511139 0.766898730053945 0.75348482711693 0.756690421086257 0.804534051892865 0.880225367849816 0.926598928192991 0.968485048622031 1.01371155487903 1.04866198450696 1.06928627036568 1.07323311491431 1.09124753775011 1.07878672548962 1.08586361174474 1.08192463286824 1.07212882996411 1.06780622905158 1.06534777640991 1.06544764409829 1.06411992205259 1.05772902823806 1.06173183791022 1.07362634814951 1.08571499265777 1.09507500488606 1.10461786815749 1.07648910074375 1.05476987135438 1.01706791302352 0.986518105945005 0.952903575927606 0.960461872211344 0.975525072214789
0.170006780852303 0.193934827396488 0.218720161723438 0.236790331669114 0.236562437860397 0.227678890474204 0.21747095892505 0.200712785168902 0.199604503495172 0.206097370548066 0.218495242290859 0.243202334857433 0.274954247708256 0.31064329147671 0.348820179476304 0.841933224770875 0.315972937356641 0.291057834733691 0.755210332725871 0.749585901840841 0.770397058155574 0.817152910928077 0.871385608008344 0.923768266011095 0.974072141828732 1.01525227389326 1.06499058750618 1.07878929130524 1.08624904894988 1.09750970272195 1.09606028570024 1.08815401403292 1.08575009650812 1.07221286539203 1.0715845819492 1.0680118399531 1.06994940318812 1.06876360940174 1.07521082711701 1.07766020310131 1.0799878555371 1.09276666037623 1.11314216465036 1.12912831850434 1.11115174152082 1.07366336947117 0.493682999422838 1.00835527197433 0.975545638168946 0.981069085857121 0.989902397854984
0.177775798539074 0.205394719955033 0.225039948618769 0.248250752261798 0.253421922643949 0.22695132631849 0.205769249594108 0.184207696747603 0.187710015714993 0.186067067487418 0.200182580893906 0.227602904581976 0.253086046235063 0.288977144491795 0.311454083024939 0.312208318062135 0.309249787070219 0.756908538554256 0.741728379862332 0.738414203203968 0.751393320948344 0.794490143935072 0.850360065969447 0.905805334152233 0.973882792138451 1.02516355618462 1.06209758801418 1.08829473568411 1.10720965675616 1.10608124258069 1.10278198941274 1.08439895138723 1.08158056025726 1.07712798758209 1.06857783073838 1.06725632517984 1.071291621951 1.06997787049502 1.07181395066155 1.07947308507646 1.08311457583381 0.550299951081988 0.563693499865753 1.12209990204645 0.557170207208412 1.07020090153312 0.5002266660761 0.480186510532753 0.452889517938559 0.436311356542126 0.440122428331352
0.184308294735565 0.209255962277391 0.223020289612748 0.236027374201718 0.233415477391794 0.222532572631336 0.192834422387855 0.180946351321491 0.168878906613055 0.167421262395627 0.18102327140533 0.191975787605651 0.216948543622405 0.246192810147802 0.273117852763511 0.27551210813251 0.28815124481776 0.716417023133702 0.709600403444578 0.714160405528079 0.723730609887437 0.756829458636074 0.823093553392681 0.897979216844531 0.969028199207323 1.01982425308581 1.06495067663889 1.08238033436626 1.1116663567982 1.11371722112169 1.10119616183255 1.08734997194484 1.07693354951594 1.06765898621905 1.06092067176058 1.05447629605668 1.06015814974872 1.06444392072645 0.537633236859601 0.539096973172251 0.546943524823048 0.54541758448277 0.545318324670291 0.547339491498244 0.546450840900305 0.511176655680048 0.48758945515228 0.485087485576516 0.475874445116986 0.457430566446529 0.454522428328139
0.186463950471422 0.203798683021185 0.219012266365553 0.226653820601304 0.227943066594418 0.214258894521591 0.18092050774751 0.15639764025311 0.145708581234483 0.149735455606276 0.164402551206657 0.171177457329605 0.182926824142579 0.216756533923375 0.243575116464822 0.254835702868606 0.262868436044598 0.682083034050863 0.686500113313903 0.696729783453724 0.702066196990538 0.737251285997955 0.796818959525401 0.867373086044617 0.937992589071292 1.00492924769387 1.05611330742181 1.08934648738731 1.12136920338446 1.11913977702716 1.09974672497176 1.06657151434301 1.05925438892857 1.05889890630071 1.04606718164074 1.04325927306094 1.05099769282263 0.528996272417583 0.532882039453927 0.533770776495504 0.52599929122454 0.525257963060441 0.516193800674233 0.513634765413005 0.497802810324969 0.488472294529749 0.478901589822678 0.484824362156873 0.485528562411758 0.484440981395402 0.489968295093982
0.209554007745491 0.212189360918455 0.211795070229567 0.219413282944866 0.206669319249395 0.192562712411142 0.175594443924522 0.145018070785013 0.135290160541756 0.141390232692232 0.153595089980216 0.165548109122883 0.176310956130343 0.202676609591446 0.225641809191882 0.242513318575542 0.2537899102669 0.261942756312321 0.670516832135024 0.683037658443634 0.701076695170253 0.723704603066825 0.765579337642632 0.82802707269189 0.893490842183709 0.953870177804338 1.0307420131546 1.09290202661808 1.13156931223211 1.11597052281811 1.07577948058481 1.04712420011733 1.02567179682865 1.02872564619998 1.02840663439068 1.03258125614582 0.5222801238287 0.522990096090833 0.524450613425602 0.521257767593514 0.517947828419745 0.508360083487282 0.485508095142958 0.474087019569123 0.456254100973406 0.448842061800972 0.468058126087414 0.48023745060897 0.495826875478514 0.506497295338173 0.515128316966476
0.225312857689468 0.22777863981921 0.224213785267321 0.215937069690109 0.205269739392477 0.191308180500243 0.176624062924462 0.15641859173545 0.142711060569141 0.144103930235477 0.152351271163779 0.15898325384182 0.174316610193046 0.19897369601649 0.212448896460952 0.230125048681541 0.233962611641456 0.251573295768227 0.658180170589638 0.671197831806991 0.692795816718975 0.714998447880286 0.744042832067506 0.781143653038113 0.827758105886621 0.886512443077814 0.969674079111477 1.08534096841297 1.14202916279256 1.08540173361443 1.03324316976885 1.00002542560566 0.97799785917049 0.987759885444805 0.997894292490109 0.506540675113209 0.514110818859833 0.514973135344047 0.513703600048179 0.511467075023082 0.503919790827744 0.494922363212324 0.4744154422583 0.452335999704491 0.423206198776442 0.435690774148362 0.462069649246492 0.484161001362919 0.497904539785778 0.512284027897873 0.520253473396756
0.244261372953669 0.238516354788216 0.228212395541382 0.213896917390002 0.202669269938327 0.192827571601705 0.175707299382973 0.169538393707735 0.155783476518736 0.160217180532248 0.165662726961866 0.169369304311758 0.175360062756545 0.181852740599907 0.199571176705762 0.219291822131297 0.227901739840024 0.240563779308805 0.243833691738359 0.663626027323968 0.678433858315704 0.696769601820529 0.713148361717707 0.739996651283587 0.765100421572358 0.792537277470575 0.854096054856409 0.965810841317332 1.01630580206796 1.00245220688995 0.958629894888567 0.925575143994563 0.924951578899633 0.938950795607846 0.468528288436557 0.485893982183764 0.500422803142713 0.503469555229935 0.505620619719898 0.508359309225048 0.498811338240331 0.482847534671211 0.460111226235564 0.444315825522627 0.430521832175534 0.437092944328791 0.455697718773195 0.471889373900824 0.494834884230098 0.512508941119934 0.534591482739829
0.245122502261893 0.233735927874979 0.226885020385852 0.215892190756343 0.207413111364224 0.184927720040393 0.190103258074351 0.180015453452851 0.172560596401152 0.173776017813735 0.178634585236604 0.179269689364648 0.187464761873752 0.190363628694872 0.203553942201062 0.21042466582866 0.216656384251165 0.221664095969361 0.21564459761916 0.64007463086713 0.65995549595234 0.669604460194014 0.684496088184398 0.704285216930074 0.710757948951388 0.721999411866067 0.73367469215054 0.827159400182957 0.885100177710588 0.891674186292787 0.874885026041962 0.849625800068012 0.857626934878893 0.887935180652543 0.441800482355236 0.464560256295015 0.485083384543955 0.502612730257751 0.512191170085171 0.505589603586735 0.498585817564562 0.481798956332841 0.465332995855761 0.450734587799501 0.443254391884959 0.456542644849584 0.46625625218884 0.479829525302627 0.500651428304371 0.517445867907311 0.53655450423845
0.249436937603356 0.242826442623012 0.228084082700618 0.214286048102513 0.20789619274756 0.193331030948409 0.196711993775038 0.191120154859845 0.186164494494378 0.185189509068845 0.187330316971176 0.191364257075899 0.18620808547602 0.183814200411338 0.189490698786395 0.192139061250358 0.201156484809648 0.210717099889 0.213128692733851 0.214385047604307 0.648062651982246 0.666981421847968 0.672919662288066 0.684567689320444 0.687782384921472 0.699468588308866 0.708202484398808 0.756185702329694 0.800107597654487 0.816695319043283 0.811554606477105 0.800615962043888 0.380058106735835 0.406840002048053 0.427176411931294 0.456179170964157 0.47869427214477 0.50356435403322 0.518495217368865 0.522237261334795 0.509405717378146 0.491693946578078 0.476604309179943 0.462021438001152 0.464375364650114 0.467434590082008 0.475063149391212 0.486112038191998 0.511726340331257 0.530527884827143 0.539141276921445
0.244747684338417 0.240364436835864 0.223674774064279 0.219802978847933 0.201994958813244 0.197580563253018 0.20134956875278 0.189445093326469 0.197853247599591 0.204112299846603 0.192514259267357 0.187801472184695 0.184533429687344 0.190694594145761 0.193201985317871 0.197484765151461 0.196488416168346 0.206768638031992 0.206467185987047 0.207168089822691 0.219808684761032 0.218865439587301 0.227807817042473 0.675947548844613 0.678547962739999 0.68957828994207 0.701663932442621 0.726917849083039 0.747848644927305 0.759549101071252 0.356066500091773 0.362912511120931 0.377348470223647 0.393150300968413 0.41564425996177 0.434850797327807 0.464547494901005 0.500690204376314 0.532065511455126 0.53389310396344 0.514865352517569 0.506927379506982 0.495392657421403 0.486623153720766 0.48139271777351 0.488194153955489 0.498401749085249 0.494968950091522 0.500442014787896 0.512659060360138 0.527989515393155
0.248571310319258 0.240321157306174 0.224095676793895 0.215040580785332 0.208697591192452 0.202683972802493 0.205792364979142 0.198862723538198 0.208511146646768 0.215073580953345 0.200332392849212 0.19617855633062 0.198131133284609 0.202247155239437 0.198198754640063 0.198599368706962 0.197800137424494 0.202573403554072 0.214517841194402 0.210532488419378 0.207725810848537 0.21431630408729 0.218075100695643 0.223742508771779 0.230714986963801 0.678136715616295 0.68891941255333 0.696214900899375 0.303013968426497 0.326181430764108 0.335946496305513 0.352184531181458 0.369801277432913 0.385957348040564 0.402412101522863 0.41926824364678 0.443814987883563 0.487128310244993 0.518061831951417 0.522014410724825 0.513509063649713 0.513918533925337 0.509277176991856 0.499632788201885 0.492646194766386 0.500894153588675 0.504737976077502 0.505077477260764 0.508569343347935 0.5101373829746 0.507678472693745
0.235543805559423 0.23886985386958 0.219888090767961 0.226123747873897 0.216016556541033 0.211396661168871 0.21805534020975 0.212202759678053 0.227290842118943 0.226172510734912 0.219365366452246 0.207318530458085 0.197987769784844 0.205901965673985 0.199673491501694 0.204213197053014 0.190531937601068 0.18196212417348 0.197287018152399 0.201386304647929 0.205616798411307 0.208003582260158 0.218812231694988 0.223643556185762 0.231847756119607 0.24698370304408 0.266370031171335 0.286488932036603 0.305792586264499 0.319269377661219 0.317563922761058 0.340214306059299 0.373169650931557 0.376852977667829 0.386851406762922 0.396975362345675 0.421720826246916 0.453746104034864 0.491821120975401 0.509507409319654 0.511995090313953 0.50679716426634 0.509985938861601 0.51284669866517 0.513353608093961 0.518295727547408 0.510206445579182 0.503611485418542 0.507750681023515 0.517523420967968 0.504513315622822
0.233932617226573 0.231286849578896 0.228767385514307 0.218304575335672 0.213406514483937 0.216902553556452 0.226044102747366 0.228832838962146 0.22787187789579 0.229658659567148 0.228531494700809 0.224220446136649 0.207436527799247 0.207345521326838 0.20312144954033 0.201244971368784 0.193522691282818 0.183101011325928 0.188731067908485 0.198388700435374 0.19417041455808 0.203958149297211 0.220602240885203 0.227887536786642 0.231927432279353 0.252865017932462 0.270888633042275 0.295194810040519 0.316341980874094 0.319161353508271 0.330559461061847 0.350011709527636 0.373956550863372 0.377409537788889 0.379621638323907 0.38173209160519 0.375715924677182 0.423706883176338 0.472095246487043 0.493205943154295 0.504884575281953 0.511185626055781 0.518835107127441 0.516326433751484 0.518569618565558 0.524825639429301 0.518192908580972 0.50221091406634 0.51314351809555 0.515199368155539 0.514987689027656
0.237165379499078 0.236085953529989 0.225797744218823 0.221087737502649 0.212307004538527 0.215959955348677 0.231382430108368 0.236304278110912 0.235822750983769 0.234786553543474 0.231500774333654 0.225956252001033 0.205334092655921 0.198588864201886 0.205731448901867 0.201231903508143 0.19963383771783 0.198999864179932 0.192710747789694 0.191769002512331 0.198697953131508 0.205379096162271 0.223188143682503 0.231404222987254 0.243673993694483 0.26053136988804 0.281585783910073 0.295580360203598 0.317818437715641 0.340914006676252 0.353080608540736 0.373424511512333 0.388496633153386 0.397902571540658 0.372157166540665 0.370357715702219 0.3921867375487 0.427192281387121 0.462927336294448 0.484643806049646 0.503097726418376 0.516942786140638 0.519869783337934 0.525269032449839 0.513963735546897 0.526689406326463 0.53026661729277 0.513699818013343 0.51076997713522 0.522123106068554 -0.163536336574835
0.233886452764905 0.226214739804066 0.215599108100661 0.210979148398711 0.206550007148292 0.223968098759299 0.242462586134224 0.250136980783664 0.240496551639501 0.247412181280632 0.235750268333596 0.226535527503401 0.209671503770855 0.203676161792001 0.206942377566575 0.209672323325954 0.204261537690343 0.201825867080013 0.201685148063226 0.19844938561787 -0.270250577504025 -0.263363343570894 -0.241595838955301 -0.220842567090256 -0.192981263863504 -0.169525352989637 0.290393121888529 0.310367633911184 0.325177373760765 0.356076382211479 0.386717693884333 0.4032275695412 0.409517105589391 0.400713587140272 0.40910352520934 0.407371563363582 0.409699417296859 0.432536884815397 0.457815382394767 0.478791368780406 0.49805716101292 0.517657813885423 0.52417491345922 0.526601407960124 0.524226251060332 0.512201918546891 0.53469901287622 0.536273712262097 0.51517309014158 0.526282369348172 -0.170480657871693
0.232482718185585 0.226310281329877 0.207765637897274 0.203386221924775 0.192800918172817 0.205524730068908 0.231100701060542 0.240073666535442 0.258314617092465 0.257043989559606 0.238929378793913 0.220839293019922 0.20413834347432 0.200631294747959 0.207176844315809 0.213111254314304 0.207469028155705 0.203876309114376 0.199358966311165 0.21192049762961 0.217505510775473 -0.249156540820223 -0.234400044657655 -0.225902553414164 -0.213008766776501 -0.184318152734898 -0.147516101024687 -0.131598331399355 0.340613833071829 0.368039491803296 0.398645100271332 0.431490538298751 0.457923973411591 0.450862327330507 0.454606012951169 0.441286873151362 0.43463531793615 0.44096992156851 0.468268006249794 0.478991541748483 0.496032842181503 0.51654068648531 0.513945627017787 0.533449066292372 0.529787943742578 0.528169590145057 0.551648683637444 0.551170856550062 0.51795144192105 0.5177155181065 0.499411265493917
0.235754246693965 0.215947498113671 0.194204604988096 0.186374248169811 0.191472256957628 0.204572143463072 0.212973979225911 0.22311794840131 0.247481469165594 0.251010554381619 0.23971095027809 0.218025552684473 0.208988453771022 0.198566166910891 0.202721524392797 0.204875521883632 -0.235659148451757 -0.263312295932508 -0.262272530922724 -0.251190546206598 -0.245120140809152 -0.233222372712887 -0.233890608601719 -0.21621828248554 -0.197116923168549 -0.187135877494283 -0.16605199766315 -0.148513679777557 -0.119841152440944 0.383221967371354 0.424764307694552 0.466961618169775 0.50615867785021 0.491747153965225 0.477266900711765 0.470375098346444 0.461128730614021 0.458724062206242 0.479164999182637 0.485266155490424 0.501505589921767 0.509198794634993 0.522949076869211 0.531555875450238 0.53580195856745 0.539511120911281 0.554932647896632 0.558091508804671 0.526068591707953 0.516554217878426 0.496937118480856
