data/pcas/pca_proj/PC10.asc
NCOLS 494 
NROWS 529 
XLLCORNER -117.166666666667 
YLLCORNER -55.5 
CELLSIZE 0.166666666666667 
NODATA_value -3.4e+38 
[rows 374 to 395 of 529, columns 350 to 399 of 494]
-0.112888406026466 -0.121671622068853 -0.130862866088871 -0.138314302386899 -0.146370417026025 -0.14908125734864 -0.146859810640017 -0.149265907541021 -0.155619016028994 -0.165060594995637 -0.176387902700561 -0.198541327772327 -0.216898776852881 -0.227916379822525 -0.24799163339342 -0.259526668281357 -0.260266359727958 -0.265195119938821 -0.276641152221123 -0.305675328152281 -0.269250567410946 -0.289107910826157 -0.310710866231451 -0.323791458999038 -0.333884777312183 -0.343127969612388 -0.34894901957499 -0.355596336286648 -0.366125484547499 -0.37146079639145 -0.367368158647338 -0.393337163142235 -0.361224005517405 -0.348922078311702 -0.306041677403745 -0.255751827844972 -0.209106157688631 -0.172895596793085 -0.133400877572327 -0.139931195137823 -0.165974310159211 -0.211649088079367 -0.254792478933482 -0.303074580607459 -0.34991842133202 -0.366372465810091 -0.35397461375393 -0.37774550386929 -0.371361859289018 -0.364039487665249
-0.114459625626138 -0.123143847804755 -0.128533267799552 -0.13569340636094 -0.145594182415761 -0.147880731786893 -0.151506941496576 -0.15104043392721 -0.160717942572461 -0.164114734220495 -0.176575986363694 -0.198809244812411 -0.212264078271967 -0.224752441647822 -0.245341293772536 -0.262943853865749 -0.270787401158124 -0.277534252443822 -0.290017383044789 -0.308615696026984 -0.269461166661841 -0.288285255081883 -0.304837690518347 -0.314277930923527 -0.324433440781893 -0.339549517949315 -0.344554313852737 -0.35124916409593 -0.352110195700132 -0.351286730786886 -0.40166320416147 -0.384731691974797 -0.356468104573782 -0.333400655630487 -0.319100364090025 -0.281326046672307 -0.231955577857745 -0.197258487265012 -0.192809100020499 -0.190661846476657 -0.212492303683226 -0.254684143250348 -0.295223710830219 -0.335474134072037 -0.366117747806296 -0.350855268754706 -0.357116933306881 -0.375608243632758 -0.366871454404598 -0.358304379153071
-0.107207998231145 -0.113490618373182 -0.123172550137155 -0.134652963438115 -0.147346070444145 -0.149152674818952 -0.155109391582701 -0.162262792592515 -0.167998089848163 -0.170768195257236 -0.184663915796355 -0.19352730085214 -0.202309958758692 -0.212198711496165 -0.232172315994414 -0.252841542346276 -0.273552721824422 -0.28983817186098 -0.304289746876987 -0.31934126365955 -0.273289720620665 -0.29027164900586 -0.29893310738901 -0.307199432934774 -0.318453480325433 -0.334164672719312 -0.337413891846231 -0.340604481860192 -0.339598865957927 -0.336564733327953 -0.380665200553019 -0.370038816168058 -0.34831741934283 -0.324941771182797 -0.300878548373027 -0.282248846432487 -0.257347340730709 -0.252344867207243 -0.244959022709658 -0.244442034162162 -0.259746658886626 -0.28410268276716 -0.318137716531779 -0.354587042374195 -0.333629234204619 -0.359804097347104 -0.368903959940191 -0.367553277710541 -0.360724838378329 -0.351316365082283
-0.108689083788185 -0.109910653052737 -0.116782202775168 -0.129424428131641 -0.141458375548561 -0.152028887662095 -0.156276227242703 -0.159517444951046 -0.162828560212674 -0.166509065025972 -0.178357532803352 -0.189982781066743 -0.204072135746105 -0.216203146219715 -0.231217038227845 -0.251499459938988 -0.273204421076995 -0.298680590865176 -0.315094723330363 -0.327265610022981 -0.285857232307198 -0.286266515782348 -0.29210409713462 -0.299004274029288 -0.310542869998518 -0.32240412504644 -0.32431423417406 -0.323255760724993 -0.319498725352214 -0.326045365438079 -0.371807432817879 -0.368702473003086 -0.34827218850825 -0.322050190148083 -0.300546542758778 -0.280402811409571 -0.268810808083233 -0.257760049023076 -0.258551311592002 -0.263897752564589 -0.279455020633769 -0.300041212917875 -0.324574099355065 -0.350442220654998 -0.336882211048813 -0.355278998883565 -0.384901061039081 -0.369619065528984 -0.351573568092434 -0.359439742645293
-0.105554724468658 -0.111292233319527 -0.11980597750767 -0.128863791029339 -0.141913799413955 -0.146021281273758 -0.151816553767472 -0.155917145093228 -0.161339513564085 -0.168765356653627 -0.176997051349083 -0.186021532482396 -0.196702981391172 -0.208784826385119 -0.227344901392569 -0.251195285812948 -0.276987443868034 -0.299692905631353 -0.315300164466804 -0.31992932603734 -0.279849955344823 -0.293843184746296 -0.299077737338356 -0.307951080809949 -0.298652788137969 -0.313575987908388 -0.318592782554046 -0.314918092328818 -0.359602372674787 -0.362025291250599 -0.36031469543864 -0.359795164934353 -0.358121705980951 -0.33477481637005 -0.312956851356722 -0.297127958848489 -0.286289660948874 -0.302393938644923 -0.287503519672606 -0.290998894161143 -0.301556992021628 -0.316836663403262 -0.341784840132978 -0.33112933946366 -0.339463271894137 -0.35692669996555 -0.395722774690291 -0.384439033307893 -0.380063864972706 -0.358307329662648
-0.105061640282809 -0.112608984624172 -0.117575609264481 -0.12841760535036 -0.132728822358239 -0.138951827709311 -0.149132377519103 -0.158818362200375 -0.16407667639323 -0.173599376752882 -0.180791840802833 -0.188717549070416 -0.199547798488024 -0.21029771989397 -0.228281446074382 -0.250932110864169 -0.273803870204024 -0.296176075375658 -0.308712912829853 -0.316874572509719 -0.271368053610866 -0.284871265497782 -0.296733078958634 -0.301456581145067 -0.292438807654975 -0.302340156357608 -0.309909199381433 -0.308927963129337 -0.304722485905354 -0.301413168165344 -0.303758770838686 -0.301195954330662 -0.299400475946892 -0.318628803112873 -0.321353054073551 -0.293856595748551 -0.306447360305816 -0.32534637867968 -0.327497210745757 -0.285649984536739 -0.288849040576443 -0.311089442979657 -0.321199631499663 -0.335407460354286 -0.347008006017693 -0.361997853970745 -3.4e+38 -3.4e+38 -0.381736568661932 -0.360448618982338
-0.103831423856805 -0.112399951842175 -0.117000991268392 -0.120330028115917 -0.125422681495648 -0.133693858668981 -0.147114094437936 -0.164175223040518 -0.174468619567653 -0.181378584910037 -0.188080857801627 -0.193912590253464 -0.205686512955181 -0.215172358014168 -0.229098399815449 -0.245997232132349 -0.264259421050314 -0.286466247839295 -0.304861743582518 -0.323818883129228 -0.336382726178218 -0.290138681491049 -0.29925003912302 -0.294807468074919 -0.299390913274776 -0.296667224683444 -0.304339086867314 -0.298200686765908 -0.293730188217036 -0.294760916657102 -0.297122199997281 -0.289741982179069 -0.286220554823394 -0.281828541824436 -0.273067021952847 -0.2683093268272 -0.252228878551451 -0.257459949060045 -0.267393092185998 -0.295296728864948 -0.306111869350184 -0.317280166258894 -0.325127611854209 -0.346509470555804 -0.347614408731134 -0.394737015465073 -3.4e+38 -3.4e+38 -0.363266391189369 -0.366515698403071
-0.102856774554541 -0.105721807191197 -0.11087299049975 -0.113702737981465 -0.124993380041092 -0.133084940367533 -0.145554164992711 -0.161888857010452 -0.178723337130378 -0.191203744813754 -0.200107306837144 -0.206306499559626 -0.21213647111724 -0.222943008867048 -0.236642394293127 -0.249949242070162 -0.260223405858839 -0.272172630397579 -0.281955566729106 -0.295215400107653 -0.307655091465338 -0.332129636784805 -0.29104200589703 -0.293469868887837 -0.301001547886081 -0.301806809916816 -0.300851103844676 -0.296356970792041 -0.293867731383999 -0.29787395502999 -0.295585661346102 -0.287923323314694 -0.283128053014595 -0.274019458860656 -0.271915467847698 -0.269539903691089 -0.266389775679732 -0.266337091274684 -0.274759150057872 -0.296952000660857 -0.310663700225514 -0.32294900657357 -0.318796204103363 -0.337705826710576 -0.35792237398293 -3.4e+38 -3.4e+38 -0.351359802518381 -0.357943660929348 -0.352659083110478
-0.0945188510887447 -0.100172029668406 -0.10324773529348 -0.1102005498783 -0.117778306184736 -0.128856129774613 -0.146414512571366 -0.157914904102432 -0.173275863954418 -0.186194090014528 -0.197493675221527 -0.211798323478043 -0.223465488916781 -0.23327355269079 -0.245617099432312 -0.258829084941467 -0.269604856329241 -0.273882955274584 -0.284985689813929 -0.284695377649897 -0.290241928038142 -0.317049868946428 -0.327096339662163 -0.29023279660915 -0.286526848948375 -0.297965399443352 -0.302214392955219 -0.297906943650479 -0.294323030800207 -0.294402492464526 -0.292504836932653 -0.282316497542931 -0.276468390068867 -0.27721526121241 -0.275274715055355 -0.266577396976625 -0.266993447219997 -0.275118918703236 -0.275854855824012 -0.289418848777173 -0.314304656141711 -0.322448692803494 -0.331509589039644 -0.321540259258709 -0.348667158061466 -0.394042736130064 -0.379376758906598 -0.368244755917412 -0.348813180036558 -3.4e+38
-0.089286760561719 -0.0958352770474774 -0.102275969867153 -0.108432494390437 -0.115619510739147 -0.124289915806863 -0.14374258998862 -0.1586454530205 -0.168411027593053 -0.183655520263899 -0.199905829033719 -0.211393963187879 -0.227392717275946 -0.237541479579052 -0.247894888361905 -0.25651101565241 -0.273879721642559 -0.289282790919463 -0.294474663466581 -0.295195621666071 -0.301183999513942 -0.310519372546642 -0.324998151405592 -0.339971064553468 -0.282802256202661 -0.291854843787544 -0.296851117352552 -0.299924848987826 -0.293156813575678 -0.289375866077466 -0.282461770975491 -0.27586094110255 -0.274868202771868 -0.270421651437216 -0.27087340862431 -0.267326611927726 -0.264423080412026 -0.264780579384947 -0.274339401267959 -0.290807588540652 -0.300983228862523 -0.304927084602751 -0.322117263069747 -0.318390744086706 -3.4e+38 -3.4e+38 -0.353723021320426 -0.35742772583007 -0.348104894968751 -3.4e+38
-0.0854237497802712 -0.0945774460929363 -0.108776413456618 -0.116891102896787 -0.12206761940681 -0.137000077924682 -0.150800097760366 -0.159531142068109 -0.171032082708449 -0.185019549393089 -0.201727318498564 -0.209042983501691 -0.223354522267149 -0.241032534343097 -0.249176346652748 -0.260318258002712 -0.277929346121196 -0.293174790623743 -0.299139984887747 -0.302817463710693 -0.309739322474773 -0.316520166297824 -0.328800075123545 -0.289645526661702 -0.282170179370774 -0.29050821029394 -0.289851721656347 -0.29558786428602 -0.294822235553832 -0.289577569704546 -0.283283103216364 -0.275351404045377 -0.272287883933264 -0.270355566198068 -0.269725043951612 -0.274974889789909 -0.272458011559394 -0.274549102173033 -0.286717766210414 -0.297837331977558 -0.302379489499612 -0.30034491846834 -3.4e+38 -3.4e+38 -0.345275339125878 -0.343941404737817 -0.350107306317108 -3.4e+38 -3.4e+38 -3.4e+38
-0.0851014810334962 -0.0941097285375803 -0.109416926061946 -0.12753653401104 -0.133958784083478 -0.145498218679563 -0.158848605610881 -0.17088023961742 -0.181172963163189 -0.190934519621198 -0.201329154274899 -0.213679898101494 -0.228438784563005 -0.238438925701148 -0.2536994973687 -0.271435440171784 -0.287311080363322 -0.298592795269908 -0.309659829245186 -0.314423862159499 -0.31802609390913 -0.327429222867228 -0.337377362866932 -0.292746362533377 -0.278274058221274 -0.285271144238091 -0.286831301235771 -0.287388115971622 -0.288760490531428 -0.28582513760379 -0.278870008405626 -0.268889252725211 -0.266813579160658 -0.270227219020967 -0.276078324254637 -0.282742338949991 -0.283058960808491 -0.287393195381537 -0.296950978246588 -0.293942650820171 -0.309254001391347 -3.4e+38 -3.4e+38 -0.334451046756179 -0.337203753853326 -0.341694184298304 -3.4e+38 -3.4e+38 -3.4e+38 -3.4e+38
-0.0844959117321467 -0.102924528336721 -0.121028372945444 -0.138666320820501 -0.14746534231717 -0.158521503443404 -0.163890374498355 -0.170875660363819 -0.184873757019805 -0.199839524325204 -0.206946248738764 -0.21827788189632 -0.232514176030767 -0.243479516981953 -0.255776377487887 -0.272711776567441 -0.273170304812348 -0.284725495861545 -0.310232966331918 -0.323238044498108 -0.322871239596601 -0.329275599761804 -0.319301301475799 -0.269368320387318 -0.266423740060401 -0.277410721441618 -0.278384546047753 -0.279294356815684 -0.279391375144496 -0.27419359875657 -0.270286249713217 -0.26555254220178 -0.268396109293327 -0.270143596669321 -0.276712741965749 -0.283348212732425 -0.285300131342882 -0.303795353612391 -0.307710623203411 -0.308341737428431 -0.316377319375822 -0.316658724491442 -0.327279896450556 -0.327464160911729 -0.325136454683311 -3.4e+38 -3.4e+38 -3.4e+38 -3.4e+38 -3.4e+38
-0.0939283041020553 -0.115333241612801 -0.131827870109929 -0.151824230985963 -0.162553245472358 -0.166092827136758 -0.166940928013825 -0.176777081426941 -0.192138028342046 -0.202097735730599 -0.208405697477976 -0.222032724483686 -0.234252128434947 -0.244464308853934 -0.261166228609433 -0.277099822057678 -0.275049591993682 -0.286525606545508 -0.299453803706697 -0.306450350699507 -0.306978638584374 -0.269881095760688 -0.271766128585283 -0.273781927643798 -0.263671668513421 -0.262270154436238 -0.26376481507981 -0.263486882322746 -0.262114760718282 -0.261573844275986 -0.263232338426418 -0.26210411566649 -0.262403282482282 -0.265514681924669 -0.274020155468303 -0.292301461218193 -0.298172646666079 -0.298420024527017 -0.30720918408839 -0.302275288917594 -0.311243718675895 -0.308835739663721 -0.321644850689399 -3.4e+38 -3.4e+38 -3.4e+38 -3.4e+38 -3.4e+38 -3.4e+38 -3.4e+38
-0.105554843599594 -0.126262694936874 -0.149772322224505 -0.166817062029002 -0.170221128867967 -0.177561331688639 -0.185140878410408 -0.193693137292953 -0.203921986815326 -0.210657057271867 -0.215948695318155 -0.22355739157421 -0.234737288515786 -0.252110604947763 -0.266155173757917 -0.282112883740813 -0.279168343546384 -0.285164847490165 -0.304084651240689 -0.303528262670426 -0.266546424449671 -0.263886659232747 -0.270026515206969 -0.261624348233053 -0.255251255677437 -0.253443132790169 -0.247554653654242 -0.244011894128301 -0.24316383661203 -0.247174346438097 -0.250380613349708 -0.251127566040135 -0.252659686740793 -0.273800066451778 -0.283126564917915 -0.289920789827704 -0.296577740654657 -0.309626257495472 -0.296429970906428 -0.29479389743166 -0.299508792089626 -0.292584101655216 -3.4e+38 -3.4e+38 -3.4e+38 -3.4e+38 -3.4e+38 -3.4e+38 -3.4e+38 -3.4e+38
-0.119948037818945 -0.140361568916883 -0.156069890205262 -0.183309436669074 -0.183186057025425 -0.181911830876631 -0.191852360104657 -0.20466252905253 -0.211402770704477 -0.214693437906251 -0.220991582537801 -0.233529242262668 -0.243339823997293 -0.257169464407984 -0.263250679333032 -0.278701789969952 -0.296390072671918 -0.227913008340465 -0.237676208408026 -0.260333447246438 -0.264715816616212 -0.262416577167999 -0.264236513734513 -0.263297231658478 -0.262693812501345 -0.258594161734613 -0.241310441045175 -0.237612743753178 -0.238197144642738 -0.23707372082719 -0.256393363904984 -0.255448951748646 -0.263043741571168 -0.270826060117126 -0.271661150913967 -0.278931568423397 -0.314459478463526 -0.29952025842345 -0.29882764997731 -0.294464768621174 -0.295652504765637 -3.4e+38 -3.4e+38 -3.4e+38 -3.4e+38 -3.4e+38 -3.4e+38 -3.4e+38 -3.4e+38 -3.4e+38
-0.125001891697556 -0.140279452217094 -0.1590932344327 -0.179443679943657 -0.194101686232649 -0.19275180568163 -0.205146007987336 -0.210072631826715 -0.213647995166805 -0.222081334876703 -0.228530387353129 -0.236038926497785 -0.239728903115778 -0.25270582860884 -0.265283376166548 -0.2753051075265 -0.283908797535149 -0.213959275067774 -0.227124488101682 -0.256328233959272 -0.2555470820124 -0.257727493757984 -0.258437050088876 -0.259102455630262 -0.254903321554083 -0.257092911435196 -0.249390268857259 -0.234845678312583 -0.245146712823888 -0.246108248286945 -0.252046042006107 -0.255790111292477 -0.258916907148997 -0.261264798755482 -0.26415084814678 -0.279433621415926 -0.3185858177024 -0.303053595133614 -0.304781089027214 -0.285954092033064 -3.4e+38 -3.4e+38 -3.4e+38 -3.4e+38 -3.4e+38 -3.4e+38 -3.4e+38 -3.4e+38 -3.4e+38 -3.4e+38
-0.12585592137237 -0.13477195390111 -0.151930536829349 -0.171673616730489 -0.195681278387247 -0.205510548868058 -0.21491707852674 -0.217359275831245 -0.221744937834629 -0.230441756289687 -0.232891409281282 -0.239038147318024 -0.244150111286398 -0.252244583499356 -0.263999908329594 -0.269396430326353 -0.185339001131271 -0.196602248569918 -0.210664512891369 -0.250817440992194 -0.257474648181291 -0.256512520857237 -0.252618952014625 -0.254408649099111 -0.248616053994012 -0.250011317869456 -0.242026490525315 -0.238020885530856 -0.247211990811104 -0.250329610779372 -0.252251703848319 -0.255979819490459 -0.254400016220112 -0.263306232125601 -0.275415698478621 -0.309451112129387 -0.328541437444363 -0.313438494241889 -0.302991900791219 -3.4e+38 -3.4e+38 -3.4e+38 -3.4e+38 -3.4e+38 -3.4e+38 -3.4e+38 -3.4e+38 -3.4e+38 -3.4e+38 -3.4e+38
-0.112567583962446 -0.125795049121706 -0.14827115287721 -0.165960356742241 -0.186720953729588 -0.196522280246757 -0.212650731154984 -0.222824200147201 -0.23008114232401 -0.235848387423213 -0.238478725401811 -0.242252163708775 -0.245420891923991 -0.245975927288417 -0.270958582345223 -0.236621651862046 -0.186919983232919 -0.20081839208337 -0.219809611221824 -0.253585696842193 -0.256481251134216 -0.256214276935657 -0.25583647609862 -0.256260636202559 -0.261837283431539 -0.248938113854223 -0.242503904983136 -0.242596332215055 -0.249060549003192 -0.249858702281263 -0.247034385055719 -0.249104914460002 -0.248689732180131 -0.273925889995112 -0.294480898362338 -0.308195177162009 -0.319562407586645 -0.297982244268405 -0.296172406375805 -3.4e+38 -3.4e+38 -3.4e+38 -3.4e+38 -3.4e+38 -3.4e+38 -3.4e+38 -3.4e+38 -3.4e+38 -3.4e+38 -3.4e+38
-0.105719846183158 -0.114881378270651 -0.134504600043155 -0.152515561512475 -0.174098843280665 -0.182761334261491 -0.202423862986752 -0.218422145524421 -0.226457249512871 -0.231148470272582 -0.239202590559157 -0.246613651416993 -0.253456430273105 -0.259177645695943 -0.268919763158356 -0.245362197146645 -0.247684655277882 -0.237073367231367 -0.248697935609303 -0.25721205974454 -0.253921167110317 -0.257122010123267 -0.259435499532274 -0.262871985402488 -0.265488255294359 -0.266934408623358 -0.260107456657702 -0.254406870912977 -0.24894345313913 -0.246972017384388 -0.237653112089159 -0.240898586458555 -0.254302790594162 -0.28174949542245 -0.260650820208293 -0.284518029611312 -0.288206401104055 -0.309724501167411 -0.29296836069977 -3.4e+38 -3.4e+38 -3.4e+38 -3.4e+38 -3.4e+38 -3.4e+38 -3.4e+38 -3.4e+38 -3.4e+38 -3.4e+38 -3.4e+38
-0.107392027964741 -0.113677402774502 -0.130249842059729 -0.141672328489496 -0.151420249834623 -0.172423981708832 -0.189989109226619 -0.201854631991929 -0.216959598032008 -0.234357702015452 -0.239854153121253 -0.251801880285426 -0.256659767180392 -0.267209057289218 -0.28126287186264 -0.252571595241013 -0.255399686791202 -0.242227730964431 -0.251089975815868 -0.259466557105845 -0.261916087657445 -0.262489949734764 -0.262694452288289 -0.268667516124282 -0.268764505331464 -0.266976627010516 -0.25208733444488 -0.242275582135435 -0.243213848156179 -0.238963278427665 -0.237298777003627 -0.260467952218782 -0.277423249473366 -0.263977679522573 -0.252127809069841 -0.258115588036596 -0.287076844924604 -0.292994162792456 -3.4e+38 -3.4e+38 -3.4e+38 -3.4e+38 -3.4e+38 -3.4e+38 -3.4e+38 -3.4e+38 -3.4e+38 -3.4e+38 -3.4e+38 -3.4e+38
-0.126735164011959 -0.120198290501261 -0.123844907999161 -0.133209609980719 -0.128641516889394 -0.150819211307944 -0.182709148638527 -0.196895786389777 -0.214371355657858 -0.228131218609564 -0.243364393065532 -0.257165207933004 -0.269190130473061 -0.25687480180555 -0.268755723575604 -0.252435594511192 -0.252841994617796 -0.238885153940843 -0.25167829031865 -0.257925059467136 -0.265154165141235 -0.268554981680178 -0.267691959055072 -0.272195730810435 -0.280941795484785 -0.271336218555872 -0.252980258260571 -0.241019621505485 -0.241025224387031 -0.237399652803443 -0.240336886694574 -0.265043707411705 -0.254633895646483 -0.238110785651062 -0.242397916526468 -0.274442385949317 -0.259839698158487 -3.4e+38 -3.4e+38 -3.4e+38 -3.4e+38 -3.4e+38 -3.4e+38 -3.4e+38 -3.4e+38 -3.4e+38 -3.4e+38 -3.4e+38 -3.4e+38 -3.4e+38
