data/pcas/pca_proj/PC10.asc
NCOLS 494 
NROWS 529 
XLLCORNER -117.166666666667 
YLLCORNER -55.5 
CELLSIZE 0.166666666666667 
NODATA_value -3.4e+38 
[rows 506 to 527 of 529, columns 250 to 299 of 494]
-3.4e+38 -3.4e+38 -0.416212163334066 -0.408045513142382 -0.390566491048464 -0.371400085492714 -0.35959154805066 -0.33907853527948 -0.30676118925746 -0.277027435677641 -0.279567669197457 -0.240031735926078 -0.163404200345342 -0.134354790331264 -0.0980435967860204 -0.0537986946791341 -0.0020364536446854 0.0371448886244874 0.0420366365825575 0.0484809533338086 0.0503175326774517 0.0510362957075451 0.0558070834701383 0.0582067867734093 0.0621930027042223 0.0663893311417368 0.0672529847727376 0.0681718837861629 0.0738840688169312 0.0614571104478304 0.0640011876059413 0.0749353161693523 0.0733572633632295 0.082195389567116 0.0833677390105373 0.0811993808615109 0.0793069505222764 0.0822236519916527 0.079063938692618 0.0762535173713623 0.0736860972714822 -3.4e+38 -3.4e+38 -3.4e+38 -3.4e+38 -3.4e+38 -3.4e+38 -3.4e+38 -3.4e+38 -3.4e+38
-3.4e+38 -3.4e+38 -0.417133134289977 -0.429944170375769 -0.430136356180985 -0.394959545166244 -0.365459114914117 -0.328603956305645 -0.324152640482987 -0.29484276824619 -0.263802838830611 -0.255051499016231 -0.174832533825952 -0.149044519584565 -0.113583359184417 -0.0849281151224621 -0.0530886724777897 -0.0279306893274044 0.00898021717194127 0.0162243699857988 0.0284554118594262 0.037139951367663 0.0418150404807763 0.044399804942466 0.0421687586728317 0.0447334376230719 0.0525182097190985 0.0585749845802421 0.062161904633511 0.0452431078897169 0.0505552173332617 0.0526767535392722 0.054984951914959 0.0634489206483356 0.0681477362617004 0.0712356780760524 0.0700890954485446 0.0674691779856132 0.0699344685037626 0.0692746614619792 0.0707556809891634 -3.4e+38 -3.4e+38 -3.4e+38 -3.4e+38 -3.4e+38 -3.4e+38 -3.4e+38 -3.4e+38 -3.4e+38
-3.4e+38 -3.4e+38 -0.417270552227416 -0.424786407967556 -0.413907696449993 -0.39226374524914 -0.364283567355164 -0.36245532950129 -0.348084154048935 -0.32000382495853 -0.321999452702709 -0.299570048241839 -0.225782476047255 -0.171280078926902 -0.141083247939326 -0.100816888799707 -0.0629734895713132 -0.0358937571201702 -0.017560673069998 0.00503124048528964 0.0147468066849879 0.021936274490224 0.0316199568862608 0.03278678571833 0.0299290997442333 0.0380496507140401 0.0425718450094007 0.0502097925182996 0.0385171563695309 0.04180962968171 0.0393438953397896 0.0429275808680524 0.0515769962999196 0.0483815349357444 0.0549983609230434 0.06340293757219 0.0645764503917757 0.0593813681571093 0.0612719343146322 0.0603262392514679 0.0604953822322378 0.0698867251419605 -3.4e+38 -3.4e+38 -3.4e+38 -3.4e+38 -3.4e+38 -3.4e+38 -3.4e+38 -3.4e+38
-3.4e+38 -3.4e+38 -3.4e+38 -0.401582837126767 -0.411104537406092 -0.405981114269835 -0.390217692783905 -0.448591792409759 -0.46076338045878 -0.41425444979253 -0.391417964256498 -0.327434126861781 -0.250197265112807 -0.206159715172179 -0.160662132212724 -0.124380711124316 -0.0877872092073415 -0.0666649548591308 -0.0486233494721072 -0.0209202813662881 0.00244049017158153 0.0195634030275242 0.0236539256429807 0.0264812621680336 0.0200464777245636 0.0217691566293329 0.0235024545086805 0.0368282482198375 0.0235150325493776 0.0282096583484912 0.0414907960644128 0.0385608514208193 0.0487088518040503 0.0316633158713411 0.0396711731313513 0.0414477081908697 0.0454689888891653 0.0469921905339935 0.0349917145180441 0.039636021453225 0.0521759620443726 0.0670505942928319 0.0732907330533252 -3.4e+38 -3.4e+38 -3.4e+38 -3.4e+38 -3.4e+38 -3.4e+38 -3.4e+38
-3.4e+38 -3.4e+38 -0.689290379589597 -3.4e+38 -0.405659407438465 -0.40204636062167 -0.414085238024771 -0.468403047938113 -0.486880684565351 -0.460155091185209 -0.417144217608409 -0.365616096094765 -0.273319822177917 -0.225116137416294 -0.1791247820092 -0.153402410575728 -0.118498747565779 -0.0980609706185748 -0.0754704100048798 -0.0452554195411402 -0.0301635435623178 -0.0116587965266884 0.00526817023221697 0.001509222501528 -0.00357642365447521 -0.00735520872145351 8.97414066947377e-05 0.0229428831713567 0.0223700942333612 0.00878374177601474 0.0245400293010801 0.0222724571301378 0.0157119950713413 0.0187817489613568 0.0214181378909178 0.024810945452103 0.00219725228035443 -3.4e+38 -3.4e+38 -3.4e+38 -3.4e+38 0.0476531019369673 0.0605641749916007 -3.4e+38 -3.4e+38 -3.4e+38 -3.4e+38 -3.4e+38 -3.4e+38 -3.4e+38
-3.4e+38 -3.4e+38 -3.4e+38 -3.4e+38 -3.4e+38 -0.457585301238458 -0.41847416478539 -0.438384376329278 -0.493029493645744 -0.499913766923994 -0.451921057219278 -0.400036832064617 -0.304594394925383 -0.24336271195372 -0.231295099232996 -0.195581739319841 -0.140592168972628 -0.119566196765914 -0.0993941013804577 -0.0949426609147234 -0.0644570687386476 -0.0522810557023678 -0.0389389570656403 -0.0359823389141445 -0.0311621537536623 -0.0198912094434081 -0.0182453635230659 -0.0178911579525854 -0.0236926575051446 -0.00933441350004729 -0.00439228473099021 -0.00549526606157573 -0.00866376299390094 -0.00465107333166782 0.000396914509447482 -0.0213252046826373 -0.00182334012087504 0.00312308826818011 0.000625612996499922 0.0105192532308925 0.0212216592839914 0.0336073970268788 -3.4e+38 -3.4e+38 -3.4e+38 -3.4e+38 -3.4e+38 -3.4e+38 -3.4e+38 -3.4e+38
-3.4e+38 -3.4e+38 -3.4e+38 -3.4e+38 -0.435309940633586 -0.498883272677267 -0.512576678793784 -3.4e+38 -0.459783804528599 -0.524189162891752 -0.485719774928498 -0.434372261496197 -0.356659706822691 -0.276642715192324 -0.179183222164656 -0.198073171929546 -0.173146207333724 -0.162554355973245 -0.138706089012557 -0.10168762903696 -0.100569031859031 -0.0767856684186122 -0.0645468703702423 -0.0708293784288121 -0.0697605197052357 -0.0617042361826246 -0.0562802882379709 -0.0513885569162363 -0.0342774105491235 -0.0228030588324377 -0.0345929842125698 -0.048387104497444 -0.0316472836758818 -0.0354547121313269 -0.0225517360378989 -0.0209859284584314 -0.00413194058435716 0.00405568604555896 0.0146816969944143 0.0226197072354413 0.0331687078390701 0.0354466434625127 0.0388795561262076 -3.4e+38 -3.4e+38 -3.4e+38 -3.4e+38 -3.4e+38 -3.4e+38 -3.4e+38
-3.4e+38 -3.4e+38 -3.4e+38 -3.4e+38 -3.4e+38 -0.501585913383403 -0.517958452566945 -0.531375863912778 -0.519655478067233 -0.534620390564672 -0.511319876986993 -0.460239392830807 -0.398182985256386 -0.28462536589241 -0.196219126511718 -0.195281880640974 -0.181900731605133 -0.150396358643037 -0.146303747661514 -0.11325794139565 -0.123598366444304 -0.106858716119953 -0.0912710727937892 -0.0904251182208429 -0.0814318968412699 -0.107482718481145 -0.0738295017541833 -0.0671874842798445 -0.0814548429123191 -0.103452725829096 -0.104387661286851 -0.072246661272851 -0.0595165165503995 -0.0289249438144124 -0.0170244167242326 -0.0100128488323503 -0.00516154350650277 0.00291960508946161 0.00783038646735085 0.0164394702191457 0.028509672692368 0.0350336819889086 0.0357586534789771 0.0302911462372243 -3.4e+38 -3.4e+38 -3.4e+38 -3.4e+38 -3.4e+38 -3.4e+38
-3.4e+38 -3.4e+38 -3.4e+38 -3.4e+38 -3.4e+38 -0.538428797450621 -0.513465860539365 -0.50096974142347 -0.470893572325757 -0.534465403031747 -0.549177990294205 -0.499411045914694 -0.405117618353375 -0.328075880108796 -0.295907344654826 -0.243253285695427 -0.193431920774521 -0.177438644315911 -0.180735778342688 -0.15570624517407 -0.156617044445694 -0.14611649526732 -3.4e+38 -0.131073993740137 -0.123733453223885 -0.102609240174847 -0.082276599393361 -0.0889730564489645 -0.0816951030517202 -3.4e+38 -0.108205149022081 -0.0989711881016363 -0.058518831837809 -0.0328750395720326 -0.0142393436657039 -0.0206663769283375 -0.0169903876823096 -0.0226576012976532 -0.0118392700955273 -0.000256128181699719 0.0144488403451453 0.0154909054308711 0.0148156161552712 0.0169199450384493 -3.4e+38 -3.4e+38 -3.4e+38 -3.4e+38 -3.4e+38 -3.4e+38
-3.4e+38 -3.4e+38 -3.4e+38 -3.4e+38 -3.4e+38 -3.4e+38 -0.504092473503146 -0.497971950245866 -0.493081302941612 -0.514629488703352 -0.533830724831585 -0.512360296384547 -0.451630614206114 -0.40024256724327 -0.315673963137072 -0.264107131221983 -0.244482055534238 -0.21288426306697 -0.209282290531918 -0.172620002582895 -0.174099606961398 -0.147226907094488 -0.136692383132065 -0.132615064428816 -0.124598995227758 -0.120158297388943 -0.110780709867085 -0.116990772774248 -3.4e+38 -3.4e+38 -0.13096667618736 -0.103586463572566 -0.061332144494311 -0.0600562788739125 -0.0503597487454421 -0.0505916712224104 -0.0400234137680859 -0.0270477667911694 -0.0298158751012808 -0.0183817937404003 -0.00361598119658675 -0.000855649372559983 0.002379361893297 0.00811918151919644 0.0150358554846248 -3.4e+38 -3.4e+38 -3.4e+38 -3.4e+38 -3.4e+38
-3.4e+38 -3.4e+38 -3.4e+38 -3.4e+38 -3.4e+38 -3.4e+38 -3.4e+38 -0.493594582168056 -0.497728967490068 -0.44575493535219 -0.489732556025261 -0.514866038043813 -0.462679408645628 -0.412438201296712 -0.371461467307925 -0.312442621032934 -0.272133833094328 -0.239736571341394 -0.206648984250418 -0.182816332160338 -0.176559687682649 -0.153551622556125 -0.165470484435351 -0.136521119587563 -0.137124427200664 -0.146003550364281 -0.135921694873961 -0.145843524574612 -3.4e+38 -3.4e+38 -0.132745976847458 -0.122362020368596 -0.104518319933149 -0.101745278161465 -0.0876020175661246 -0.0689893993222567 -0.0632970952903053 -0.0463222871976676 -0.0241188328956277 -0.0239216361491332 -0.0153199272131864 -0.00612950782228096 0.000524245506091911 0.00980877017357284 0.0138114221849581 -3.4e+38 -3.4e+38 -3.4e+38 -3.4e+38 -3.4e+38
-3.4e+38 -3.4e+38 -3.4e+38 -3.4e+38 -3.4e+38 -3.4e+38 -3.4e+38 -3.4e+38 -3.4e+38 -0.449279702545375 -0.466089709485192 -0.508100011445186 -0.465731242625181 -0.396033426027981 -0.354183661647704 -0.312923249651754 -0.277988761655823 -0.267651912187672 -0.258139021394221 -0.224483656070864 -0.20013042475445 -0.174568558082114 -0.160663356207149 -0.149906914343691 -0.155469152690697 -0.170465424630893 -0.181237886471723 -0.178980921299484 -3.4e+38 -0.182995055297324 -0.175942782165154 -3.4e+38 -3.4e+38 -0.147130157433483 -0.134466411743306 -0.105299031457206 -0.0774409884402055 -0.0517487774410605 -0.0375136516660775 -0.0417060976152209 -0.0282212620048121 -0.01275452436357 -0.00209741936692551 0.000512090044936339 0.00567355089191721 0.0120351330285192 -3.4e+38 -3.4e+38 -3.4e+38 -3.4e+38
-3.4e+38 -3.4e+38 -3.4e+38 -3.4e+38 -3.4e+38 -3.4e+38 -3.4e+38 -3.4e+38 -3.4e+38 -3.4e+38 -0.415825291749008 -0.47083477915449 -0.445895166303952 -0.408905829587827 -0.386151735924074 -0.318130927314143 -0.267328050786696 -0.231601046313476 -0.245193392012004 -0.243623501630105 -0.243031686612844 -0.217846578281597 -0.190786434604487 -0.18368163315637 -0.189008722524562 -0.183939247026043 -0.195993913374494 -0.206267889695018 -0.206509214766248 -0.194375205665971 -0.203719389479924 -0.221205028579767 -0.179930681436859 -0.154883331513881 -0.132389016238643 -0.112830980853269 -0.0926828892783685 -0.0676121612463012 -0.0565771006529094 -0.0437105458351006 -0.0310361960497728 -0.0261420340889192 -0.0105667858469583 -0.00456913928772953 0.00852390645846428 0.0177423418832106 0.0130237676400436 0.00444875787260425 -3.4e+38 -3.4e+38
-3.4e+38 -3.4e+38 -3.4e+38 -3.4e+38 -3.4e+38 -3.4e+38 -3.4e+38 -3.4e+38 -3.4e+38 -3.4e+38 -3.4e+38 -3.4e+38 -0.424876970478703 -0.436682259580678 -0.396249864202542 -0.371098328263866 -0.321841597773997 -0.286787270004661 -0.289010398849062 -0.267350245382033 -0.249822224604483 -0.224358335995766 -0.22666053635857 -0.230332481865768 -0.217232017291937 -0.21858990470192 -0.2070120996875 -0.208877617191988 -0.203842464097088 -0.203243583932696 -0.187538346241111 -0.168768253558067 -0.189922791126657 -0.155490853927391 -0.139104072706258 -0.130072490202066 -0.127642066976956 -0.0989736916118739 -0.0832297768989671 -0.0743311025784543 -0.0363320414575085 -0.0382225823605285 -0.0276439718473532 -0.0124349337873312 0.00222180196169772 0.010582062133139 0.00555278968255947 -0.00760725132392062 -0.016549232743509 -3.4e+38
-3.4e+38 -3.4e+38 -3.4e+38 -3.4e+38 -3.4e+38 -3.4e+38 -3.4e+38 -3.4e+38 -3.4e+38 -3.4e+38 -3.4e+38 -3.4e+38 -0.443603560533923 -0.432892659670388 -0.399791901048022 -0.392632701350446 -0.352797249144351 -0.350536247300986 -0.314066856126422 -0.28966959064912 -0.257657258505747 -0.230988357254943 -0.225598011118111 -0.211391953800867 -0.225177505503858 -0.2164310983517 -0.203581113708026 -0.218240904892591 -0.208560019807973 -0.204492846541748 -0.198666945395943 -0.202309820741967 -0.204793021924779 -0.158506321524716 -0.13141919326052 -0.129424904125871 -0.120350817548902 -0.120285890600467 -0.134740652854093 -0.100477795743026 -0.0607487491610011 -0.0457452969777755 -0.0507762681283841 -0.0307681289611477 -0.0147042372454478 -0.0192039106793723 -0.0187362099654207 -0.0138522229978953 -0.0298041738571636 -0.030654384268605
-3.4e+38 -3.4e+38 -3.4e+38 -3.4e+38 -3.4e+38 -3.4e+38 -3.4e+38 -3.4e+38 -3.4e+38 -3.4e+38 -3.4e+38 -3.4e+38 -3.4e+38 -0.430410823975285 -0.390859243983235 -0.366116971968772 -0.372988674026331 -0.363100487870663 -0.333662706761359 -0.331103961889049 -0.301898446189759 -0.270781368924238 -0.250404801141317 -0.252581284465901 -0.24035214761928 -0.230038461458742 -0.225831304994479 -0.225664798841268 -0.187266562308961 -0.209360925422501 -0.193312618127629 -0.203723484719217 -0.187577239136042 -0.201016623976964 -0.154515878866929 -0.152743740845027 -0.124399689301436 -0.113100662481922 -0.102853323936835 -0.0975658129962753 -0.0791790560853714 -0.0629777026481072 -0.0556038647016557 -0.0468588098233343 -0.031719239271933 -0.036267277268713 -0.0351151531929338 -0.0411832329725376 -0.0475347737019765 -0.0426481355361051
-3.4e+38 -3.4e+38 -3.4e+38 -3.4e+38 -3.4e+38 -3.4e+38 -3.4e+38 -3.4e+38 -3.4e+38 -3.4e+38 -3.4e+38 -3.4e+38 -3.4e+38 -3.4e+38 -0.421721120225978 -0.405923284575273 -3.4e+38 -0.365149661484468 -0.3451955662436 -0.333990446080784 -0.317811160779509 -0.286308335511819 -0.280699534338224 -0.274895325988784 -0.254133034577809 -0.22578021449465 -0.239585421911332 -0.212009985218551 -0.192599887042918 -0.180676912252064 -0.196116752267846 -0.170978202795234 -0.183584751284687 -0.182516030330203 -0.166426985284163 -0.174942955986734 -0.143385786597659 -0.139006525134449 -0.118055074344689 -0.0985618346408534 -0.103842031426304 -0.0917811207976607 -0.074643850595101 -0.0587413311561675 -0.057293439335107 -0.0687399238388606 -0.0834680285666143 -0.0870830545759846 -0.0619201488149228 -0.0646779690314332
-3.4e+38 -3.4e+38 -3.4e+38 -3.4e+38 -3.4e+38 -3.4e+38 -3.4e+38 -3.4e+38 -3.4e+38 -3.4e+38 -3.4e+38 -3.4e+38 -3.4e+38 -3.4e+38 -3.4e+38 -3.4e+38 -3.4e+38 -3.4e+38 -3.4e+38 -0.426675748222296 -0.329852640687449 -0.287971549861746 -0.279479397261257 -0.284133565423774 -0.280535826277745 -0.251023115875325 -0.227477751456367 -0.219287258942611 -0.216658621239326 -0.173994945133995 -0.171853319447192 -0.164168419354853 -0.120200224738957 -0.0847991164154514 -0.0955181951884746 -0.0722103141651304 -0.121426157100257 -0.129206271532824 -0.0978933099334243 -0.0735357098910207 -0.0980953809027785 -0.130821500759984 -0.121167105256391 -0.105953544426801 -0.113838956039699 -0.11731410154365 -0.129896765657955 -0.123500640674222 -0.122954367616645 -0.105211286926294
-3.4e+38 -3.4e+38 -3.4e+38 -3.4e+38 -3.4e+38 -3.4e+38 -3.4e+38 -3.4e+38 -3.4e+38 -3.4e+38 -3.4e+38 -3.4e+38 -3.4e+38 -3.4e+38 -3.4e+38 -3.4e+38 -3.4e+38 -3.4e+38 -3.4e+38 -3.4e+38 -0.3504147716101 -0.324733160081777 -0.300926746183014 -0.288780297923046 -0.29987353403944 -0.302221259125673 -0.294040113774913 -0.285706154436156 -0.254165494188729 -0.253426721741496 -0.201141784717172 -0.183648293283379 -0.164677108478691 -0.140381023588663 -0.153515813664116 -0.0983123720201091 -0.110098591922446 -0.0388340366387062 -0.0733289400584108 -0.141636525911347 -0.122681951528718 -0.113123942608436 -0.0831993199838917 -0.0961291140833447 -0.0771814759161447 -0.0697907436940547 -0.0732940076966298 -0.0658691701507685 -0.0730779593696372 -0.0790076013011902
-3.4e+38 -3.4e+38 -3.4e+38 -3.4e+38 -3.4e+38 -3.4e+38 -3.4e+38 -3.4e+38 -3.4e+38 -3.4e+38 -3.4e+38 -3.4e+38 -3.4e+38 -3.4e+38 -3.4e+38 -3.4e+38 -3.4e+38 -3.4e+38 -3.4e+38 -3.4e+38 -3.4e+38 -3.4e+38 -3.4e+38 -3.4e+38 -0.285177596588665 -0.278709850599846 -0.26915716916959 -0.260767275003961 -0.27137184235927 -0.245997534370975 -0.234236836325941 -0.234682170973296 -0.223043371445063 -0.216219702929636 -0.203157985398989 -0.176027500453929 -0.171546030303018 -0.12479138870261 -0.104175792923798 -0.124108535890856 -0.171656760436739 -0.158076812415038 -0.154878068382612 -0.164410026572538 -0.127824457714504 -0.120142892682483 -0.101323945381142 -0.114014424450653 -0.13665605889225 -0.126920176741695
-3.4e+38 -3.4e+38 -3.4e+38 -3.4e+38 -3.4e+38 -3.4e+38 -3.4e+38 -3.4e+38 -3.4e+38 -3.4e+38 -3.4e+38 -3.4e+38 -3.4e+38 -3.4e+38 -3.4e+38 -3.4e+38 -3.4e+38 -3.4e+38 -3.4e+38 -3.4e+38 -3.4e+38 -3.4e+38 -3.4e+38 -3.4e+38 -3.4e+38 -0.300446869268268 -0.293893386234411 -0.279180512135066 -0.267333456487993 -0.259605246117199 -0.257740822320522 -0.246809237162655 -0.245596020981392 -0.198547743757497 -0.159418115866197 -0.171416303707449 -0.171243667883984 -0.189364661665683 -0.1783755705337 -0.157575383523238 -0.132338765384536 -0.124779197568546 -0.149526030038365 -0.185151158020976 -0.127435025387188 -0.126088462265925 -0.100629427055702 -0.118520040845416 -0.116227058602096 -0.135622286870306
-3.4e+38 -3.4e+38 -3.4e+38 -3.4e+38 -3.4e+38 -3.4e+38 -3.4e+38 -3.4e+38 -3.4e+38 -3.4e+38 -3.4e+38 -3.4e+38 -3.4e+38 -3.4e+38 -3.4e+38 -3.4e+38 -3.4e+38 -3.4e+38 -3.4e+38 -3.4e+38 -3.4e+38 -3.4e+38 -3.4e+38 -3.4e+38 -3.4e+38 -3.4e+38 -3.4e+38 -3.4e+38 -0.289847363016395 -0.274251157785495 -0.274891167898799 -0.244803329427924 -0.264723774947044 -0.254510386353572 -0.189358241356016 -0.173772323552608 -0.201658551285646 -0.222530889694783 -0.204757131441412 -0.193509390357651 -0.169091377189308 -0.1435832448237 -0.155083342011535 -0.18131299856782 -0.17101302109097 -0.174953264767349 -0.170695245958489 -0.163882255701219 -0.154403117486805 -0.159135293722238
