data/pcas/pca_proj/PC10.asc
NCOLS 494 
NROWS 529 
XLLCORNER -117.166666666667 
YLLCORNER -55.5 
CELLSIZE 0.166666666666667 
NODATA_value -3.4e+38 
[rows 242 to 263 of 529, columns 400 to 449 of 494]
-0.615867092558115 -0.567854655362675 -0.611504330877935 -0.618102839925453 -0.631765444879444 -0.614064710890462 -0.599865708707305 -0.585981439016897 -0.586637057900895 -0.629214803182585 -0.597700577493304 -0.564814223597822 -0.587518899316386 -0.605620074043556 -0.579270115393891 -0.565098060797361 -0.549885710131498 -0.537743770019875 -0.517549745109765 -0.519025897169554 -0.546577733300717 -0.550024129268991 -0.57632396021543 -0.579142777255828 -0.551647896001566 -0.520992594279062 -0.539275260541343 -0.558371227499625 -0.546378707434051 -0.530041917291178 -0.343487689809914 -0.388579845471719 -0.376343366574396 -0.329586034116385 -0.288695393413695 -0.269247018380067 -0.266618043202663 -0.26703764474151 -0.254877728246743 -0.244731193750367 -0.254488130281008 -0.193078365546323 -0.143506360206529 -0.139921127778151 -0.126989314244229 -0.11989690339153 -0.137130108891963 -0.142432957547205 -0.164803860222678 -0.189624619695544
-0.635756396288708 -0.589131455409606 -0.645594470895278 -0.63178578438521 -0.622377708846894 -0.606128517330556 -0.593858892953813 -0.605481901452075 -0.608377845155054 -0.613295768540404 -0.567257104462725 -0.553758452647352 -0.580958684170518 -0.572642035764466 -0.570691073598247 -0.545135707377516 -0.54669923793189 -0.542511360417572 -0.510633946671445 -0.520818002355346 -0.54049133220441 -0.552688637866688 -0.55237898120778 -0.567879289605086 -0.530766347271315 -0.540831359351737 -0.544758861489836 -0.572856591455207 -0.542961542580146 -0.362453263506881 -0.366168205770321 -0.385362402598757 -0.380602529967864 -0.327100754852104 -0.301189582679231 -0.268406292252134 -0.268998486279386 -0.253244367363883 -0.240199812592927 -0.232768037740329 -0.241702815555612 -0.187372994661904 -0.133210901895342 -0.148354351584027 -0.11105725237617 -0.108843584757955 -0.178621250294217 -0.155080975068161 -0.160727932923422 -0.138319579506386
-0.637491234524661 -0.644164013247739 -0.586172827917639 -0.651114863019488 -0.619697796688786 -0.61051949881596 -0.570129508170571 -0.584183640131413 -0.618469019113028 -0.629664080236084 -0.569981382993534 -0.536174828513767 -0.589953843974413 -0.593971735230241 -0.563238518143883 -0.552099531387522 -0.546969093495561 -0.540706545360099 -0.558627825683875 -0.545769662778869 -0.524084030770993 -0.531919457718002 -0.548633270485646 -0.58485822510796 -0.550216629882219 -0.545809814520832 -0.547397589629304 -0.577766261459695 -0.551345550109285 -0.370862235965502 -0.359672940517271 -0.558492150846654 -0.377517151796669 -0.349667894102783 -0.307858224184278 -0.298145433797183 -0.248368686297375 -0.245798851255518 -0.241516110685038 -0.250709550701783 -0.259373924791368 -0.210230852976508 -0.15886646454727 -0.155864136532037 -0.134385283514936 -0.187008313967494 -0.190196914842947 -0.176723072053646 -0.186070925063394 -0.143429491478059
-0.684546397688433 -0.677999665818005 -0.664573326336243 -0.660735169769957 -0.638857195700515 -0.639969296024167 -0.593324560708511 -0.592960587453698 -0.601402496400464 -0.624835719717767 -0.578158110076815 -0.540432456281075 -0.598775643554728 -0.595101659364752 -0.563950838659402 -0.565307875052255 -0.560477952858261 -0.540573435377533 -0.56834442514209 -0.555570499889438 -0.546890537421665 -0.538731463190471 -0.587029231617372 -0.601451701884833 -0.561410535885695 -0.558055561811479 -0.365175002194423 -0.375852153208741 -0.376588883009441 -0.366289904850794 -0.37612098495473 -0.578794576195609 -0.382562868792324 -0.352733189261879 -0.313920450458149 -0.347807976696146 -0.282107277592933 -0.245938524295174 -0.225518365958049 -0.243031049327709 -0.260104513524611 -0.213288868290492 -0.16674034659063 -0.148667441444154 -0.145600189675512 -0.181554176615758 -0.184613404862511 -0.202560999839536 -0.203917761684997 -0.162328622954323
-0.666112527431785 -0.663611694741633 -0.666245921589533 -0.669509323287778 -0.642831556090924 -0.632595709015784 -0.633435970384308 -0.598033667120939 -0.617436040422541 -0.619681943716276 -0.581052798091349 -0.572887389574281 -0.607245640322338 -0.596429832048927 -0.563471246379321 -0.573887502673633 -0.591874476790445 -0.593406565875569 -0.565331624740592 -0.551854159747866 -0.553510392753022 -0.526993168213618 -0.616318121741864 -0.592474708871156 -0.576981289746833 -0.404629190860095 -0.609223016801777 -0.402021103501092 -0.386192343445024 -0.385358022273321 -0.40619040585169 -0.422399244401811 -0.380724858248857 -0.354141084676832 -0.325806327028032 -0.310215668227351 -0.301640520969049 -0.226155771136968 -0.20408808078514 -0.260806427485684 -0.237347321012876 -0.183519984116623 -0.16194551026797 -0.143022632850539 -0.159853805741881 -0.181304965770771 -0.15596084851814 -0.178898727726557 -0.169030837610674 -0.143392384525968
-0.66956424286706 -0.665807149514938 -0.641292663535144 -0.666966209436124 -0.636892865956531 -0.604939368076238 -0.591344366631802 -0.618210378770585 -0.630425532203161 -0.617397611837973 -0.60204103105402 -0.565888260420071 -0.557907273754704 -0.582031582299131 -0.581247267174295 -0.576300014814905 -0.582689599907968 -0.591715476678305 -0.561692093348202 -0.555565043003882 -0.532522471027789 -0.571895573065289 -0.628010347674483 -0.602019827651733 -0.420584646603636 -0.417624632947024 -0.435261155253698 -0.382097898303429 -0.381599283042196 -0.392592483988235 -0.408153779110449 -0.41482496911869 -0.390872154529117 -0.366063426251024 -0.338314002774308 -0.32447638367623 -0.309716748964267 -0.273797889085421 -0.275543961586332 -0.246480148333897 -0.220375081179865 -0.184181753357563 -0.171766452170888 -0.145196441396477 -0.163265260003173 -0.151314428615346 -0.156479610117749 -0.140947224416659 -0.157219208148592 -0.143591510018243
-0.644259939932031 -0.598818307207304 -0.578423430163046 -0.628133910997249 -0.638293682991937 -0.602571529521819 -0.619945376546522 -0.641365128783048 -0.639248771799874 -0.629961396251517 -0.58539769129766 -0.583302544964076 -0.586494528382156 -0.608681764461538 -0.608624377678687 -0.584509396277147 -0.589278610796596 -0.585463667647738 -0.554812536134446 -0.546739087824953 -0.551492299718743 -0.555567650941055 -0.377617608012623 -0.400226502710981 -0.406784728857996 -0.432969161285507 -0.398693369743629 -0.385509694248132 -0.380448426285525 -0.417005079657021 -0.422204781934279 -0.423768589113131 -0.417129340703421 -0.37924360402354 -0.363443568143718 -0.358531510502257 -0.321705882976046 -0.301500683951351 -0.288374676777926 -0.270351289746719 -0.199808672929202 -0.181353870977819 -0.173801326215173 -0.152235208440885 -0.150323359890597 -0.166933968210233 -0.169888386429009 -0.115078467727822 -0.137277676483859 -0.172774890304989
-0.629548622553948 -0.617205272476254 -0.348204758812371 -0.622144082078019 -0.594274025668686 -0.615566858366766 -0.642987466174648 -0.647171376958175 -0.63544404990291 -0.629108428120122 -0.611934753047192 -0.620055237655336 -0.640043538736893 -0.629558106068166 -0.616329685914952 -0.591237174333205 -0.344552341598332 -0.344525853002363 -0.32808437734636 -0.349410295638658 -0.34324253408546 -0.353776289070677 -0.389124187618375 -0.402159987492619 -0.452374877028101 -0.430007925967287 -0.389281223247449 -0.379692616461672 -0.382037988347269 -0.375785456266642 -0.423198426904187 -0.432772858641987 -0.392996337788675 -0.394583425355991 -0.398593336453959 -0.368749535954941 -0.344390412564979 -0.329833609619823 -0.25789953561476 -0.276388212541282 -0.217142400890845 -0.200475268081881 -0.188944589121006 -0.152956979492067 -0.170827360720618 -0.174857758760276 -0.167812862184731 -0.172692653931274 -0.184071036463278 -0.181954499786675
-0.316132751364355 -0.361274987634323 -0.356440984189039 -0.335247835871304 -0.357904802362467 -0.644382930544077 -0.396414901115353 -0.386971768857673 -0.378119952522889 -0.378137715642365 -0.334169641411555 -0.38700524163395 -0.395590058290367 -0.378035243033654 -0.373559401041612 -0.332612119403854 -0.345884895286607 -0.352405252648733 -0.358866300292805 -0.376619408862245 -0.37039947050277 -0.363808565271907 -0.391587372736479 -0.389379368917459 -0.407187303554764 -0.421777375402656 -0.376638311921015 -0.345889457597244 -0.32691912587303 -0.348714702234599 -0.413149845211587 -0.436700735230242 -0.409672131015174 -0.397533391417456 -0.391525984620856 -0.374832459302609 -0.349997257455201 -0.313972555449909 -0.268894575191158 -0.230610065695885 -0.257094836807798 -0.221937398836622 -0.177224983550864 -0.174435958574648 -0.210883398774925 -0.265448692884733 -0.266376494507248 -0.228161446390226 -0.178700239903294 -0.171988781690142
-0.382725937271718 -0.377487700916527 -0.357282611138141 -0.345703844206481 -0.365331584256556 -0.396374417993732 -0.392880461033378 -0.385699100589287 -0.373269613366704 -0.356625702683189 -0.340101617462945 -0.384393069357483 -0.384158336525481 -0.36986827834145 -0.387178581491631 -0.351714670673846 -0.359353403224488 -0.378724605300638 -0.385159523662378 -0.392313015175008 -0.397993593004176 -0.382038448799798 -0.406026936383725 -0.409775287611956 -0.383396978234685 -0.38139316760162 -0.397295466370641 -0.3555807250512 -0.262708951359767 -0.321157734181471 -0.445937396181081 -0.463071469214075 -0.466271396690204 -0.464311749987191 -0.426520177301113 -0.370312338376986 -0.379400207895023 -0.332113675895258 -0.292089549385903 -0.240064155270164 -0.253561192159442 -0.241297555005329 -0.229808791226863 -0.259780940082268 -0.262990456265787 -0.287023483060595 -0.269079889389833 -0.257498702774655 -0.221111805928177 -0.186624298249593
-0.338920117089867 -0.337536397076869 -0.304988774809896 -0.342969207497041 -0.354853789332967 -0.385903091112492 -0.381891501873702 -0.371412789811404 -0.363836108076922 -0.350806014077695 -0.368842354414847 -0.398420664638128 -0.38500687478766 -0.380985624330484 -0.381805191918888 -0.375111398779735 -0.377042837652459 -0.397425462131133 -0.393625528577738 -0.405210347907471 -0.415349443351409 -0.414119604876866 -0.408566243706318 -0.39961490108359 -0.412882990401108 -0.409211528914951 -0.38230841676754 -0.349718239206013 -0.330061559163627 -0.378141718699648 -0.442556367216597 -0.507996749091526 -0.49240157776921 -0.44763912003772 -0.410467044846576 -0.392521710018047 -0.377457049079901 -0.324973925123913 -0.293364985003867 -0.273517315504385 -0.268503307225865 -0.261159532456659 -0.271129058257626 -0.232640889844244 -0.242414350114242 -0.270432823606351 -0.267086713957725 -0.260826626950436 -0.215070684431997 -0.207096878428113
-0.22802196298685 -0.17323096477724 -0.18791414836778 -0.327884604940048 -0.349079839028687 -0.367760168137755 -0.368969198391435 -0.375732404112176 -0.391484954327646 -0.343050895377434 -0.393412201746387 -0.408216976303318 -0.387909491600007 -0.381176631899097 -0.396750086210117 -0.392390138804939 -0.392994622701744 -0.405310720053082 -0.414356461422353 -0.419368172084667 -0.42150055425083 -0.412389519325883 -0.386639586058923 -0.396366454168449 -0.425520293899548 -0.442133695161981 -0.432475030704679 -0.402547428953779 -0.392790474575283 -0.416436072633347 -0.427579010765439 -0.450366319639698 -0.484935976932195 -0.470622007877282 -0.442390573294697 -0.411229268038634 -0.391316673138994 -0.374335649178514 -0.332345884285356 -0.326561731672279 -0.337062092529573 -0.324264311089066 -0.286058473304699 -0.276651765931468 -0.291416091005583 -0.286582333922535 -0.278380393021272 -0.273052883397648 -0.263388926635829 -0.209019552756806
-0.191155303869802 -0.181930304195811 -0.170429674206191 -0.329786623384658 -0.349983308242761 -0.380452902863562 -0.365451615989763 -0.367895972929294 -0.388945821696998 -0.359487427548515 -0.381390946111704 -0.421868577088289 -0.367028853396913 -0.355735924151874 -0.391893752415792 -0.406969981324504 -0.394308598186463 -0.409375473410805 -0.42194323659276 -0.401573089032379 -0.40822396212209 -0.395142880410743 -0.384533536586805 -0.396388845936272 -0.426845874858749 -0.439540194303991 -0.438711542679372 -0.443770988852679 -0.4504257106857 -0.470063562359442 -0.454613474594027 -0.476347484353331 -0.491194448569182 -0.504970483403809 -0.495571836696903 -0.475500890580621 -0.426584960947414 -0.395312174405066 -0.406709893698018 -0.415432394026325 -0.394107756416517 -0.371392451077912 -0.297388842243832 -0.280929204642543 -0.273909835571413 -0.269691316204619 -0.271293777072711 -0.265956984250361 -0.241970644738048 -0.160989219459323
-0.171444153855504 -0.217576438031738 -0.166780279386064 -0.25026037315771 -0.278998591045879 -0.301871803585281 -0.315303014393282 -0.324116011920643 -0.383430475406565 -0.378258024794214 -0.376011938727099 -0.419293079133014 -0.373663242545328 -0.341526658883034 -0.394381035867679 -0.385550157808628 -0.371275472923976 -0.387086944200696 -0.395656729382884 -0.403387646372522 -0.402809718849214 -0.413264296493045 -0.418401844608278 -0.410079382852753 -0.413079490679131 -0.432894443615306 -0.456502642653958 -0.470390685652652 -0.491930883860877 -0.502131703011629 -0.497437636797694 -0.496794207741747 -0.516815370048428 -0.510907867397991 -0.525077395390653 -0.533105607997839 -0.491132522547087 -0.471057127286605 -0.457223947239971 -0.452840364349808 -0.409390342275988 -0.365883672460668 -0.322434825285753 -0.299730703864788 -0.283959835335453 -0.266324088601538 -0.269204283491002 -0.255866188934226 -0.224680711809955 -0.0478735706554505
-0.175785957059425 -0.215574152904619 -0.182180238979709 -0.215819352326703 -0.244925919227994 -0.282698928326422 -0.296934507475809 -0.306286401760489 -0.315335970063846 -0.350888665079575 -0.348838377861755 -0.374831018087212 -0.322241882276471 -0.358182859124791 -0.333127617166048 -0.387377211338429 -0.380416575316255 -0.389595226050003 -0.396123483197339 -0.401792727217377 -0.408720707197516 -0.415982888772994 -0.433935712459876 -0.43675192039816 -0.436825431896466 -0.429773818856788 -0.440519797334129 -0.486082155636397 -0.483742143693189 -0.487114197598593 -0.499705012651438 -0.502670678368731 -0.545792714893962 -0.579485560447535 -0.57704902163589 -0.540678532762097 -0.526285503048655 -0.498359683608151 -0.477260012546383 -0.468312534596273 -0.406592926249909 -0.369498448062269 -0.307091082957138 -0.299246743553411 -0.273464846823745 -0.247445280188384 -0.248578725062219 -0.25760516735722 -0.182549412525806 -0.14761023928896
-0.18678270495353 -0.20005885973237 -0.221604129623196 -0.188676300737577 -0.250558638229429 -0.266822175541666 -0.283469969973537 -0.291867212830977 -0.302725910562398 -0.323326748698429 -0.342644121896083 -0.373365034480717 -0.316156767877917 -0.338220057381045 -0.331458334194772 -0.399332473222513 -0.394279532832424 -0.39205669881759 -0.399175365145569 -0.400905873429824 -0.408050562426655 -0.423107442048929 -0.428009153023011 -0.451408572846865 -0.453801655362918 -0.448632058017567 -0.449312332615952 -0.493010231890565 -0.507017014534857 -0.503473502610608 -0.508167343082101 -0.506166836604808 -0.537831704614707 -0.594010234604447 -0.610650976835579 -0.571087601219795 -0.53803231911973 -0.50558746343003 -0.471761321315592 -0.446176161236704 -0.366663507188188 -0.345881575017398 -0.294734081292118 -0.276129680737386 -0.262514450755586 -0.252788513332262 -0.241582378701405 -0.255697221997692 -0.205328963898014 -0.239893794111947
-0.154929561262685 -0.191821115038151 -0.191223013808571 -0.205117902434362 -0.247681026218873 -0.252212404646127 -0.270954210122892 -0.2910330186685 -0.300830696032928 -0.326549470650484 -0.357311652134249 -0.361996996605841 -0.325287828770407 -0.379269979248139 -0.324722430116375 -0.372499438865805 -0.385448533050773 -0.397734984170129 -0.39538494843788 -0.398282597620308 -0.396018534757565 -0.426830643930804 -0.428370782422651 -0.423413757538084 -0.452687661773058 -0.457944159247996 -0.477141616876129 -0.502398382679414 -0.497692823803086 -0.509008311997199 -0.495716090812494 -0.553381094956798 -0.605060494063331 -0.6343508621778 -0.617179048971393 -0.602008921520905 -0.548763675288661 -0.546882612639713 -0.485645615710727 -0.397944387765673 -0.350564235093526 -0.320303049249636 -0.257843445842217 -0.263529669400947 -0.237014606975249 -0.245052455495707 -0.259585776543359 -0.269769034644677 -0.249850433477463 -0.243191340428974
-0.159589992859828 -0.173069355357508 -0.20550236555984 -0.204904656841243 -0.229692787604763 -0.243618424802319 -0.257421321740507 -0.281912310370216 -0.298100998290193 -0.336475750003969 -0.341672336393203 -0.354531091114154 -0.343639324985743 -0.396500755010054 -0.338472876451404 -0.336851920866828 -0.375343152938957 -0.394764128828513 -0.385902729456459 -0.395141613548936 -0.394330388926931 -0.400917987530736 -0.423557683715435 -0.401562671232551 -0.449362157642564 -0.457832971029638 -0.473416808951882 -0.505043080099002 -0.530858534424927 -0.52366068404934 -0.506493488178566 -0.566915835506201 -0.632085554491252 -0.638963799000042 -0.609651798933697 -0.571935706539982 -0.528777691172838 -0.522501981567733 -0.500520738537484 -0.422210747468753 -0.348637737355662 -0.303519177930825 -0.213374817430165 -0.157890347422307 -0.138976823376177 -0.222366151367866 -0.254086652743923 -0.279005149935984 -0.277930517917171 -0.24821954651857
-0.134511351527139 -0.129514927614197 -0.148062782049809 -0.156227862126789 -0.190133851686905 -0.214710760627557 -0.257105896075047 -0.275555008535483 -0.28329783469774 -0.320781022546742 -0.317297629871363 -0.340600966584024 -0.338832721452511 -0.368085113983258 -0.320707236092943 -0.308416385045453 -0.360556363838026 -0.388192822347543 -0.392381531592678 -0.384928063032394 -0.393347187185481 -0.381746225332607 -0.416091515373018 -0.407585149312232 -0.405168425018982 -0.455618386083905 -0.470263898631107 -0.484578473725623 -0.549138927392591 -0.547728209751039 -0.502705268494191 -0.543976940014043 -0.610039666162354 -0.627951970813433 -0.581762922879031 -0.576608755433711 -0.557743247888218 -0.553601678922825 -0.543021417886752 -0.434548110544069 -0.379220006286015 -0.284075313410291 -0.117910533310626 -0.0492628723340338 -0.0139597261857619 -0.106495444632765 -0.246759265840063 -0.30564688538997 -0.301479073145441 -0.269461571879431
-0.0757691878242596 -0.00502857948512196 -0.0572395535346503 -0.166877894363055 -0.192219729988356 -0.211156626357581 -0.244424967744344 -0.257626096939703 -0.277288677619794 -0.326380852085269 -0.323022531698331 -0.339749427549555 -0.339252926026201 -0.369036200623437 -0.346081924183829 -0.303499081798534 -0.34002638125738 -0.360901977058803 -0.373060364219264 -0.36973049934228 -0.367771904231087 -0.363216948660058 -0.38506307320706 -0.403332068838934 -0.406175880493855 -0.485434781957411 -0.49717335971174 -0.481509562236318 -0.514119580160554 -0.541856833498285 -0.51371656384479 -0.531930927735341 -0.577022140446943 -0.571537072169563 -0.587790817168618 -0.638879580568832 -0.630822059603871 -0.595435670139047 -0.547850313009239 -0.470920978009004 -0.394603659423356 -0.282601255959168 -0.112845179278924 0.0151943238025647 0.0754418202465327 -0.0384330169529822 -0.242081779733551 -0.267967877954778 -0.285653893068234 -0.283517116548757
-0.0646812811934897 -0.0416992276386114 -0.0976855949341861 -0.145143467777458 -0.118817091026123 -0.192007567040922 -0.233051754455672 -0.236537932495745 -0.273555755178242 -0.320403934370104 -0.316795925987224 -0.330792473813328 -0.324690008309263 -0.334598172321184 -0.381442304796021 -0.331827998032293 -0.317677435149405 -0.335358984340242 -0.364919497982706 -0.345428319302631 -0.346527186186043 -0.34188701286297 -0.343221963898817 -0.373717031713577 -0.415281631446229 -0.466076874603248 -0.466349297707493 -0.459038533844725 -0.471199166396891 -0.51111621689625 -0.54309157268497 -0.545603273211939 -0.542191474272568 -0.572742863163713 -0.606220534262658 -0.634331682030109 -0.645151102759623 -0.614632063873467 -0.566563742913452 -0.474822720426441 -0.403155529563623 -0.278174619911525 -0.13193710149039 -0.000651897313316593 0.103244681851417 -0.0373668584295885 -0.121934099473999 -0.175321751055002 -0.216096221037388 -0.259247554071754
-0.0731098834590753 -0.112833508321415 -0.113635331257388 -0.177814993902888 -0.159426662835026 -0.197820649584064 -0.224310167578945 -0.234965899922341 -0.257688640933043 -0.282283972767741 -0.296612704263451 -0.290703761742957 -0.316872863745079 -0.333450458359082 -0.34741086325919 -0.327942133407702 -0.291382277249026 -0.292378958664333 -0.313599801123813 -0.308958520186031 -0.32279629202623 -0.333460423751396 -0.315250266751494 -0.335147392895524 -0.380606866654833 -0.401305185453761 -0.438543117507475 -0.438811404319285 -0.450650275086679 -0.489988868636194 -0.488507233748879 -0.48074476535149 -0.522320118337468 -0.535454171367562 -0.591053494616573 -0.605107601687636 -0.626426750872203 -0.630848082982152 -0.575769259665248 -0.465268009793639 -0.417629774055907 -0.313270952558212 -0.183972123566355 -0.0931323113749343 -0.0329087073224051 -0.0850756704930666 -0.158322425641414 -0.121158621988979 -0.16267742320818 -0.171174521497164
