data/pcas/pca_proj/PC10.asc
NCOLS 494 
NROWS 529 
XLLCORNER -117.166666666667 
YLLCORNER -55.5 
CELLSIZE 0.166666666666667 
NODATA_value -3.4e+38 
[rows 308 to 329 of 529, columns 400 to 449 of 494]
0.153150797828978 0.123517556232902 0.111199080183871 0.0783086644201781 0.0600628678072104 0.0748472383555843 0.0700712831666212 0.0667535112493809 0.0660311413186463 0.0415836898513888 0.0549315338824234 0.108756337483198 0.15921017204539 0.221323558944071 0.283435652305925 0.353543493942068 0.36093866541319 0.35668899387461 0.372881203662636 0.371861877809941 0.388240938125677 0.418010661062221 0.357271689287425 0.283126248390634 0.243201084048767 0.232083927500169 0.181326691950864 0.184080760681285 0.182726090999151 0.145946596538439 0.102749879269911 0.117270129049691 0.131087436499653 0.133667130958865 0.146183495336817 0.162541205275322 0.161304821235488 0.109608462044781 0.121358702424941 0.216189198405392 0.254997380642 0.230572664136559 0.16601151769838 0.173709999783566 0.195220614663563 0.204581230419233 0.192922590636715 0.182141653772258 0.143956461930262 0.0736919184563837
0.166852740910858 0.0922596156648542 0.0835926524163807 0.0733904197159913 0.0675917397306033 0.0737223265518972 0.0702736906016271 0.057982147291471 0.0425815797980457 0.0336136834383281 0.0516622012196125 0.100586605451517 0.141146132992433 0.208150083252553 0.254735507259566 0.32500986315943 0.37705162442242 0.381118989624449 0.375838709727936 0.389305836554995 0.391997085248861 0.39268205504466 0.348024250788388 0.270358953179244 0.23754248940255 0.231873081372654 0.198085280409919 0.195338222246755 0.162184613666531 0.12577330922502 0.100987748644026 0.118358395595336 0.126260114141252 0.1248541285165 0.134786016806718 0.170685250237049 0.178425840533245 0.156603786914402 0.131602285295521 0.161872660709001 0.260868422309886 0.190191922573348 0.157963149072194 0.170907986454951 0.194542485375835 0.207653134513114 0.188310530374407 0.165146848036271 0.0945028871135317 0.0300310062709129
0.127645381209776 0.102581433272679 0.108980625761984 0.0738947550576811 0.0660538282711411 0.0653212148105509 0.0707311300153052 0.0568992999503504 0.0362381102062463 0.0240328772246849 0.0517671801915781 0.0804936008005023 0.118687676094198 0.157532127366625 0.212095981488639 0.290874553932513 0.338930841401554 0.382984501414164 0.396591062049627 0.379111262866106 0.37934324371836 0.381666279522511 0.346413255241106 0.30462504703499 0.238800314289785 0.245270727070363 0.207315502424401 0.190926855199205 0.158909792076189 0.114477043272243 0.0996643916964656 0.104065796107612 0.100348986668331 0.132200491901661 0.146616551418697 0.17369185043502 0.197460735320511 0.167526541454979 0.143861028989983 0.171526493713206 0.232014102365257 0.245815898796504 0.18079317699929 0.187828753003787 0.199988364877073 0.17709832508975 0.123273513946206 0.123575355442812 0.0773162768598637 0.0144630481082641
0.114496677044982 0.100021885612526 0.10470152133061 0.1086431313511 0.0783782853274559 0.0653515230452974 0.0599066142545331 0.0570538750149297 0.0445682666395344 0.0829279787062016 0.0795086930846523 0.0848506217533547 0.127022176043318 0.165759108029571 0.207212772991908 0.239261787629047 0.315474304739634 0.356849405857501 0.377951687116137 0.392655143886771 0.379709748535828 0.353348847312589 0.328245583823195 0.309743380876048 0.247529142948505 0.244777119938676 0.224560162307792 0.177260403253837 0.152277958854176 0.104463387077996 0.100064358328062 0.0911774758785165 0.0912509009382385 0.134961464622739 0.13875678010297 0.160203820348078 0.188554552137982 0.188730156139266 0.15716277804353 0.195764451395789 0.222821560666809 0.2907241335989 0.209053219547285 0.173473243519904 0.167558910775442 0.178135995388699 0.136464240241594 0.086392803801378 0.0263527442909854 -0.00437935575121599
0.125323551480006 0.104486858368212 0.0950429944275788 0.0872585773609136 0.0937299004931882 0.102728599481816 0.090800324115384 0.0532961585898192 0.0504849159377203 0.0868432753122042 0.0817271272008449 0.108398581790192 0.122276588166581 0.148130530220368 0.206830447793407 0.239217335350617 0.251492515581752 0.299828014647494 0.314945764241974 0.363023168334769 0.368295373159513 0.367484891834307 0.339021346937436 0.286153103725445 0.259140131798852 0.255290345649113 0.202186929095012 0.155367696333189 0.10713194120529 0.0985237725069233 0.084232069825562 0.0928246000536558 0.10406424655751 0.123706376019274 0.164595022041007 0.149097558695606 0.162195736338081 0.186718060535998 0.17763600769967 0.194792064646101 0.228472277392664 0.301646155144885 0.250257021902214 0.202802318671575 0.198393032483035 0.221548171911033 0.190102707129612 0.0719151949079722 0.0185114444527372 0.0177167339929828
0.129101294010064 0.107882593823334 0.0852595021607655 0.0838587136841128 0.0729904229545662 0.0797156705539999 0.0833139435367263 0.0831574338050757 0.0966430906719201 0.105827298458443 0.0996007631649595 0.109477285473104 0.125286091518192 0.150903965174267 0.175553396366204 0.216372565666147 0.2449528208444 0.263762184264287 0.297779297931325 0.352659503397471 0.357584318088867 0.373134692347155 0.342170102888777 0.281932012034493 0.245390259787681 0.224529328435758 0.193581051591836 0.14485890231844 0.0873820089525809 0.0964754585659463 0.104094795659713 0.104803729588946 0.127957036647129 0.160635542327187 0.218289292920143 0.202071727015264 0.19636593040724 0.234065283484308 0.212858953446169 0.218771639816708 0.244855331034011 0.309103543261788 0.218352056623918 0.248518906478843 0.237985263868771 0.196955840279304 0.109686166377509 0.0385730107638627 0.0231155625640691 0.0257000856927059
0.10907507776785 0.0853571108182185 0.0813777036733917 0.0606735194416459 0.0584596380660127 0.0613885469571629 0.0746045392132341 0.0918981037840668 0.10227018836898 0.117091818850055 0.0516933365718788 0.0909340786709984 0.0959599376997455 0.113822900286578 0.146717407302996 0.174654733217193 0.197634040706145 0.223544630345402 0.277853507563735 0.318938073771227 0.363452439634811 0.375118204901228 0.332493038441967 0.279343951744528 0.260031111312177 0.210001911784652 0.164574021303479 0.110112435318326 0.0783946506490344 0.0936133723636869 0.113730680517259 0.137331679639961 0.16151493129954 0.193300770845325 0.241223455360628 0.2424358390935 0.239272197195941 0.265520106150834 0.258186724713596 0.239759495157647 0.27334548431757 0.274416430130784 0.208309571239695 0.222570190165527 0.192618092015678 0.16393613716798 0.104586113756951 0.0343697980505503 0.015924204296682 0.0159488700035058
0.105213772062838 0.0978503364249116 0.110254315090308 0.095316514114692 0.0662353607796848 0.0687172846218972 0.0818035173441711 0.0707543306478216 0.081130554155217 0.105628670241356 0.0200706864188874 0.0367190230181026 0.0686451392582915 0.0887536881981054 0.125295445891304 0.158977164967501 0.181153011525665 0.209707420042956 0.255578486389243 0.289591238838686 0.313175316901625 0.354874247899857 0.331068816569605 0.277739059741492 0.229531566041059 0.206702151181581 0.107523556350035 0.0599692818372712 0.0674569175617282 0.0884632006041447 0.115694957222468 0.158311897895489 0.170793655357874 0.185773756010033 0.227143080365893 0.295603096434169 0.296596439059421 0.288966651579115 0.293436223119109 0.283765675325111 0.289744114230638 0.281410167599554 0.208013685694475 0.199674621537485 0.163535252757715 0.131904211615663 0.0502952986772858 0.011596119372346 0.0146268145225146 0.0208769986547853
0.0885129209480129 0.0739723952403979 0.058822183132527 0.0561354750055173 0.0462456099299961 0.053329531384717 0.0531610435408853 0.0178558020312616 0.0469474685116112 0.0538815734611967 0.0358044921640131 0.0727843277859635 0.0990571697900975 0.131626447845618 0.164701582873267 0.194058542610728 0.194629756260508 0.230201228700453 0.255340131769461 0.273534067272518 0.293574387403099 0.327530640050116 0.301892412405484 0.252433454346301 0.189219103305924 0.145696352566692 0.0976969264518097 0.0677619771368742 0.0653532137642215 0.0812854044181383 0.126124609829016 0.159506317547174 0.183260881206818 0.183117310656721 0.225521434236564 0.285257263383268 0.311299176467957 0.28705822081088 0.303891349974403 0.323509915268523 0.293150781794729 0.278764951839668 0.217135838534896 0.16142978571343 0.131645543063107 0.103109155197488 0.029786257064393 0.00446737745566293 0.000973213622250169 0.0159829409118461
0.0838314064171187 0.0854302672451022 0.0639997324057026 0.0543953660651727 0.0554209357156804 0.0633008731127009 0.0495434131344664 0.0141320304124138 0.0855833210443079 0.0988529446201786 0.0941443522684485 0.052147575545862 0.0574068413495267 0.0968994582470387 0.129869193670484 0.164906906309367 0.209896747316835 0.212246527491729 0.232118690085658 0.245865253427345 0.279196590617056 0.269173853667222 0.279065069380887 0.283657084551784 0.230538129041994 0.14127157945104 0.108972437452217 0.0783846739559522 0.0712388275349737 0.0750585808862797 0.136938685498931 0.177220086140585 0.173908551272524 0.186352912757512 0.219570170261696 0.291351677643209 0.30464992159231 0.269393245302412 0.253839940801689 0.312411139281901 0.247526670780261 0.270903759199117 0.18122983593561 0.132348455013642 0.0868225093720027 0.0546520118128975 0.0261437837613268 0.00476769861918772 0.00771213441953567 0.00480979771500162
0.0792694457496519 0.0840021759897445 0.08735961864094 0.0797993718415272 0.0903336230451661 0.0896248818322299 0.0861969720544591 0.0761612113251085 0.0775443961928937 0.0959825832026772 0.103195009423838 0.0610059498390173 0.0613959133412829 0.102711657673311 0.139484703420783 0.181173555653868 0.183941824612566 0.189214615193883 0.20732163747979 0.218888405585077 0.250677257631009 0.24159155240485 0.235754829767367 0.267111370584883 0.229363734595348 0.15912964757612 0.120078039512106 0.116154375848625 0.0987338661253016 0.107414635868027 0.14669471547096 0.186968796558942 0.179365470155727 0.189594917604048 0.241826544619295 0.254663039836723 0.284678901478672 0.266543194824091 0.252922992143354 0.2713539196243 0.256614835706201 0.257821327879931 0.171791102916665 0.106467869650921 0.0671585449657012 0.0380605304072285 0.0133462213979339 0.0115614668535244 0.011426964008834 0.00744266409095935
0.0794113641228285 0.0881990195955885 0.0851118388240218 0.0973894938038955 0.12066136057158 0.118691744044943 0.106616669759829 0.0992342310420455 0.0753782407078228 0.0882673971835869 0.0890498417880152 0.073494854664734 0.0719758065645558 0.113859519927497 0.165098539631147 0.197069001719395 0.181662857565029 0.183727141667224 0.198178043250452 0.214663823747351 0.245159534002465 0.237152678600408 0.213177783207922 0.1919965433052 0.216955511109446 0.20513273619244 0.152688338505251 0.171798821733471 0.12100971519253 0.121774295363481 0.138463437302308 0.191953231009243 0.216590782921528 0.227916416838436 0.28111197886642 0.26401608826914 0.276487471589537 0.278580493148938 0.222730212201056 0.204260518669667 0.203291850425706 0.221431119724725 0.151101615892999 0.104421375436296 0.0655640052541133 0.0331011673262309 0.00706356085152993 0.00913978285368676 0.0650087960840584 -0.00982348375855666
0.0802353914764744 0.0868908492967364 0.0941437088918501 0.116085967391261 0.118769540162896 0.118195970651441 0.117426677449392 0.113347813329923 0.101560175894829 0.128964093332836 0.117369127262369 0.105576245025003 0.0956886324300083 0.129620534998338 0.159422012644132 0.186033989460849 0.16824318805288 0.168903704437254 0.192515861955167 0.224409964732427 0.246125006426684 0.229047050366912 0.216695793542753 0.196619272525449 0.169573602316944 0.162424887964987 0.155948796940772 0.134649907389023 0.135243211797809 0.118382328896015 0.141440839084929 0.1986299131 0.231621719957352 0.262464799538637 0.31179792745018 0.316675438696289 0.303857934184154 0.266097583315292 0.213512594240621 0.21792785675033 0.19445258750028 0.137681796804869 0.134204672260135 0.0984985474180879 0.0637623296967035 0.0322585104410581 0.00843820277653365 0.0143142842106608 0.0216214297225487 -0.0241143871910376
0.0821183122853023 0.0849436538068166 0.0892945926573967 0.100620102153936 0.108783238436476 0.111706673338676 0.11370421923886 0.125559366286513 0.129175345939988 0.153747107401303 0.166881972300277 0.162242736134591 0.141861586097352 0.126826609269176 0.145698478068653 0.144202894708503 0.151107402200263 0.16975248155956 0.18078961755372 0.233888573515192 0.240459915049635 0.227166255253594 0.235371478914858 0.219273087085607 0.195050354990867 0.167773690876854 0.146652840878708 0.160263489223928 0.170656245846415 0.128295552051268 0.133284613566218 0.156916944079121 0.207485671542738 0.288848821383698 0.335748230910786 0.325201433667381 0.296218928573366 0.2526873965851 0.236472763958013 0.236314106726529 0.197233431257754 0.153142633452737 0.134260854787008 0.110775982518159 0.0791748069858355 0.044623924847651 0.0158934961212339 0.026038920398919 -0.0189501824377568 -0.0239872137770955
0.075425150045822 0.0850833966176534 0.0883891126326253 0.0888891090140072 0.0859053287821208 0.082219218815779 0.0872393685056211 0.0959465626379181 0.131498552449525 0.160204937730812 0.177331229205205 0.186267966121131 0.162539477760188 0.120131795985348 0.131759180656207 0.134727998343753 0.143169334309265 0.145649051391031 0.187325218016559 0.194686633311839 0.223708484059352 0.229226287311699 0.229722438307318 0.219888564475528 0.212798550196038 0.17056574390949 0.127688589152551 0.128788149790912 0.124938619725649 0.111185532090984 0.125115218105212 0.138689271171392 0.188292167656304 0.250754538870513 0.312100636461828 0.294651879026681 0.261791791482213 0.22664233183898 0.230279307243133 0.244417135017074 0.252125686186525 0.208279664704478 0.15945030760163 0.134872322914098 0.094819756811495 0.0379116192384874 0.0233409591501812 0.0246419274903075 -0.000918383239996212 -0.0261897358651947
0.0797489970403826 0.0945739000392127 0.0826174849640647 0.0686656077357734 0.0650855780753923 0.0650669699684075 0.0793204237519594 0.0843995730526519 0.108142365803533 0.138271569995181 0.17728591419444 0.172869625915533 0.172519343590843 0.134659515218114 0.129232220671812 0.12589301914317 0.136140023651823 0.120700550064888 0.126478637241308 0.186363582997679 0.195890524297427 0.187964046379293 0.195578557761715 0.187674191564116 0.158989992244138 0.134857384522579 0.120925506761881 0.112956143014909 0.115258537045695 0.113282601493121 0.12099634097882 0.13248326679291 0.19053498031336 0.230817954689663 0.247751008355957 0.266290849358807 0.25057298236325 0.232361703470476 0.22726661920655 0.245754914481466 0.262279378048211 0.242236488210879 0.160903536007055 0.119002368355103 0.0808069801567003 0.0593725952857544 0.0522412939177015 0.0196615184132741 0.00636284530303727 -0.014450960586612
0.082864719674556 0.0940774870777561 0.0839564726414018 0.0644493119814706 0.0532503827033811 0.0467603158881171 0.0701427271760105 0.0885921457418566 0.100275851906484 0.120979914070699 0.140646798037453 0.158004178954846 0.170323459267656 0.169285925237979 0.1479643219565 0.127513852149867 0.150685290959652 0.103940861631344 0.101606833899978 0.123278114288991 0.12216188791226 0.152760194487709 0.180617732252473 0.198572255728697 0.176948974846455 0.136724647155531 0.110178215241042 0.0933294968368018 0.085112020621667 0.0975637884306901 0.15958697225674 0.183986840621234 0.209814988223936 0.243968525336054 0.275679031784109 0.244302881579094 0.232003077829328 0.231460238334062 0.249241945165965 0.263640584451297 0.278295897281007 0.274589146679413 0.213652369078524 0.137068534142008 0.105777390519101 0.103790749529887 0.0602620204137395 0.0163799663239744 -0.0077001494142227 -0.0271671937504318
0.06504098042683 0.0729697565332219 0.0733695765735955 0.0546682081499219 0.0293727586129664 0.0452214481975747 0.0576099508236403 0.0873914340738601 0.100965962033705 0.109306380625662 0.127337473882345 0.146712297720616 0.162737633057324 0.158604465244987 0.13030342987725 0.0989567353344233 0.0944438413396343 0.101842914251307 0.122398450729153 0.116720053201286 0.0985960720557368 0.144170891402332 0.191657949031078 0.185216312045173 0.171230263095827 0.146282244698699 0.122439645485064 0.0944237687708374 0.0939429292538035 0.134435845388401 0.170150051764324 0.211930766461043 0.229877218681957 0.270343812975564 0.27008354434917 0.273915291564503 0.212772356908324 0.231848907795512 0.238980376539734 0.261779142302474 0.236962399612837 0.223261999130549 0.20934565527299 0.157386452621588 0.121798739229391 0.100208359843421 0.0591144625371281 0.0378492856666363 -0.00562161148791539 -0.0403964283258435
0.0281534812635345 0.0222401851959202 0.021303010655793 0.0342566103277535 0.0333793209902675 0.0267502843548683 0.0502389038215164 0.0628022532014454 0.0766802868776353 0.10658910736054 0.124872378678957 0.154871542807786 0.144461200943005 0.132351894831674 0.111069216452323 0.100025269496946 0.094531855456728 0.117229158993878 0.142827227019331 0.128443812279183 0.0850446603823364 0.127026332385967 0.225900417909289 0.247237103909251 0.202740829335744 0.206560903094046 0.173291432930854 0.104327079308742 0.124203362256086 0.161476790565535 0.186883219646103 0.209793785062017 0.219223747360313 0.260909389274187 0.235927212442723 0.224919459612165 0.200962634322697 0.234186101458466 0.243491737138648 0.24167727748704 0.178385907673946 0.164817160484954 0.17653613483039 0.171787656944353 0.131838785631928 0.120816864860587 0.0809661359571906 0.0296125003449804 -0.00207636323379701 -0.0384391152233063
0.0195970698965567 0.0166056063584123 0.00848905176536462 0.0197291985660128 0.0106443929334378 0.0188825567074324 0.0279824245973041 0.0388086135137113 0.0605556196926559 0.0819543600339198 0.113400386410801 0.127717372510104 0.143347794712687 0.127884194719879 0.128027429309516 0.109409703199427 0.112375906481832 0.124579350336515 0.1260675836305 0.118662080167755 0.0940865517106892 0.105311421746187 0.180400062971826 0.284820379747945 0.255830727303772 0.238296069073193 0.193484464795417 0.145125676478462 0.132295359403696 0.157413502340453 0.194760923185073 0.215949592055955 0.179375712004615 0.184487753325216 0.232294242683085 0.231802611133982 0.233121465956201 0.226646384749924 0.226487172879657 0.196380024420098 0.169763190265516 0.1267501170817 0.0812459980359162 0.103302677327105 0.109948070031211 0.108322801999638 0.0628293897717868 0.0473173019518313 0.0371650040291478 -0.0163996679095313
0.00491765319722543 0.0105216540879091 0.00942424103863598 -0.0080004754333522 0.00439677711752947 0.0307640353920931 0.0275791546748815 0.024139621445777 0.0488760588074392 0.0713634141302442 0.110868860378269 0.114936726589121 0.117514939796831 0.136342536673918 0.135486843616822 0.127369072275972 0.134267616721516 0.135952665663942 0.13443777636194 0.119488159253919 0.118477653522607 0.129575450222488 0.139635376810725 0.186977011925918 0.226618411691043 0.211635703654218 0.15818906361087 0.124326140316673 0.115992378063516 0.125377911862368 0.156212889087927 0.164046533334579 0.157356119880507 0.174680415036873 0.211014262990667 0.213733198597912 0.209042817732505 0.202051942508332 0.158483657104778 0.132385774187238 0.0705660020378295 0.040926004705166 0.0350194810758542 0.0435091635344206 0.0565620565767479 0.101818105907641 0.0925040003336394 0.0752194437494524 0.0427042703479467 0.00758849431460393
-0.0143200782928076 -0.0237653825379201 -0.00981941172810638 0.0249914239545116 0.0447921288982535 0.0561428045590216 0.0264740027295061 0.0250599234734362 0.0572158776306271 0.0703564039111761 0.0864859188172885 0.0910696255219133 0.130213662918856 0.138029102714856 0.150431608227853 0.153549455259745 0.158861942672438 0.149374116129527 0.163182553765549 0.1411696716769 0.142535255244152 0.144536799413875 0.162158885186993 0.172511378963256 0.175558935262484 0.167378555293911 0.118921655587651 0.0919315970308831 0.0938179678936113 0.101574343078703 0.10979467831983 0.122443409157323 0.124281883210824 0.137267029569614 0.192340118097419 0.192007946756586 0.154228462545905 0.132719829166951 0.102577179939661 0.0860211337933103 0.0406327170101322 0.011865579900982 0.00340626609838243 0.0318104178354304 0.0847124059927957 0.116176846766914 0.130173566790368 0.0989636666003217 0.054477270292002 0.0329617191482349
