data/pcas/pca_proj/PC12.asc
NCOLS 494 
NROWS 529 
XLLCORNER -117.166666666667 
YLLCORNER -55.5 
CELLSIZE 0.166666666666667 
NODATA_value -3.4e+38 
[rows 418 to 439 of 529, columns 250 to 299 of 494]
-3.4e+38 -3.4e+38 -3.4e+38 -3.4e+38 -3.4e+38 -3.4e+38 -3.4e+38 -3.4e+38 -3.4e+38 -3.4e+38 -3.4e+38 0.0196820557852433 0.0125708569055087 -0.104306989253176 -0.128749878549714 -0.135819325051837 -0.116718107251696 -0.104173602731459 -0.117797856621353 -0.123081012761389 -0.100017801908576 -0.0811260795571141 -0.0691771849302705 -0.0663084624419949 -0.0462332977461048 -0.0249589579470706 0.0261907645872037 0.0377876391931906 0.0236199615528766 0.05511888354352 0.0405380431288842 0.0540820925635394 0.0538818338884375 0.0378700526180644 0.00143276680724275 -0.0252802952227778 -0.0465236611196258 -0.0662405595800259 -0.0841955507848133 -0.0981184887235423 -0.136374424459359 -0.122354253884907 -0.101688876688139 -0.0888786089587342 -0.0686672665987196 -0.0622637068143233 -0.0500235862518051 -0.0323265927219587 -0.0203221583809113 -0.0153602759270438
-3.4e+38 -3.4e+38 -3.4e+38 -3.4e+38 -3.4e+38 -3.4e+38 -3.4e+38 -3.4e+38 -3.4e+38 -3.4e+38 -0.0142923064201212 -0.0463664051450266 -0.0954158584199156 -0.129015900169029 -0.139087524508636 -0.130401950115578 -0.0996156672374494 -0.0763284815081379 -0.0938343278946904 -0.106538390834987 -0.0906797544009724 -0.0758514848345815 -0.0665176803366133 -0.0598668151693237 -0.0433689141489822 -0.0247974845395018 0.00550666265712353 0.029139675937782 0.0138238409277783 0.0443437604700256 0.0432844093750645 0.0389380549243691 0.0586647030819323 0.0453635142957162 -0.00698326518735719 -0.0432017834762272 -0.058316295536689 -0.0692289751848974 -0.0720785345298814 -0.136301248674461 -0.132234453412845 -0.120264825966585 -0.0995150962099795 -0.0854198043397466 -0.0623233163943578 -0.0597131473079832 -0.0503618366697288 -0.0399824303739627 -0.0282744368414509 -0.021963375024647
-3.4e+38 -3.4e+38 -3.4e+38 -3.4e+38 -3.4e+38 -3.4e+38 -3.4e+38 -3.4e+38 -3.4e+38 -3.4e+38 -0.0259307611496252 -0.0621942070857321 -0.113229861196731 -0.136129423997576 -0.139641442432283 -0.134407350605455 -0.0986249339644136 -0.0698966207149209 -0.0673968350943474 -0.0773032033621926 -0.0815246188497951 -0.0796409407157839 -0.0853279359220807 -0.0748648504722292 -0.0309265917035474 -0.031109533777719 0.00246276275880307 0.0118638847248294 0.0100350347609964 0.0224093087384038 0.0380686155556707 0.0335725168656502 0.0281222378534682 0.0140090046132469 -0.0138682086232482 -0.0499899934133912 -0.0681771838609667 -0.0809160554304505 -0.0904462042698053 -0.122555949889192 -0.127323032856594 -0.102725474534723 -0.0905040267379254 -0.0722783257227366 -0.0590613740231681 -0.0571088333111297 -0.0451512655412417 -0.0657732178982877 -0.0387005269024207 -0.0275243182059784
-3.4e+38 -3.4e+38 -3.4e+38 -3.4e+38 -3.4e+38 -3.4e+38 -3.4e+38 -3.4e+38 -3.4e+38 -3.4e+38 -0.0932134636333622 -0.0861894788308698 -0.123972146124047 -0.127308345152594 -0.121596656291677 -0.119841595879009 -0.104256365946304 -0.0410319249766107 -0.0140725800839538 -0.023259580509186 -0.0819974732770749 -0.0954959252462444 -0.11784935381896 -0.0940923906771563 -0.0487739800937555 -0.024831330928855 -0.00425525406418042 -0.00689910919195535 -0.000751963057084675 0.0201997025286723 0.0351725404743228 0.0245790949242446 0.0145052614720163 -0.00600445463856 -0.0218919851147589 -0.0590697538265399 -0.0638041407445634 -0.0938528080370035 -0.1374992042871 -0.142700065183411 -0.130574125181864 -0.104698744391713 -0.0871184748816461 -0.0714903454195862 -0.0519875866147768 -0.0398180090573433 -0.045490011076734 -0.040489990004751 -0.0329925489093855 -0.0204261938434308
-3.4e+38 -3.4e+38 -3.4e+38 -3.4e+38 -3.4e+38 -3.4e+38 -3.4e+38 -3.4e+38 -3.4e+38 -3.4e+38 -3.4e+38 -0.0950041065052573 -0.149347324014887 -0.129812650601579 -0.106029160839792 -0.108206802427902 -0.102598517149522 -0.0488916220609637 0.0197169516560247 -0.0400474783430845 -0.0949822139305408 -0.124325177090238 -0.14247210630043 -0.102175565976256 -0.0825497656125762 -0.0698265395801715 -0.0189317530085251 -0.0104069227802797 -0.00154702068068369 0.0141196060165208 0.0342371227257789 0.0219167752241644 0.00561619013976099 -0.0102693711897001 -0.0254524242598812 -0.0590070220873594 -0.0687618552042513 -0.0862457185718068 -0.133552172466782 -0.118886660112551 -0.118787912555393 -0.101601058901816 -0.0852398127509781 -0.0705190021207894 -0.0574779101161664 -0.0400547891094524 -0.0332376890727387 -0.0354061909778239 -0.0349008832535057 -0.0238807817435227
-3.4e+38 -3.4e+38 -3.4e+38 -3.4e+38 -3.4e+38 -3.4e+38 -3.4e+38 -3.4e+38 -3.4e+38 -3.4e+38 -3.4e+38 -0.109399235322534 -0.125988266620773 -0.12175616194642 -0.0956562685867038 -0.083081775016726 -0.055727072063049 -0.0707358291070435 -0.0704439109673361 -0.0807887046567018 -0.11335930480526 -0.16290910687096 -0.137027983633377 -0.120139989227218 -0.0487571522154643 -0.0380291063815276 3.59088252311554e-05 -0.00849597306519392 -0.0106831490614839 0.00484163810414495 0.0323068687433273 0.0227002079237059 0.00405781052724171 -0.0132249393606006 -0.0318463353003855 -0.058789842328013 -0.0829248593742683 -0.0890904673432122 -0.121526243299888 -0.114333702905654 -0.101204722479204 -0.100109676005178 -0.0926025531050736 -0.0700971681389068 -0.0592960160082438 -0.0462490828931995 -0.0467455078021297 -0.0425096971317251 -0.036989011827044 -0.0310859976981682
-3.4e+38 -3.4e+38 -3.4e+38 -3.4e+38 -3.4e+38 -3.4e+38 -3.4e+38 -3.4e+38 -3.4e+38 -3.4e+38 -3.4e+38 -3.4e+38 -0.103883753887458 -0.106651147759113 -0.105653570563767 -0.0379673191244659 -0.0243035543288633 -0.0541572950921688 -0.0883463330438416 -0.0979193310411742 -0.12205750897607 -0.129411955873454 -0.121888384067539 -0.0945402523966495 -0.101558473237281 -0.0505444566625582 0.00254428276313945 0.00716578220749872 -0.00571430847655649 0.00203127111547245 0.028879113859654 0.0102155446817911 -0.00457732395331277 -0.0162351965981444 -0.0347051457320272 -0.0540144644579066 -0.0809190633815176 -0.123788301120883 -0.0942606477510024 -0.0809231458220391 -0.113926325012175 -0.120299083279237 -0.0945049942322192 -0.066113631404576 -0.0611874344689052 -0.0641579460592368 -0.0552367800081949 -0.0449976942549348 -0.0418244143044404 -0.0378264319436042
-3.4e+38 -3.4e+38 -3.4e+38 -3.4e+38 -3.4e+38 -3.4e+38 -3.4e+38 -3.4e+38 -3.4e+38 0.00833344603191484 -3.4e+38 -0.079415208614554 -0.0959734101695115 -0.0925771204991519 -0.0877149730797084 -0.0726620206908098 -0.054032094301313 -0.0566704888704516 -0.0766302826716894 -0.103058124615785 -0.116134580454624 -0.100633227364559 -0.0918760035136801 -0.082379045149443 -0.0697130683743992 -0.0589393629426944 -0.00115433293896532 0.0145399187934924 0.00161055958905033 0.00999319603049619 0.0235664139134299 0.0184721388763935 -0.00512765451851029 -0.017462070920881 -0.0366223024958469 -0.0577058665120442 -0.0893618900826046 -0.118064586666682 -0.110880967652768 -0.110978755903938 -0.110746312118825 -0.0879447729836707 -0.0655789519256355 -0.0511843221732852 -0.0442448591349604 -0.0457902225526509 -0.0555117299533299 -0.0425622839098499 -0.0433413323767597 -0.0443077064615736
-3.4e+38 -3.4e+38 -3.4e+38 -3.4e+38 -3.4e+38 -3.4e+38 -3.4e+38 -3.4e+38 -3.4e+38 -0.00996043722784167 -3.4e+38 -0.0578062080438595 -0.0825479430754927 -0.0876548323969336 -0.07340319576625 -0.0441114647278895 -0.0602962578786893 -0.0830960776659639 -0.107850709550057 -0.108471352445516 -0.120675578336691 -0.122054605481556 -0.0926100464610833 -0.057682562686951 -0.0550391670920971 -0.0817095433717962 -0.0101781896018363 0.0223371750673358 0.0143743772094965 0.00487011053596778 0.0186790014062805 0.0124284765188165 0.000616236733392568 -0.017601318939817 -0.0341421436508889 -0.0525502510110082 -0.0734538087328273 -0.116617972631519 -0.114712122832017 -0.0999778338064536 -0.0794946471187251 -0.0702334608823272 -0.0576486706962006 -0.0393823923524124 -0.0348772865171055 -0.0341422966791885 -0.0354575836511919 -0.0516573612265514 -0.0574774450579998 -0.0589114238891658
-3.4e+38 -3.4e+38 -3.4e+38 -3.4e+38 -3.4e+38 -3.4e+38 -3.4e+38 -3.4e+38 -3.4e+38 -3.4e+38 -3.4e+38 -0.0341413397819703 -0.0456835751550132 -0.0663357286053409 -0.0588735658835837 -0.0528263327620908 -0.0728662609821358 -0.0951220294430503 -0.132916848686707 -0.138048092331904 -0.135818297986361 -0.0982773002953707 -0.0803047705256491 -0.0546295819219791 -0.0698063007449924 -0.0477327089374937 -0.0413265787227022 0.025433602431278 0.0277556842973875 0.0115836235352674 0.0174527273663978 0.0143557608406034 0.00562031395773085 -0.00557558452943748 -0.0308606799559899 -0.0489997480371091 -0.0647814904662407 -0.0994329595989223 -0.108191581895811 -0.091270372988983 -0.0661088121128122 -0.0570066793309376 -0.0441917758219499 -0.0301957759181302 -0.0346835561626367 -0.0433601024786182 -0.051421938193207 -0.0618197584860845 -0.0670729021460885 -0.0617276836886574
-3.4e+38 -3.4e+38 -3.4e+38 -3.4e+38 -3.4e+38 -3.4e+38 -3.4e+38 -3.4e+38 -3.4e+38 -3.4e+38 -3.4e+38 -3.4e+38 -0.00159020398194894 -0.0148499553766388 -0.0343912530338579 -0.0457533380869351 -0.0746386948526988 -0.101433144087175 -0.134441848485472 -0.15551171097698 -0.147272468720197 -0.0920557645597193 -0.0366020271830516 -0.0505753833407661 -0.0297521163247009 -0.0436704223263647 -0.021336959998069 0.0227249303268804 0.0546823082529706 0.0410822030158924 0.0201079114922746 0.0157694334254195 0.00371797829156628 -0.0077368914714532 -0.0279513909088217 -0.0348989538272509 -0.0427679432264335 -0.0557820997218062 -0.0959499682375406 -0.100047313537713 -0.0677430942714533 -0.0650704001426463 -0.0482595443045164 -0.029903596162148 -0.021581399342768 -0.0479527608418505 -0.0625498102590589 -0.0836840473427135 -0.0939735718895017 -0.0764108949647458
-3.4e+38 -3.4e+38 -3.4e+38 -3.4e+38 -3.4e+38 -3.4e+38 -3.4e+38 -3.4e+38 -3.4e+38 -3.4e+38 -3.4e+38 -3.4e+38 0.000819236511921909 -0.0141573099708675 -0.0387644257779412 -0.0514468942262457 -0.0552213550251305 -0.0579373136275662 -0.103263538414381 -0.138009968325105 -0.136565163357747 -0.105444977346463 -0.0753428844255315 -0.0330535364447062 -0.0127343373969804 -0.0109254067410814 -0.0106634494916904 0.012347268455881 0.0502793346492365 0.0678919526455774 0.0374173315055076 0.0293847440092403 0.0106317275409982 -0.0120203117106095 -0.00717869805675794 -0.0248183117812567 -0.00974686689120755 -0.0207871247287748 -0.0909554915256298 -0.0956644086336224 -0.0789244609394421 -0.0550790939956582 -0.0465511229193793 -0.0184768706663013 -0.0197049433344159 -0.0523474273313 -0.087311348666356 -0.101387284269871 -0.0903446624029067 -0.0696886171789652
-3.4e+38 -3.4e+38 -3.4e+38 -3.4e+38 -3.4e+38 -3.4e+38 -3.4e+38 -3.4e+38 -3.4e+38 -3.4e+38 -3.4e+38 -3.4e+38 -3.4e+38 -0.0338113505750418 -0.0465710876608176 -0.0542953683468462 -0.0439524504946353 -0.0476063651188002 -0.0967007716808486 -0.130446792175296 -0.1497370402393 -0.121749152143106 -0.0789706958296971 -0.0175349008921649 0.000316184629850239 0.0254916546569336 0.0146561513235835 0.0169178387773174 0.0542160657142738 0.0706901868382804 0.0553204489475697 0.0409333926529304 0.017949076833089 0.00357227618234634 -0.0118513672665047 -0.018802613093167 -0.0199160731502585 -0.0368583037912888 -0.089784114369066 -0.0836673667446509 -0.0794686869468236 -0.064511688907694 -0.0424580934112011 -0.0347478973072643 -0.0333336206807244 -0.0639819549942979 -0.100135317768252 -0.11118995054541 -0.092640191062508 -0.0568524421161432
-3.4e+38 -3.4e+38 -3.4e+38 -3.4e+38 -3.4e+38 -3.4e+38 -3.4e+38 -3.4e+38 -3.4e+38 -3.4e+38 -3.4e+38 -3.4e+38 -3.4e+38 -0.0604440963451149 -0.0774196864801656 -0.0771991999607585 -0.0755047806448904 -0.0781087959810599 -0.111578142988839 -0.149647794200057 -0.171157451837808 -0.170661684444265 -0.138731867537831 -0.0537186297018625 -0.0291209956973826 0.0218210187270215 0.048389173775195 0.036102872155366 0.0468783913923053 0.0646082815945153 0.0561418356434237 0.0411906584505373 0.0303738027078815 0.0147442073593659 -0.0183528425227702 -0.0272084424218909 -0.0418756188328794 -0.0389396457737448 -0.0734125915544242 -0.0601001149030012 -0.0535951895017029 -0.052498574562082 -0.0491820009740754 -0.0323740416455003 -0.0384017536991919 -0.0563890065670548 -0.0809587956547121 -0.0897767438866856 -0.0786621524822761 -0.0516585003621426
-3.4e+38 -3.4e+38 -3.4e+38 -3.4e+38 -3.4e+38 -3.4e+38 -3.4e+38 -3.4e+38 -3.4e+38 -3.4e+38 -3.4e+38 -3.4e+38 -3.4e+38 -0.104977132870476 -0.0958474672912924 -0.10134794497019 -0.089032739635915 -0.10022083958174 -0.138886218565453 -0.185097749476471 -0.181606609754082 -0.125392308389234 -0.132346525541908 -0.119733730929641 -0.0549479929773407 -0.0130744191271482 0.00511739401327557 0.0215243872946003 0.0448578485827741 0.0519164849572536 0.0548723230050535 0.0453364384224958 0.024643629105501 0.00247876490273068 -0.00252432622273726 -0.0229012792913317 -0.0177757689485248 -0.0131908200367984 -0.00273745810139047 -0.00966318831798409 -0.0508365504325112 -0.0519999299835754 -0.0495543647721821 -0.0400676982564702 -0.0434464849055139 -0.0670015537440739 -0.0743621402950406 -0.0875274861247843 -0.0905308851397361 -0.0562763532801841
-3.4e+38 -3.4e+38 -3.4e+38 -3.4e+38 -3.4e+38 -3.4e+38 -3.4e+38 -3.4e+38 -3.4e+38 -3.4e+38 -3.4e+38 -3.4e+38 -0.0962321345360296 -0.0898229335917057 -0.135785263286832 -0.117263379223659 -0.101025712274573 -0.115555272042006 -0.156038982499637 -0.185424432628283 -0.168605203472171 -0.143859521707154 -0.0936286429732286 -0.0788454007531231 -0.0494090039682932 -0.028623122875951 -0.00296274752757316 0.00590513035301558 0.0302097007553105 0.0361061277743411 0.0384455041905694 0.0309006989528217 0.0260739537099984 0.0179425800953097 0.00792768528467336 0.000383723559330078 0.00025601855238077 0.0142356755359132 0.010612873425114 -0.0208929929238938 -0.0484909092495775 -0.0632259448952916 -0.0507320848424182 -0.0438355444582124 -0.0507214262633666 -0.0642579919393493 -0.078112890223944 -0.0821816644779097 -0.0756047770215835 -0.0631460793879242
-3.4e+38 -3.4e+38 -3.4e+38 -3.4e+38 -3.4e+38 -3.4e+38 -3.4e+38 -3.4e+38 -3.4e+38 -3.4e+38 -3.4e+38 -3.4e+38 -0.0845930687063048 -0.110174450460099 -0.112117279082842 -0.131472255456837 -0.164330205219575 -0.158756654187452 -0.153621522345246 -0.142945659152155 -0.147961239986965 -0.161591901202861 -0.130841065998896 -0.0988857431199659 -0.0593404373909463 -0.0625803028792477 -0.0389319359402214 -0.0197922596965983 0.00946231349028638 0.0141408869107629 0.0270099623047738 0.0311519227036944 0.0241444337652359 0.0126567831559856 0.0074464362103606 -0.00290089909785803 -0.00295542224442207 -0.0113608366708776 -0.0287364456923435 -0.0278804918597295 -0.0518193846925719 -0.0590691884062976 -0.0528084844816336 -0.0488015458780371 -0.0555468663364774 -0.0687274358740496 -0.0769889861121917 -0.0757119903480747 -0.07686237591841 -0.0704723086058561
-3.4e+38 -3.4e+38 -3.4e+38 -3.4e+38 -3.4e+38 -3.4e+38 -3.4e+38 -3.4e+38 -3.4e+38 -3.4e+38 -0.041857897457112 -0.0675452975034797 -0.0585659070437448 -0.0873031791103787 -0.043723684637188 -0.0726611897119764 -0.21402678886719 -0.194490310706828 -0.11844925936082 -0.132894928609245 -0.155375288661354 -0.151385214497242 -0.139964942749681 -0.0892958047602076 -0.0712085819973859 -0.070686847913 -0.055081794335634 -0.027455634325836 -0.013765842657056 0.0160921867512514 0.0147472638589181 0.0209808140003189 0.0240913734705164 0.0139622492253217 0.0120751640642902 -0.0042574812070561 -0.0195130960438841 -0.0202947254482564 -0.0361613687087484 -0.0296619808525376 -0.0560246342969079 -0.060058440860797 -0.0544452507345936 -0.0523307866522934 -0.0604787534885574 -0.0588639609839531 -0.068772162349484 -0.0760669967756033 -0.0802104543554433 -0.0745985609637282
-3.4e+38 -3.4e+38 -3.4e+38 -3.4e+38 -3.4e+38 -3.4e+38 -3.4e+38 -3.4e+38 -3.4e+38 -3.4e+38 -0.0526071244041524 -0.0405633038961266 -0.00357258806799908 -0.0190150932980317 -0.0250878932152242 -0.104673118709049 -0.171445994007256 -0.155629056525075 -0.130486004151264 -0.121666779908646 -0.135358487590072 -0.146964440061899 -0.134887820215873 -0.113085622379609 -0.102403902869676 -0.0859441620980154 -0.0646446983733826 -0.045658719051912 -0.0281553793343416 0.00849463120717262 0.0161169703931182 0.0147638119897503 0.0202503162647704 0.0198513655844304 0.00613755945025407 -0.00434602923038455 -0.0179922141464776 -0.022006195798946 -0.0388270255534073 -0.0520622198149199 -0.0493747590703474 -0.0508682908413059 -0.047816501778805 -0.0520922588801521 -0.0505733002418433 -0.0606514660994319 -0.0684094856908502 -0.0751317035271733 -0.0708037503616609 -0.0674152063558188
-3.4e+38 -3.4e+38 -3.4e+38 -3.4e+38 -3.4e+38 -3.4e+38 -3.4e+38 -3.4e+38 -3.4e+38 -3.4e+38 -0.0568867930029748 -0.031953835151194 -0.0110556279685692 -0.0709171157953275 -0.0659647565473511 -0.0711510627183728 -0.116941209959528 -0.137607762484103 -0.126821199966613 -0.157308787908859 -0.177839532740337 -0.170384806080573 -0.120844704791464 -0.120054944162601 -0.113231296661631 -0.0717867678069396 -0.0562453664163134 -0.04942178838492 -0.0395601188504631 -0.0077142375124126 0.0192994321871797 0.0190466347112573 0.0288415100212621 0.02593532915099 0.0203547704841752 0.00522330381897788 -0.0069555726773692 -0.0156074788099281 -0.0205216719627678 -0.0254274356794572 -0.058707077224544 -0.0456838962406611 -0.0466501152742308 -0.047121302885052 -0.0567837798232623 -0.056624799061843 -0.066826012147935 -0.0621602717366114 -0.0691610361028848 -0.0688505267831747
-3.4e+38 -3.4e+38 -3.4e+38 -3.4e+38 -3.4e+38 -3.4e+38 -3.4e+38 -3.4e+38 -3.4e+38 -3.4e+38 -0.0727100268199794 -0.0282720285691645 -0.108983642519823 -0.115340359393505 -0.084605188314612 -0.0394997567161851 -0.0851305197644201 -0.0947562974104319 -0.0847468812908076 -0.138022241432656 -0.171515330362202 -0.183151933429194 -0.147845975759733 -0.12052309551274 -0.113127994301273 -0.0764658843847121 -0.0575650887240369 -0.0500060515927442 -0.0396284664390214 -0.00156335793473097 0.0196914863519424 0.020642045991467 0.0307527496957598 0.0337496985047584 0.0222559294022957 0.00449152989554352 -0.00392183610987792 -0.0132055339412247 -0.0194557534469511 -0.0261924958357196 -0.0263857075734563 -0.0480794452736681 -0.0526054403935114 -0.0468180496502621 -0.0491380669848219 -0.0540401005398888 -0.0604158745360245 -0.0611361917095071 -0.0607048689402492 -0.0677820476047953
-3.4e+38 -3.4e+38 -3.4e+38 -3.4e+38 -3.4e+38 -3.4e+38 -3.4e+38 -3.4e+38 -3.4e+38 -3.4e+38 -0.0922976129395329 -0.0850631857013273 -0.116280573617099 -0.121744483825405 -0.106816333942171 -0.0723995541118124 -0.0740465152396893 -0.0839551416515963 -0.0791787705451514 -0.107408491085677 -0.149029709571525 -0.160187584728298 -0.16450404379407 -0.125836196902301 -0.105820008446618 -0.068555437297625 -0.065415151154299 -0.047872921488967 -0.0322270494188512 0.00030094118918546 0.0105003867518505 0.0234997207848614 0.0304009477310207 0.0290607667093718 0.024843998840955 0.00499914123569567 -0.00403452262575912 -0.0122231966871549 -0.0218818682591739 -0.0257928598799614 -0.0256714660694777 -0.0475676912656774 -0.0423063635959103 -0.0433001455936865 -0.0456833800374577 -0.0441016476394368 -0.0588416350001314 -0.0560461972012139 -0.0547985852907059 -0.0547211293376
