data/pcas/pca_proj/PC12.asc
NCOLS 494 
NROWS 529 
XLLCORNER -117.166666666667 
YLLCORNER -55.5 
CELLSIZE 0.166666666666667 
NODATA_value -3.4e+38 
[rows 220 to 241 of 529, columns 200 to 249 of 494]
-3.4e+38 -3.4e+38 -3.4e+38 -3.4e+38 -3.4e+38 -3.4e+38 -3.4e+38 -3.4e+38 -3.4e+38 -3.4e+38 -3.4e+38 -3.4e+38 -3.4e+38 -3.4e+38 -3.4e+38 -3.4e+38 0.223410215340075 0.170261982500831 0.105114514843836 0.0168226988008157 -0.051980612007734 -0.152268095209559 -0.22090000775175 -0.151493784847503 -0.195842065834389 -0.130698672533008 -0.100938390339557 -0.094157406796886 -0.11010945632328 -0.156873545456492 -0.131060723062085 -0.146553901592151 -0.144671971838672 -0.100018641880124 -0.0746284676961429 -0.106618624337444 -0.116789087589772 -0.0630683853143716 -0.0798163098129923 -0.0345285232729427 0.00141294821271539 0.0456232177035347 0.0512345598348493 0.0564785222173569 0.0681061153281087 0.06825491993631 0.0891006597530193 0.0852160812631309 0.0814841622254815 0.0751282390958387
-3.4e+38 -3.4e+38 -3.4e+38 -3.4e+38 -3.4e+38 -3.4e+38 -3.4e+38 -3.4e+38 -3.4e+38 -3.4e+38 -3.4e+38 -3.4e+38 -3.4e+38 -3.4e+38 -3.4e+38 0.350836740366789 0.216075457006115 0.214364689494699 0.100314436139147 0.0521245868848416 -0.0201399621543685 -0.151448943011555 -0.229575661450283 -0.212016552706741 -0.133022097699302 -0.143665252841884 -0.0577000970919074 -0.09600295007088 -0.0974549051217236 -0.110421679374191 -0.138462417032146 -0.135733795328172 -0.149932405474958 -0.117845459432404 -0.0819447084476012 -0.149462027031963 -0.128704343198242 -0.0674916574201365 -0.0821157567393742 -0.0208321554076527 -0.00411188495026443 0.0237457475767622 0.0312383751133744 0.0484752656614258 0.0448298387766501 0.0582360674911792 0.0659550002903467 0.0762980824801629 0.074674136513647 0.0902664599287331
-3.4e+38 -3.4e+38 -3.4e+38 -3.4e+38 -3.4e+38 -3.4e+38 -3.4e+38 -3.4e+38 -3.4e+38 -3.4e+38 -3.4e+38 -3.4e+38 -3.4e+38 -3.4e+38 -3.4e+38 0.362545923278105 0.214729903163992 0.277507018977664 0.177088197293842 0.169794438925023 0.0878961378685632 -0.0347199936906637 -0.160844691592784 -0.221936934160098 -0.168860614657565 -0.137780935972873 -0.105677147846919 -0.0729265824527165 -0.0754697146804971 -0.103897006660408 -0.130111485403165 -0.128910452007482 -0.139145291265694 -0.155593857754968 -0.14391854653525 -0.162306344149557 -0.140818427171667 -0.101813730426198 -0.0702624859198186 -0.028739705069936 -0.000673714956593505 0.017476487090604 0.0308529117403297 0.033498057170437 0.0408844483466946 0.04665779259196 0.0622111823790865 0.0669389597178127 0.0783556616090141 0.0870512556831425
-3.4e+38 -3.4e+38 -3.4e+38 -3.4e+38 -3.4e+38 -3.4e+38 -3.4e+38 -3.4e+38 -3.4e+38 -3.4e+38 -3.4e+38 -3.4e+38 -3.4e+38 -3.4e+38 -3.4e+38 0.348814394447479 0.258885497138078 0.303362175607911 0.252015393180692 0.236792028951072 0.247150890495649 0.114861674877488 -0.0708502302151659 -0.170325246095672 -0.148695259087297 -0.117752660057657 -0.0575978102152414 -0.0828605209977391 -0.0990386305748218 -0.0796838336755882 -0.0873911159923662 -0.115537595379992 -0.132294360450202 -0.187953834153464 -0.189155737937773 -0.176222147989196 -0.153117368098162 -0.12721653963361 -0.0700925024269571 -0.0317616833590218 -0.00292292315523591 0.0104630007211744 0.0118513864876263 0.0229784014301244 0.0266787981773503 0.0395608953372079 0.0486333428254608 0.0553031531663972 0.0734893712186095 0.0904541167838852
-3.4e+38 -3.4e+38 -3.4e+38 -3.4e+38 -3.4e+38 -3.4e+38 -3.4e+38 -3.4e+38 -3.4e+38 -3.4e+38 -3.4e+38 -3.4e+38 -3.4e+38 -3.4e+38 -3.4e+38 0.327771861773584 0.285115451010412 0.218457968464354 0.210758893928963 0.270153298473321 0.277348860860798 0.219728218141886 -0.0522016860513447 -0.156354936060035 -0.118263373325576 -0.0812747782522323 -0.150844030743552 -0.0682108516845026 -0.11530211990159 -0.0532011350105868 -0.0755160867634819 -0.119043923603797 -0.138042098746428 -0.209129517090875 -0.19947421838425 -0.198541520917336 -0.0887991001358478 -0.110171581051038 -0.0694425998620374 -0.0271155075832785 0.00868658841012401 0.0298788993233175 0.00354394430075127 0.000493407556591614 0.0218199303408056 0.028567255945802 0.031515671200102 0.0467653723482853 0.0732512588020717 0.0887921401620051
-3.4e+38 -3.4e+38 -3.4e+38 -3.4e+38 -3.4e+38 -3.4e+38 -3.4e+38 -3.4e+38 -3.4e+38 -3.4e+38 -3.4e+38 -3.4e+38 -3.4e+38 -3.4e+38 -3.4e+38 0.329185687510624 0.304520592544411 0.239412965709476 0.199265600266662 0.258936142328648 0.21445199180426 0.227576351460052 -0.0326646322437561 -0.125344084520758 -0.17188141302598 -0.115619291444786 -0.133512047953533 -0.0867704171402448 -0.156968557657922 -0.0593182008104744 -0.0587527895513351 -0.1246260277307 -0.161400439851857 -0.19042813105929 -0.208879896862297 -0.199336403731712 -0.0969550234821778 -0.132469239479343 -0.0601360057643363 -0.00794216233093375 0.0229048452073109 0.0289902560976556 0.0253998612008224 0.0177702990390852 0.0309853082748433 0.0335590676444916 0.0297525160611929 0.0461938402139526 0.0655778446815959 0.0753681336177383
-3.4e+38 -3.4e+38 -3.4e+38 -3.4e+38 -3.4e+38 -3.4e+38 -3.4e+38 -3.4e+38 -3.4e+38 -3.4e+38 -3.4e+38 -3.4e+38 -3.4e+38 -3.4e+38 -3.4e+38 0.270497050376155 0.31450007384867 0.190294610806843 0.107849201280773 0.153371431015612 0.228858243248489 0.189573531579488 0.157368850875165 -0.109713580893724 -0.13621614280337 -0.132397903135279 -0.155352512208322 -0.0913148987648443 -0.125518745312468 -0.088547397165527 -0.0812225117816115 -0.0692186917985797 -0.19250171250306 -0.178257017868097 -0.150836332804002 -0.131742438555067 -0.0752048588648961 -0.102851681833983 -0.0593068885879798 0.00683934888939909 0.0317612106258321 0.0431138351575426 0.0436193947916191 0.0334035048780039 0.0463868874725269 0.0448470842279383 0.0500437030150567 0.0520374040864892 0.0630023409877846 0.0644141318138596
-3.4e+38 -3.4e+38 -3.4e+38 -3.4e+38 -3.4e+38 -3.4e+38 -3.4e+38 -3.4e+38 -3.4e+38 -3.4e+38 -3.4e+38 -3.4e+38 -3.4e+38 -3.4e+38 -3.4e+38 0.301916886400612 0.328685080252326 0.265251523333167 0.170784200452167 0.194012365980022 0.229373884745469 0.24250564771987 0.218184652449078 0.128967866564269 -0.0330457791500725 -0.181363341243068 -0.161286343523743 -0.129959913959032 -0.0695535338895443 -0.0399944623359853 -0.0910859440446433 -0.0549265022452944 -0.200600947433143 -0.187122848720753 -0.146432642598773 -0.124758738052355 -0.102427901619046 -0.0934847750585076 -0.0555684329566994 -0.0136652493519029 0.0269996155538049 0.0531084672955028 0.0652066915471985 0.06150169972531 0.0643777884258442 0.0543628738340373 0.0626309071806644 0.0552513702208504 0.0520935695316817 0.0574348563851296
-3.4e+38 -3.4e+38 -3.4e+38 -3.4e+38 -3.4e+38 -3.4e+38 -3.4e+38 -3.4e+38 -3.4e+38 -3.4e+38 -3.4e+38 -3.4e+38 -3.4e+38 -3.4e+38 -3.4e+38 -3.4e+38 0.275349000346205 0.259492923452586 0.155429435936992 0.248789970940073 0.286524130987579 0.327660492576195 0.301835723225247 0.180053061106587 0.0476517364627203 -0.129681338900942 -0.147361254114677 -0.154194171835571 -0.0563756423854866 -0.0266032626183131 -0.108682531510081 -0.0552346348049376 -0.100295720309396 -0.0647426177548981 -0.0621167853908459 -0.0776794926712719 -0.091166972950046 -0.101240255364934 -0.0736257556184003 -0.050074699167677 -0.0386588611549524 -0.00819704079132071 0.0459548328040109 0.051073858434522 0.0473983506459141 0.0438222350628732 0.0494566489286009 0.0448597407996054 0.0393317049050495 0.0499051680298077
-3.4e+38 -3.4e+38 -3.4e+38 -3.4e+38 -3.4e+38 -3.4e+38 -3.4e+38 -3.4e+38 -3.4e+38 -3.4e+38 -3.4e+38 -3.4e+38 -3.4e+38 -3.4e+38 -3.4e+38 -3.4e+38 -3.4e+38 0.260090681573784 0.280827723191783 0.3153680525278 0.36592542742928 0.352255294905132 0.324065269260419 0.203607766691236 0.0535682732899305 -0.108207862024082 -0.107501082337901 -0.197278595585622 -0.078170326273178 0.00146776861452219 -0.0490665275782823 -0.12638564193788 -0.076004943256296 -0.0738680091295258 -0.063488651968112 -0.076057565117176 -0.0780268433041047 -0.092503293817165 -0.0944471205286725 -0.0890350994127746 -0.0810323009384173 -0.0760177839256658 -0.0183856651772291 0.0148063107071293 0.0156791548348565 0.0206349256525098 0.0193544636572372 0.0257639532086795 0.0204433953542546 0.022933065283017
-3.4e+38 -3.4e+38 -3.4e+38 -3.4e+38 -3.4e+38 -3.4e+38 -3.4e+38 -3.4e+38 -3.4e+38 -3.4e+38 -3.4e+38 -3.4e+38 -3.4e+38 -3.4e+38 -3.4e+38 -3.4e+38 0.411352613034877 0.342951464454631 0.345279420531831 0.3872359804014 0.386796630042174 0.349956038332929 0.280266643782023 0.261647770167758 0.128746846655746 -0.128196017299397 -0.090921469537145 -0.162928813384201 -0.0780294724537387 -0.0462898335755373 -0.0571890095004671 -0.0955916656850693 -0.11476717833249 -0.0827517411432093 -0.0759970273593469 -0.081264378924403 -0.0826977401204722 -0.090814917991686 -0.0841930845077462 -0.0655026460468281 -0.0582743776453019 -0.0799782905860362 -0.0846520921929093 0.00725391371082548 -0.0039021151389827 -0.0144469313651907 -0.00627388634000432 -0.0014862224053515 -0.00562295686651433 -0.00545847816956436
-3.4e+38 -3.4e+38 -3.4e+38 -3.4e+38 -3.4e+38 -3.4e+38 -3.4e+38 -3.4e+38 -3.4e+38 -3.4e+38 -3.4e+38 -3.4e+38 -3.4e+38 -3.4e+38 -3.4e+38 -3.4e+38 0.470919089922125 0.388199590916849 0.405922990286824 0.399253081352291 0.414524733958049 0.409161459526252 0.283476762581252 0.271298378620939 0.191327074721919 0.000228027705937349 -0.127574590389515 -0.109881769309816 -0.126688017353435 -0.0535786743055992 -0.0667850582201994 -0.0589504548434813 -0.0534570778314047 -0.0676970044339939 -0.0704848268456335 -0.0944199588513967 -0.0865209330685535 -0.0838056866755341 -0.0923711649144616 -0.0761607329983349 -0.0705119534798703 -0.0988744346913876 -0.134277168130328 -0.0738607174165713 -0.00352580584987723 -0.01578063335004 -0.0328021720033063 -0.0219094454534106 -0.0257697984580421 -0.0276958723636572
-3.4e+38 -3.4e+38 -3.4e+38 -3.4e+38 -3.4e+38 -3.4e+38 -3.4e+38 -3.4e+38 -3.4e+38 -3.4e+38 -3.4e+38 -3.4e+38 -3.4e+38 -3.4e+38 -3.4e+38 -3.4e+38 0.445709434473091 0.364373937894336 0.392674886028627 0.434504931596869 0.434771150678673 0.445129555791523 0.412378564687741 0.254672793651852 0.217201831333028 0.0421123781771974 -0.173934420383971 -0.210578384049823 -0.109874396870504 -0.102739810601341 -0.0980488143498991 -0.0954090002527017 -0.0606615131007576 -0.0332362924701011 -0.0555227448555566 -0.0758660921718607 -0.0910527036506307 -0.0660833009359615 -0.0860199574458081 -0.0958447316513552 -0.0898548559200847 -0.117311774961971 -0.162320102037143 -0.152813202399238 -0.019176724468522 -0.0209454262794887 -0.031564143774438 -0.0361588499328014 -0.0394318083968753 -0.0308540985851983
-3.4e+38 -3.4e+38 -3.4e+38 -3.4e+38 -3.4e+38 -3.4e+38 -3.4e+38 -3.4e+38 -3.4e+38 -3.4e+38 -3.4e+38 -3.4e+38 -3.4e+38 -3.4e+38 -3.4e+38 -3.4e+38 -3.4e+38 0.442550754781803 0.477456017388531 0.484151383197387 0.460524893907531 0.446733252369502 0.421319303795122 0.304634840420578 0.238063947835147 0.0836138288752482 -0.138796708183505 -0.155661768858106 -0.184607144966423 -0.164953948702317 -0.107460720767785 -0.0763307394115427 -0.0587982478074322 -0.0554986156989462 -0.0498593684675336 -0.0806298512877797 -0.0846560353709599 -0.0973449460665799 -0.0924371393661374 -0.110739285426987 -0.126310469064263 -0.153498710904629 -0.169779863915562 -0.164691027575613 -0.136698845463443 -0.00661909769257318 -0.0185630221785714 -0.0295581702840798 -0.0140334446494182 -0.0116620094089073
-3.4e+38 -3.4e+38 -3.4e+38 -3.4e+38 -3.4e+38 -3.4e+38 -3.4e+38 -3.4e+38 -3.4e+38 -3.4e+38 -3.4e+38 -3.4e+38 -3.4e+38 -3.4e+38 -3.4e+38 -3.4e+38 -3.4e+38 0.415438955328773 0.510435437828892 0.51764873325002 0.516414518026663 0.472526356247136 0.402389059915724 0.306182477294875 0.261525511513311 0.204726015416565 -0.0337658691899747 -0.14497147583321 -0.158121075506197 -0.122693756364086 -0.0568785410623853 -0.0270663873443197 -0.0341719020532573 -0.049956016381363 -0.0558938468495116 -0.0758234629810497 -0.0719265019429352 -0.0915389061200351 -0.11359470034364 -0.110578847721588 -0.126304306169091 -0.158728139611494 -0.164679984607046 -0.173761505362145 -0.197385970303291 -0.192570895408357 -0.115760753128489 -0.0399077538380557 -0.0104581310511241 -0.0190932927961949
-3.4e+38 -3.4e+38 -3.4e+38 -3.4e+38 -3.4e+38 -3.4e+38 -3.4e+38 -3.4e+38 -3.4e+38 -3.4e+38 -3.4e+38 -3.4e+38 -3.4e+38 -3.4e+38 -3.4e+38 -3.4e+38 -3.4e+38 -3.4e+38 -3.4e+38 -3.4e+38 0.39705219395543 0.459209584961293 0.427303667081903 0.216107727971996 0.297161288718132 0.245704123109503 0.166990930024927 -0.00815746086596639 -0.121093817289632 -0.0994599356897506 -0.00396141803706342 -0.021545938661309 -0.0168052236824055 -0.0158305250532304 -0.0841229522284005 -0.0662434050145767 -0.0828589790621478 -0.0907483719128842 -0.102680820347326 -0.116560927519268 -0.132798059882674 -0.143011282664734 -0.162842315619596 -0.168610453554684 -0.214742850585271 -0.18384367015677 -0.127577586525488 -0.0888924612418574 -0.0551948103616323 -0.0149193913686035
-3.4e+38 -3.4e+38 -3.4e+38 -3.4e+38 -3.4e+38 -3.4e+38 -3.4e+38 -3.4e+38 -3.4e+38 -3.4e+38 -3.4e+38 -3.4e+38 -3.4e+38 -3.4e+38 -3.4e+38 -3.4e+38 -3.4e+38 -3.4e+38 -3.4e+38 -3.4e+38 -3.4e+38 -3.4e+38 0.327938457362352 0.18837005646909 0.13567803619958 0.18369286399495 0.178804687532113 0.0296442884276218 -0.127373898273547 -0.0674631134325696 -0.00216007874197979 -0.0276303715669169 -0.0117270939202953 -0.0229332943862753 -0.0469572824303513 -0.0482209231872573 -0.0548140335528595 -0.0740913345073848 -0.087432635696681 -0.105590843050167 -0.132816610366362 -0.133211014623759 -0.154703421607258 -0.202151909391782 -0.212937665077918 -0.174141868931588 -0.159416359732175 -0.097079977689803 -0.0996203611841122 -0.0582039213946729
-3.4e+38 -3.4e+38 -3.4e+38 -3.4e+38 -3.4e+38 -3.4e+38 -3.4e+38 -3.4e+38 -3.4e+38 -3.4e+38 -3.4e+38 -3.4e+38 -3.4e+38 -3.4e+38 -3.4e+38 -3.4e+38 -3.4e+38 -3.4e+38 0.513973116461723 -3.4e+38 -3.4e+38 -3.4e+38 -3.4e+38 0.187166029033573 0.247303532431544 0.0838171903740913 0.177871682317791 0.0718622676393445 -0.0804007408694315 -0.0311964217512215 -0.0100078639152014 -0.00283961230586806 -0.0138048791325806 -0.00619242551937929 -0.0244073289423416 -0.0514017684875844 -0.0203367758403879 -0.0475494815012346 -0.0827696899763881 -0.0993322654975518 -0.117479850466398 -0.100997791346692 -0.141544917127545 -0.178127433717274 -0.158982651044833 -0.133876335225431 -0.142521258628996 -0.105576253484081 -0.0823758171748723 -0.0868725715486727
-3.4e+38 -3.4e+38 -3.4e+38 -3.4e+38 -3.4e+38 -3.4e+38 -3.4e+38 -3.4e+38 -3.4e+38 -3.4e+38 -3.4e+38 -3.4e+38 -3.4e+38 -3.4e+38 -3.4e+38 -3.4e+38 -3.4e+38 -3.4e+38 -3.4e+38 -3.4e+38 -3.4e+38 -3.4e+38 -3.4e+38 -3.4e+38 0.104425948014999 0.0842810797742741 0.22051806212575 0.160850266083979 -0.0631673845980812 -0.0906613261802717 -0.0265397536948973 0.0034429331048666 0.0040574967664876 0.000117020239985395 -0.00462536286209821 -0.040855358310991 -0.0106286416545701 -0.0116895310630945 -0.0386998070309308 -0.0953136140174009 -0.0830195031620711 -0.0905862799974772 -0.119278307327321 -0.125393760794005 -0.111191329022993 -0.127226644092503 -0.119978553622763 -0.0454806219161094 -0.0316276717504243 -0.0341659966056849
-3.4e+38 -3.4e+38 -3.4e+38 -3.4e+38 -3.4e+38 -3.4e+38 -3.4e+38 -3.4e+38 -3.4e+38 -3.4e+38 -3.4e+38 -3.4e+38 -3.4e+38 -3.4e+38 -3.4e+38 -3.4e+38 -3.4e+38 -3.4e+38 -3.4e+38 -3.4e+38 -3.4e+38 -3.4e+38 -3.4e+38 -3.4e+38 0.092331363527746 0.068239630582887 0.162122365493262 0.241050417669209 0.0739683575698327 -0.040797806423822 -0.0594703873826726 -0.0279896338926562 0.0078327097183379 -0.00399728742234678 0.00321769806056513 -0.0190783370725617 -0.0141598535334964 -0.00567074720694126 -0.0374610929293612 -0.0880729749624993 -0.0646385823847254 -0.0591214075110571 -0.0605492217984646 -0.0713254601924362 -0.0648473576215249 -0.0865975659398859 -0.0780483555326775 -0.0471590512135653 0.00596857903284407 0.0135820779666071
-3.4e+38 -3.4e+38 -3.4e+38 -3.4e+38 -3.4e+38 -3.4e+38 -3.4e+38 -3.4e+38 -3.4e+38 -3.4e+38 -3.4e+38 -3.4e+38 -3.4e+38 -3.4e+38 -3.4e+38 -3.4e+38 -3.4e+38 -3.4e+38 -3.4e+38 -3.4e+38 -3.4e+38 -3.4e+38 -3.4e+38 -3.4e+38 -3.4e+38 -0.000638458366151957 0.134177675579851 0.206940208099299 0.0116701973854039 -0.0153896714091285 -0.0473691920186079 -0.0235038882314282 -0.0143588579956413 -0.00264759187661039 -0.00332908103308397 -0.0224623583440449 -0.0478385865510727 0.0102094017496732 -0.0283726565300144 -0.0684536054191398 -0.0665614509835287 -0.0292592608067056 0.0133399579291249 -0.00112588989572676 0.00150061258402436 -0.0788511882001385 -0.0149562566973587 -0.0458776390047065 0.0305824053496918 0.0336773370219656
-3.4e+38 -3.4e+38 -3.4e+38 -3.4e+38 -3.4e+38 -3.4e+38 -3.4e+38 -3.4e+38 -3.4e+38 -3.4e+38 -3.4e+38 -3.4e+38 -3.4e+38 -3.4e+38 -3.4e+38 -3.4e+38 -3.4e+38 -3.4e+38 -3.4e+38 -3.4e+38 -3.4e+38 -3.4e+38 -3.4e+38 -3.4e+38 -3.4e+38 0.0395232766261886 0.0484230650954333 0.237272791746591 0.212817136451482 0.186589723419472 0.0586147325549791 -0.0144519859733088 -0.0321365713357213 -0.0225683666609523 -0.0358713089396031 -0.0172022354476564 -0.0470652609814182 -0.00470850079795988 0.0027052431302859 -0.056826474942096 -0.0661773745012349 -0.0601756622167531 0.0529888877017328 0.0349118220539654 0.064742460595605 -0.00714712073695863 0.000686663201080712 0.038987512518972 0.0336062422382088 0.0548816626138164
