data/pcas/pca_proj/PC12.asc
NCOLS 494 
NROWS 529 
XLLCORNER -117.166666666667 
YLLCORNER -55.5 
CELLSIZE 0.166666666666667 
NODATA_value -3.4e+38 
[rows 352 to 373 of 529, columns 300 to 349 of 494]
0.148040270786489 0.150572723722385 0.128203000626978 0.135653562093992 0.159793009220579 0.142248500941913 0.164327085518987 0.178932071869107 0.170249746376154 0.105494157720188 0.0596710251967452 0.0452310501360319 0.0349535774937632 0.0452163513250448 0.0326267218511361 0.0303291044866555 0.0498056351765388 0.0561544823476137 0.0590004761097571 0.065113822853385 0.0732262721499064 0.0705575695540958 0.067066113091118 0.0648199752175879 0.0594002486780798 0.057676763277817 0.0538885005735202 0.0544982197968941 0.0446559675795156 0.0453600720940463 0.0494000809443169 0.059021769193947 0.0567059107537177 0.0432417906879606 0.0320186227065085 0.0202943300089667 0.0141511383258283 0.0113556017165216 0.00802026515092434 0.00959750984285545 0.0111820126664894 0.0171760292518121 0.0253941107129991 0.0312197722255513 0.0390956346061591 0.0584741942869286 0.0735520145749916 0.0875838395410315 0.099108301852777 0.110296754268409
0.148197591310053 0.145783270097429 0.146087696758873 0.132573348575004 0.130829884945669 0.136593135999152 0.149938875179091 0.156598362779409 0.156897857563939 0.077695026480848 0.0420304242802935 0.0444302529900968 0.0308407836855606 0.0272711709938782 0.0251895388165542 0.0279377745781716 0.0323428274865672 0.052161997466122 0.0608444581631877 0.0630362379103148 0.0640742357750385 0.0671386784313427 0.0650272007237428 0.0582800977960647 0.056246545236107 0.0531514147873296 0.0467258599827357 0.0486895671768714 0.0449297432749454 0.0436933081172199 0.044915704822471 0.0506268364817277 0.0544990334381602 0.0440848871923994 0.0362589434528017 0.0213023379088572 0.0163554721289164 0.018696002091332 0.0236896372807606 0.0216417986630065 0.0235166045017109 0.0263428261765884 0.0364545146070624 0.0406597244795682 0.0534761654488959 0.0661085521528354 0.0819527806993195 0.0873364721058436 0.100340533117211 0.121930185172211
0.125856876734609 0.157955808846574 0.164127956254772 0.130246344281404 0.136404815068404 0.161941741818472 0.160886057584251 0.143043065247833 0.148492554170077 0.0602237731150115 0.0223005408348552 0.0235780900042156 0.00634796421865182 0.00214519675410945 0.0238027507603492 0.0195649601303824 0.023350734649631 0.0508801781250279 0.0647251516907773 0.0684333584790054 0.0691670857092261 0.0674604538927818 0.0624009524979189 0.0576105081117635 0.0540657673310608 0.0463731530691703 0.0468883239148109 0.0502372906003591 0.0497415142653393 0.0469553537116087 0.0484139441871956 0.0442110903410892 0.0502393636042701 0.0415713131417697 0.0346858173302635 0.0264710152251972 0.0243437395171858 0.0297808826289284 0.0310725955345247 0.0341129916143572 0.041347711461599 0.0428372292526977 0.0458531137371243 0.0488599988736637 0.0621457026384259 0.0719139781193988 0.087984264117292 0.0978471867233198 0.106015266923821 0.117408588126935
0.128489845738023 0.168761634495845 0.157766525066035 0.135659612128854 0.154586727810131 0.168126079727892 0.153088422611286 0.148053342087511 0.116742161709791 0.051537842402203 -0.0123146722053795 -0.0146863853393312 -0.0121639813819061 -0.000451473715637779 0.0237634322947993 0.0351559308944163 0.0445098695650868 0.0584401184309054 0.0686003368234152 0.0697135741926276 0.0697622576699695 0.0688122981076829 0.0623172371364373 0.0607960114500161 0.0530751100417001 0.0491229327681855 0.0425365840700048 0.0481691210803112 0.050674287727954 0.0441595924893567 0.0521558836179425 0.0448437468053258 0.0495369192436282 0.0403582556101062 0.0373590650784501 0.0328015291505239 0.0278814025729475 0.0353001937400027 0.0438900994317701 0.0557608875880818 0.0594914615102072 0.0619876575196117 0.0573316004127855 0.0548243836959902 0.0631160573547643 0.078888494474457 0.0951126275908973 0.110560465854906 0.112014793582658 0.111618989648316
0.165270420883596 0.163392777388057 0.158747295346027 0.144847344669801 0.167017949626844 0.165276374085452 0.156731289190766 0.14117312451629 0.115773929273296 0.0278246100725577 -0.053108572085402 -0.0599765253244321 -0.0530350758275628 -0.011614575791598 0.0413263646232673 0.0560972135377772 0.0565933937401511 0.0742279484018967 0.075764267287015 0.0747822563121726 0.070463664278155 0.0657251045456488 0.063277068816789 0.061290748795174 0.0529614770665977 0.0454878163178555 0.0505267813996724 0.0503278478434344 0.046972972907578 0.0508154951274439 0.0541923423645247 0.0504825972287659 0.0483128509384307 0.0449483721517629 0.0374066167731247 0.0354062882245021 0.0365049033070916 0.0363453994766298 0.0545577829640217 0.0735706288993855 0.0771158552151365 0.0723260577058008 0.0654510082972235 0.0664935241563152 0.0690314808085752 0.0823581688093691 0.0930636366091291 0.10792508256402 0.106041915127131 0.100972346329796
0.156966187207592 0.15670907173727 0.159219331258028 0.153953031927707 0.154861944513155 0.167314901309745 0.146081990520207 0.117178564716711 0.0756748438555795 -0.0157321058560616 -0.0503249648655251 -0.0564780408785349 -0.046562817919387 -0.00344912994266314 0.0563057597884743 0.0915585232691898 0.0864458804492743 0.0897103643924514 0.0799664438016696 0.0742965246958675 0.0741837708498717 0.0691993563243855 0.0650638537764454 0.057209154037884 0.0565886584687502 0.0511963688951133 0.0572712117745481 0.0519638611233645 0.0440363091383351 0.0449472255296055 0.0573163631367953 0.0582969778701556 0.0534355568707376 0.0418722690865971 0.0391707933086058 0.0387972155993584 0.0306678910852673 0.0321517284563015 0.0500426829643712 0.0702838386176396 0.073399188613085 0.0690686091286603 0.0669080479077319 0.0662912705041035 0.0665644833750746 0.0744779997137299 0.0862869633380823 0.103341125804875 0.098364014102548 0.0932340900273232
0.150663896969176 0.158026812610348 0.156707562377692 0.149234783645569 0.151323060396512 0.142169590469122 0.12665475478963 0.0991483032007289 -0.00604836092835876 -0.0393421639886776 -0.0382761451505033 -0.0261245822129014 -0.0193707742369907 0.0154691278285104 0.0599162866320765 0.0939004904268456 0.0940267402270756 0.094167078722165 0.0861655491228167 0.075018925843475 0.0680408536640709 0.0706231762705173 0.0643357954285584 0.0661223093102117 0.0628690460617938 0.0605138476190884 0.0539467003610896 0.0570580527762811 0.0550393278818608 0.0605909867251248 0.0648032241488641 0.0600850172575933 0.0524872790993014 0.0448284779747732 0.0364535910777902 0.0407850080006165 0.034449957022433 0.0409706346490045 0.046250291761657 0.0539329091364567 0.0663179191583199 0.061165559426036 0.0608760461619523 0.0579472273459501 0.0679853187334109 0.0693107391209899 0.0800947604090102 0.0918701397422743 0.0984009893975103 0.0879021297806322
0.156249558209006 0.135438632352315 0.148779034854104 0.142876036995481 0.138467804519055 0.122558553559281 0.103155579259434 0.00100373116091602 -0.0327277382952841 -0.0307090280142276 -0.0200868875315554 -0.00991057437403054 -0.00197923584344401 0.022945246279552 0.0549039508665351 0.077243158491304 0.0850920009307006 0.0770214034789845 0.0772246628184518 0.0663037136403044 0.0761351422355708 0.0731182007314299 0.0679311308091827 0.0598172492449137 0.0623511926195186 0.0580564131726279 0.0635343152548899 0.0578903334220028 0.0579883150672368 0.0587915929475554 0.0658527000697638 0.05629877101454 0.0515330569536287 0.0417891098932876 0.0384727647978855 0.0341508007795053 0.0304104838631557 0.0356443613156751 0.0385407028875522 0.0370634339578523 0.0472042443648603 0.0494795948179547 0.0546690247681471 0.0584907427284957 0.0689761628374119 0.0738825432078113 0.0812494650263162 0.0919265581637449 0.0994291832602461 0.0983790205145659
0.143846690578863 0.123437315485501 0.136555821441446 0.135699534479639 0.13431975548623 0.114054067222624 0.0758569356917922 -0.00223949787992583 -0.0287998767621735 -0.0152331435514872 -0.0075335607376189 0.00667704525353646 0.0248878888606582 0.0397526502671861 0.0505659312754414 0.0718923147259284 0.074936683840442 0.0733007631906054 0.0757645259681081 0.0724540982723467 0.0780136246759944 0.0686762084160833 0.0676875815338945 0.0653330228405016 0.0600339253999382 0.0647286706276405 0.0626658163303763 0.0640563145108637 0.0623700955952175 0.0662067912113658 0.0596083496444397 0.0527368305381137 0.0519792912775209 0.0474858214143614 0.0388876807019113 0.0291460388032476 0.0276775406163722 0.0246919561462211 0.0227447354078689 0.0376625958153386 0.0447499763375046 0.0466922120598616 0.0516746961045351 0.0593944893859723 0.0656640092668748 0.0693855431897589 0.0764025523320151 0.0884857473363528 0.101621762456279 0.101153548723347
0.130227195183634 0.128230095092419 0.114827528922731 0.0812889585714855 0.0376178888537279 0.0609489949025627 0.051451040566796 0.0201785656248583 -0.000898815821791632 -0.00361322549453018 0.0020193664700735 0.0185921776422534 0.0332465436300339 0.0458521130172681 0.0460793074940259 0.0537144901015326 0.0575057385066799 0.0561942675308693 0.0570361423567731 0.0599634562800975 0.074128121152665 0.0697697437324594 0.0726404272454695 0.0661951059659758 0.0661119985522152 0.0697962086166532 0.069234488890613 0.0658202171287675 0.0689223101185094 0.0621287566140315 0.0612282849534143 0.0522415114883176 0.0455742617974268 0.0424097439386092 0.0386331479501998 0.0268834498210375 0.0304738720690707 0.0242014763122164 0.0235880906385193 0.0325589181339553 0.0408233029276444 0.0489653198734142 0.0471506055958315 0.0511490682345885 0.0543693564903089 0.062029974473567 0.0714844941949216 0.0822005431181686 0.0880250542573789 0.0868261662393507
0.0945342399459508 0.074571571306286 0.0674693068836946 0.01602300062063 0.00749355323495768 0.0195630074781667 0.0693192712779435 0.0286536184957298 0.00478785165617077 0.0356989024704724 0.0288756920065104 0.026884240326563 0.0275477150768875 0.0329580040833792 0.0384456740498603 0.0392440441756236 0.0415005988785376 0.0408049804515875 0.0540643055886101 0.0485878696990159 0.0579608767883192 0.0710096528662164 0.0703944435769424 0.0758180214000889 0.0708113544361413 0.0656088145063821 0.0733858879556386 0.07204626733248 0.0645031013828476 0.055367718510966 0.0554000730511467 0.0481706971468491 0.0491325207168249 0.0434772072790397 0.0337024627579945 0.0367394461777142 0.0320300917300384 0.0204036213076165 0.0247920053397446 0.0358162600799938 0.0389679792057311 0.0406895247980914 0.0438641258177377 0.045227891842109 0.0491823732911075 0.0571096855332964 0.0654305793688454 0.0729040093246572 0.077800851398748 0.0698925214997678
0.0766261172390471 0.0623647383078285 0.0704525726855457 0.0447165583039294 0.0241851302403111 0.0158638608851135 0.0835249557207298 0.0250230327236422 0.0105347504017463 0.0335914458629549 0.0288735800253463 0.0231245091117967 0.0318006984012138 0.0294906254917729 0.0349297248237411 0.03873591658081 0.031631027217995 0.0412618689678849 0.0486885880467415 0.0531127042141842 0.0597267610529907 0.0675026324329154 0.0756255827316424 0.070611168501681 0.0746974004897776 0.0725108247938229 0.0734438907964723 0.0680432195685268 0.0654773200152763 0.060779182745843 0.0527666574984146 0.0521042079047841 0.049127309668375 0.0428946595198805 0.032684217226509 0.0340944983334913 0.0285799511597308 0.0239218590236928 0.0317078451622153 0.0311252986384021 0.0325649859306792 0.03577168902376 0.0452462197533012 0.0406391826651212 0.0518197600938347 0.0521053734678225 0.0555225807272836 0.0543525606131832 0.0658269191520959 0.0547211971343757
0.0844377908290568 0.0772013541917645 0.0722797144542896 0.048818763530013 0.0356578190888319 0.0445659237213999 0.103302005995481 0.0421037216562282 0.0201487883530667 0.0384509988569054 0.0328974869056983 0.0345823800107566 0.0283864427222231 0.0354199826573871 0.0375232235219098 0.0365046702124355 0.0431306807405213 0.0528840868041041 0.0519185963447282 0.0586591124236014 0.0673742487029967 0.0690822615309949 0.0780059347629167 0.0729876464230047 0.0731474362065748 0.0795646629585608 0.0733249757912387 0.068556014699932 0.0586777904534068 0.0571417915943594 0.0527672531512871 0.0482748534927764 0.0437348886760501 0.0450528964719985 0.0359237077515874 0.0318883620939713 0.0303543482245733 0.0284731134201994 0.0290674291637212 0.0325324968487261 0.0323321451503908 0.0350169007233696 0.0396867231115876 0.043500146245969 0.0409920377003604 0.0503725241458528 0.0460822001651159 0.0501014753727066 0.0507115716504621 0.040447776842482
0.0942934264248853 0.0823360817945674 0.0659625022992345 0.0483619624143629 0.039811801230441 0.0518866959012721 0.105835017203323 0.0602544616029984 0.0380602332799231 0.0399043887746367 0.0356936733117878 0.0448637423656787 0.037612493533601 0.0385379511277942 0.0476735842853791 0.0521420672101861 0.0465078262873214 0.0516634244414019 0.0592890486884623 0.0636237913035288 0.0652882091218729 0.0723488404759135 0.0817640322864516 0.0775294024352436 0.0815497373418252 0.0783849534639475 0.07738976692917 0.0733138063431615 0.0567857788280513 0.058143031847041 0.0502635457796638 0.0537195021489321 0.0508140875713888 0.0461969395829457 0.0367755025977906 0.0365115274254056 0.0358740434654973 0.0279162960578631 0.0300483949109294 0.0313575942852231 0.0359828509862511 0.0374272898840443 0.0359441332277672 0.04204140996074 0.0444638293219211 0.0447005788516885 0.0451530274196684 0.0457746491071862 0.0497025286833816 0.0303605727659833
0.117497053676786 0.0968174809178458 0.0734050556461601 0.0572178986935852 0.0464804373796566 0.0792474427210987 0.0991586207651731 0.0606816920293183 0.0552350497005613 0.0448757949685233 0.038396250856106 0.0490755004802755 0.0445381753035202 0.0442043697912336 0.0495890364402476 0.0435772233965198 0.0528383255609275 0.0532601916174552 0.0601530644650997 0.0571070280832252 0.0661788627886446 0.0685672200901284 0.0732382747357114 0.0830890116523327 0.0864547419243581 0.0846827460783513 0.0744582197912803 0.0790088934375404 0.0720449479158254 0.0635169567961329 0.0571876380819401 0.0551896704788099 0.0494931136820534 0.0433761201433106 0.0346984787099123 0.0383759184793222 0.0396708614638482 0.0324164367883638 0.0338542088331835 0.0357801423516067 0.0303231034835551 0.0365645022293019 0.034537090340742 0.0413319268919593 0.0396575062658585 0.0403430065188297 0.0420233562508945 0.0464312213728363 0.0475245941509972 0.0355590903170295
0.134054350047951 0.0999824925261541 0.0848677966299922 0.0646109911388434 0.0716552719392417 0.0960582619776543 0.0838846857280544 0.0669567843337323 0.0632155576096883 0.0441232720186461 0.0487057076732271 0.0451594833303605 0.0478641972889532 0.0516500112114828 0.0526709475697349 0.054711851028469 0.0485600945962552 0.0458922118329145 0.0495088644706177 0.0632573359963248 0.0679517595051665 0.0679473460391371 0.0742433190484188 0.0844457823817178 0.0864207023131049 0.0835063400650866 0.079964534150943 0.075311647606961 0.066607362407827 0.0618622760303702 0.0554407410157133 0.0509117922160141 0.050740913445841 0.0383948568103473 0.0387786065718637 0.0376449064087715 0.0395252220881913 0.0308400830041508 0.0313864752239085 0.0313714562350411 0.0310475204001205 0.0282441890759642 0.0330351213623457 0.0337643656952301 0.0392075614553918 0.0400034906946569 0.041179551168417 0.0376445935646209 0.044461576664364 0.0408121309162059
0.118711018010773 0.100070490609322 0.102959043427273 0.0932309180983056 0.0916782059833257 0.0966629378731292 0.0776041642321771 0.0734030293426764 0.0674003318188292 0.0438383000596583 0.0484949793606779 0.0464474914670912 0.0503157885313715 0.0483257451392583 0.0529946179548177 0.0580204913746729 0.0491299258404147 0.0470659261826744 0.0512412394345243 0.0546222855231603 0.0635935271329304 0.065354311720042 0.0742740220362983 0.0847742272760076 0.0896008682603572 0.0875041466006621 0.0880751443465873 0.0810553147846362 0.0687719992542841 0.0628237274964728 0.0606095548675514 0.0558054216828815 0.0506864184280045 0.0427529006576452 0.045408489932678 0.0359452957998661 0.0360137017536633 0.0337373981172533 0.0263310785355188 0.0235671837176138 0.0251632080398905 0.032441099178238 0.0291436302346078 0.0330267395240958 0.0337377019986309 0.0370684999576033 0.0404044466608999 0.0413581608430687 0.0413932209239713 0.0319608689917516
0.106036280397803 0.103424628182177 0.106816304821218 0.103083607251793 0.0978898652816073 0.0817525713742128 0.0843651597176168 0.0810389672548554 0.069465974830539 0.0597331222624752 0.0585467146035969 0.0520134560207865 0.0506601650559118 0.050143390258151 0.0549237383980945 0.0507399501395684 0.0336967307883963 0.0497889682563892 0.0383561572687836 0.048965948110225 0.0600652462982215 0.0674716525380638 0.0676991119086809 0.0822291754037327 0.091792095115917 0.0850664193294704 0.082894943621745 0.0804007012474701 0.0745787289800007 0.0693492700062812 0.0618786558122188 0.0565813562069504 0.0537407861060533 0.0470636660102405 0.0420531176504619 0.0420144909393945 0.0306419267814235 0.0268419568566751 0.0214576609273255 0.023281548824467 0.0220154180882873 0.0263323919271543 0.0276098745357286 0.0304900141680145 0.0364321386017368 0.0377201729609143 0.0405954573606066 0.0417277637242244 0.0384459038446444 0.034708596050964
0.120981572103427 0.109345055079781 0.111410175324186 0.108310612227102 0.0955964611438669 0.0989611515409823 0.0966531817672857 0.088105604466103 0.0835365070435364 0.0763163063298411 0.0645256822896473 0.0558944744448074 0.0521520499965518 0.0507824914942756 0.0527935580133296 0.0343222569006626 0.0266604673435058 0.0320800202323811 0.040534394518748 0.0528103251286517 0.0569874378497975 0.0634567613306911 0.0690056311945747 0.0713544496700067 0.0848863801120224 0.0832936332073984 0.0904479803361551 0.0859602906956899 0.0786130763960869 0.0734848541591748 0.0665939221059577 0.0593889767178714 0.0534445935156183 0.0537967954080239 0.0398899774019678 0.0380167721304404 0.0321510708288912 0.0257920440584262 0.02686865160517 0.020358260926275 0.0191041292117361 0.0198437705602433 0.0215142992433361 0.0286479204720737 0.0295165369701336 0.0340806589892643 0.0416316567429464 0.0501084662150171 0.0386433648222712 0.0365448834496824
0.125842072060612 0.116507353732585 0.114573498350876 0.104822497566705 0.111842156721023 0.108092173959721 0.0915803454797251 0.0842480821394208 0.0834730440518832 0.0805663596666124 0.0729944796904196 0.0709267533027447 0.0576235172875395 0.0583009583348224 0.0556915789825802 0.0261125897276024 0.0230267059502565 0.00236295944907779 0.0535358816044023 0.0567568464033398 0.0587110123218854 0.0617149652215763 0.0725244558343834 0.0761020632552945 0.0798956567119108 0.0787143697617849 0.086503323508342 0.08694649477784 0.0786988041096102 0.0752869973166173 0.0748454616435848 0.067739186980932 0.0607059807815728 0.052523387538339 0.0422653102695202 0.0432862311297966 0.0323249851866215 0.0279825428904602 0.0204154334291299 0.0214861146499428 0.0128896506695801 0.0076841870194761 0.0105377094740858 0.0155925031655894 0.0234015395558137 0.0246507961639077 0.0305185547662665 0.0278843772270316 0.0264699739295222 0.0340067133438992
0.125440924731679 0.123123042029509 0.111282018838835 0.114550540777271 0.103124186473202 0.100691106486249 0.0895152751339561 0.0922418081872405 0.0902112814925652 0.0833998708173206 0.0771317473989044 0.073669269527384 0.0599499004351698 0.0487163597603615 0.0595554490811238 0.0297272477633888 0.0127953194033629 0.0272309984588022 0.0594238352897752 0.0602525322458205 0.0635382875432945 0.0605070709360407 0.0724978217930899 0.0740600318054993 0.0764855145917328 0.0853725696358155 0.0905710090881307 0.0912404498954207 0.0852519601063641 0.0820918636887292 0.0855041634421203 0.0862241889077869 0.0691648551418482 0.0603769898944759 0.0431860389622925 0.0377752087531107 0.0279066496613591 0.0221663476698652 0.0212240458448824 0.0223978207293787 0.0101958197227464 0.00505324814661905 -0.00229303733567827 0.00142668586328094 0.00392160019298401 0.00888448120332984 0.0170495996428198 0.0153392731028647 0.0209928754507892 0.0230102688528784
0.126512873210529 0.116005313926171 0.11478309927436 0.115744285508545 0.113464163467635 0.109854500325318 0.103778020868406 0.100183397583005 0.0913264273058259 0.0821372945224424 0.0807460820185822 0.0658140320160595 0.05171117743505 0.0249492442867669 0.0606908058130321 0.0426034505501044 0.0345954588055983 0.0617833885646414 0.0603836524196243 0.0574627267031217 0.060744160953912 0.0664165129947041 0.0712642785870773 0.069893171594546 0.0808225833071362 0.0872748378541129 0.0953253141375897 0.0933636714008166 0.0952069821792147 0.093680428678058 0.0925911300150263 0.0858354648199401 0.0790110577737816 0.0696833169128645 0.0585867545430332 0.0351401683215419 0.0300148866699596 0.0166407500501126 0.0240151199400029 0.0163460138046952 0.00591159969432107 0.00487479339755949 -0.00265512559796117 -0.0121757071488923 -0.0111433020887544 -0.0025526637451519 -0.0056631427214781 -0.00279645087027749 0.00394107052320193 0.0127378718464214
