data/pcas/pca_proj/PC12.asc
NCOLS 494 
NROWS 529 
XLLCORNER -117.166666666667 
YLLCORNER -55.5 
CELLSIZE 0.166666666666667 
NODATA_value -3.4e+38 
[rows 352 to 373 of 529, columns 350 to 399 of 494]
0.122315865827937 0.120039496278879 0.0878047717602156 0.100947609239447 0.0929053178176043 0.0859744364278468 0.07579511486355 0.0731878982653932 0.0677340504381626 0.0514410151879214 0.0399997695454589 0.0644104981567886 0.0123471571181137 0.0187561001919093 0.0237632798540454 0.0177504270989075 -0.00408258844932124 -0.0426974090100724 -0.0809370984796639 -0.114640987542897 -0.132778406911401 -0.140083167892821 -0.13644530971318 -0.0838988901030484 -0.0278852200486303 -0.0329948131662679 -0.0611399688282618 -0.0969149776032096 -0.116370905565283 -0.126230989382162 -0.0733961805950321 -0.0648943825110738 -0.0592231009540119 -0.0994334313752932 -0.14601099725946 -0.143802988811054 -0.120281779961759 -0.13288087201142 -0.131471517450477 -0.121544734816781 -0.0945760102152367 -0.114517586528717 -0.0830920162337759 -0.123258213863028 -0.106043049629935 -0.0972486484662311 -0.0896619449186588 -0.0564428593325121 -0.0492270786528657 -0.0615795452251825
0.120935933474433 0.107846874658494 0.0969087933958115 0.103871682878292 0.0993982247719293 0.0944671720201294 0.0771953792962066 0.0694954575557134 0.0715993638874667 0.0616230803780172 0.000360674425302998 0.00146586915604647 0.00376052216037099 0.0163529907282061 0.0225530759627825 0.0251909581248473 0.00188098831148849 -0.0339989256328299 -0.064536442578575 -0.091990391892836 -0.11108993145939 -0.127004016402888 -0.111197730943215 -0.0440479697315175 -0.000595725702460126 0.0133165246305403 -0.0152581423101822 -0.065645853436232 -0.11567929322596 -0.110233224441222 -0.0744153109290952 -0.0730527688785673 -0.0844106002792677 -0.108324864013079 -0.134603974645261 -0.147517433106939 -0.136015788979745 -0.133710922530957 -0.113038318343348 -0.108837984844909 -0.0620914715143567 -0.0491966335907914 -0.0560463637975803 -0.0640229133383589 -0.0932919735329156 -0.125508662680883 -0.125340529799252 -0.114323936795335 -0.0637906498233486 -0.0484065533712295
0.120739106985752 0.108097861680384 0.094935789893317 0.108838743944455 0.106217681734466 0.100143084439589 0.0926431913479567 0.0863996242159234 0.0873082606917868 0.0812031066666047 0.0351006682660181 0.0190275695418261 0.00980838190214437 0.019916952974525 0.0358302898658379 0.0283160513803682 0.00512825033527559 -0.0100373293551854 -0.0292356903219098 -0.071690903141992 -0.0958733247057691 -0.109787966808723 -0.101106910901806 -0.0536716008344695 -0.00463463818744097 0.044201733643437 0.00773323297481589 -0.0606095988767972 -0.120876490425727 -0.118967795867733 -0.114953144151847 -0.104987339227915 -0.107778674244475 -0.12501588483821 -0.134756940890431 -0.136874356069314 -0.123356688298729 -0.094442855289402 -0.0907585679098155 -0.0977080362051458 -0.0494084852410298 -0.0374869298427134 -0.0416887863601531 -0.0448805377206427 -0.0659341591878636 -0.0798139607094697 -0.0705357584875999 -0.0722813502153424 -0.040259935616843 -0.0236297268377403
0.108348152402665 0.0994647087774907 0.0943937105653802 0.105281525576093 0.114360454911536 0.105370299248521 0.0988030400976295 0.0999126677112937 0.10983104938329 0.10839913066802 0.075557966556986 0.0359688712087503 0.0234496439574239 0.0303998557007311 0.0362421277289855 0.0332058064669173 0.0200078327945506 -1.0518401853999e-05 -0.0336521463469875 -0.0659571734117169 -0.0944192509209497 -0.107392631396493 -0.109428213482658 -0.101275970562781 -0.0605121581964048 -0.0115470313375472 -0.0120038380424659 -0.0690469973553872 -0.128622047417137 -0.142007613212101 -0.15535247250937 -0.134791857276851 -0.132830017304324 -0.150541857596669 -0.158767010935266 -0.168263160322563 -0.155905544578422 -0.140238032597149 -0.104445942706131 -0.0979297105415919 -0.0465155964116801 -0.0312131851817313 -0.0539251005746999 -0.0537106062485108 -0.0533115442444149 -0.0696447866849435 -0.0411090224406411 -0.0346616014675087 -0.0360677256536009 -0.0246572010530475
0.0946022336875695 0.0976438931885737 0.099546631757035 0.0992086080848311 0.113535696977429 0.115456928165115 0.116714578778881 0.118254147485539 0.118022765377257 0.0951239346063303 0.074036721438992 0.0379261757964508 0.0231072267501745 0.0175065220708849 0.0110881565028273 0.0061708858441834 0.00417760761665927 -0.00943307095533431 -0.0211658127692108 -0.0568058822564749 -0.0845626550801575 -0.111884738977622 -0.144472630042996 -0.143532082074554 -0.0994210030015785 -0.0701915702629211 -0.0727982912770201 -0.101662426930881 -0.133434417306827 -0.164294806397334 -0.170946043705894 -0.177559042457982 -0.162331432264654 -0.185871179496054 -0.19566972213013 -0.204418506035959 -0.194889284160472 -0.184215008676261 -0.140619349684653 -0.10042167030837 -0.0721159564479098 -0.0645456964590276 -0.0601488819166589 -0.0648514475324846 -0.0600667063007596 -0.0470092681285174 -0.0406481429052455 -0.0272234881400095 -0.0281602897163544 -0.0387802827200542
0.0897474862693462 0.0908123544241322 0.0993309446257005 0.104664540766053 0.108931811793445 0.123058676825959 0.124254461202527 0.107779613226666 0.0873088428881497 0.0608660804417018 0.0332735002637647 0.0220856432945566 0.00914960681082488 0.00885688709035922 0.000297016078658888 -0.00488941896709681 -0.0244536756045787 -0.0358947476246902 -0.0438302915028153 -0.0498117433315248 -0.0901876126908022 -0.138666070942103 -0.152182831764409 -0.157588656557016 -0.12488387301952 -0.103303227213404 -0.103732247079383 -0.115437238207844 -0.14092969264257 -0.172992407718919 -0.177560402463394 -0.187653748837218 -0.184626083630896 -0.176724005302936 -0.164747018401519 -0.159676237848582 -0.146015152275823 -0.156375361624398 -0.147456913502262 -0.106640435939176 -0.079766045261171 -0.0846941725585094 -0.0794941483114082 -0.0776652189257124 -0.0649706009807113 -0.0588967895202078 -0.043022358950615 -0.0251369164360717 -0.018415394972696 -0.0206938148797684
0.0876039737290319 0.0939166831030612 0.0988534743472919 0.100101339877949 0.113376284820438 0.119206460043311 0.102814723469651 0.0718200855847447 0.0464515764218185 0.0206408009761165 0.0081736131561083 -0.00054266906401625 -0.00580142489522589 -0.00852136557471432 -0.00651596076972983 -0.0125352657896455 -0.0358103454814045 -0.0528420996439494 -0.0752195851482516 -0.0712418082883413 -0.0835519166538912 -0.119520531886215 -0.141896734356023 -0.149388006396944 -0.131885094854296 -0.127071292096771 -0.131600310063774 -0.132544210784622 -0.157554052404859 -0.168052585386342 -0.20486462753427 -0.19642134362022 -0.17206349201821 -0.169488573794495 -0.146239596454926 -0.137327719715109 -0.108225153000684 -0.0525310909049398 -0.107318771451948 -0.153254145068144 -0.120105474920776 -0.112032541031766 -0.113095998686462 -0.103534887198663 -0.0829165995477138 -0.072446261879263 -0.0480420913159195 -0.0540558301001643 -0.0253947751472672 -0.0301058003973465
0.0910720911837029 0.0954418933306466 0.0922942932057412 0.0949514208385049 0.0993112678328032 0.109154829452722 0.0728229055362998 0.0424105962027052 0.00679227112450064 -0.0125001850871989 -0.0153760062096578 -0.0124651338751899 -0.0217695472063264 -0.0317527535979304 -0.00987468305443027 -0.0184668333711994 -0.0454909066227421 -0.0731172356218408 -0.0820807775969276 -0.0905059882831031 -0.0803003222767276 -0.10525026386436 -0.14299044941526 -0.155903972495492 -0.140533511390543 -0.131173221104392 -0.145126085248518 -0.149842936495614 -0.16700433963722 -0.189813136691172 -0.201756874105851 -0.188262805255615 -0.168147421744922 -0.146384003294155 -0.138315026150993 -0.126202588034825 -0.0924503798301625 -0.0329452698585852 -0.0552596763135636 -0.102262235107637 -0.155520702861264 -0.186916073820476 -0.189724621031335 -0.17608925358505 -0.145663245045509 -0.120627186412435 -0.103068727970629 -0.0803259188431942 -0.0483238186985566 -0.0383905341729869
0.0955424841706842 0.0844206299726016 0.0810858647240694 0.0769915224058162 0.0917251584438691 0.107223953483845 0.0662701452514772 0.0263507248787077 -0.0123406963060252 -0.0257693444342448 -0.0218192187252295 -0.0171352415430921 -0.0245950207273724 -0.0302754164161329 -0.0230062791162449 -0.0267099295478048 -0.0616908892146134 -0.0534682703401929 -0.0567501768562797 -0.0702326373109055 -0.0891448591941679 -0.105700220497317 -0.133556535733696 -0.138793770108967 -0.136290435593826 -0.138195151247469 -0.142456870603971 -0.160885963904203 -0.186979676114527 -0.184746572064416 -0.196743504818349 -0.184833707865863 -0.142810223861582 -0.133996791281976 -0.112170002990241 -0.0801776511636087 -0.0719682584341494 -0.0621943036029308 -0.0773810084159873 -0.11950829691777 -0.173631971052844 -0.212822313528192 -0.214526217719956 -0.220211954909397 -0.21046207273614 -0.163007244028046 -0.136847608592403 -0.103033977513045 -0.0832195484257459 -0.0532964302066407
0.0789569044259945 0.0770348006096093 0.0608337462468712 0.0653208623351695 0.0756879264737844 0.0851912666652997 0.0734170923516862 0.0327030818696849 0.00122601520985887 -0.0210788519742472 -0.0271730669385118 -0.0238003341886445 -0.0264986487755998 -0.0291099178828154 -0.0309293199584385 -0.0434250141282542 -0.0635313920333186 -0.0414661915964154 -0.0436664521024434 -0.0490870661457665 -0.0684082100966502 -0.0920449144258086 -0.108720460295597 -0.118314766537628 -0.12118858657379 -0.130038823117717 -0.155147660454275 -0.17005892540541 -0.19407158024084 -0.184286285798491 -0.187053418361411 -0.176435121552132 -0.136652694416434 -0.13079322227262 -0.116885376904704 -0.095380648970495 -0.0798781067861692 -0.0764646287952182 -0.124531789612587 -0.169036267372182 -0.208871643189184 -0.245968003891154 -0.231070932227788 -0.221541654182943 -0.202380097944421 -0.193415314190076 -0.178456132502307 -0.160017937552063 -0.111806326681923 -0.0952142566421716
0.0618467732548455 0.0569712591288359 0.0450605105838682 0.0434968586869557 0.0571062129908565 0.06074073183355 0.0598132870910177 0.0560929994977008 0.0207729460996456 -0.00130505998906299 -0.0183073618714251 -0.0275198564890671 -0.0303045169665212 -0.0295214479422798 -0.0365243350099713 -0.0399376642619068 -0.0332894532620233 -0.0219248693173884 -0.0255344154260937 -0.0528618963607341 -0.0791517970013742 -0.0971582257801269 -0.103773865599227 -0.123044496333033 -0.141743044710158 -0.1548038227741 -0.166991531682684 -0.180413490892537 -0.195755207606879 -0.186055230067853 -0.187803149674524 -0.152442643923205 -0.138193356406219 -0.12446761174604 -0.118228510598385 -0.103973332526697 -0.0829370028274849 -0.111420709484496 -0.15139289508625 -0.18350853729553 -0.218027526608951 -0.243653394811902 -0.245256929731532 -0.238650506787776 -0.218630138772447 -0.20019528068673 -0.196032356291301 -0.180528547908495 -0.145645614104037 -0.122399488244389
0.0475400520325666 0.0340255040432182 0.0306111847489395 0.0309436471161404 0.0303392852049192 0.0386571626615717 0.0394284249737672 0.0413942297551427 0.0395350721659631 0.0226365280828362 0.00501491851750975 -0.0113092984426741 -0.0189397374197364 -0.0251939805475614 -0.0274219311234566 -0.0144930350325723 -0.0091087539303324 -0.0166193182781154 -0.0448024576187152 -0.0830212706604868 -0.101628029290222 -0.102255934699043 -0.103367711776102 -0.120471534065162 -0.150651975473124 -0.166449022567619 -0.17490842610547 -0.184231429894253 -0.196033156334898 -0.187661190442905 -0.160093590956969 -0.152013432132326 -0.133759906895609 -0.126573674736605 -0.124069634701866 -0.107105585531763 -0.114673840423753 -0.138620801285012 -0.170033963467373 -0.191755599425214 -0.21963753620715 -0.244129579264477 -0.253551306399853 -0.245043307820399 -0.232787147262691 -0.217992262647947 -0.19217961989368 -0.176291418845035 -0.161368129292238 -0.144593449321312
0.0199148371832967 0.0122681978700014 0.0216892669744198 0.0156568436709396 0.0255953821180319 0.0277879377188036 0.0380140822335482 0.0421448789441297 0.0440564934554122 0.0260474335443904 0.0160062565182229 0.00477604671527235 -0.0039735050429445 -0.0114338913677134 0.000452504087632039 0.00296718791223572 -0.00950973240318513 -0.0374789947029992 -0.0614497944427774 -0.0884076939575294 -0.106128311541619 -0.112068775288377 -0.102586625146385 -0.132366048409943 -0.160607144937129 -0.178014163589731 -0.158428907225876 -0.166697236633126 -0.173371261001792 -0.166983560519361 -0.156785800051069 -0.149053214820675 -0.139309930288429 -0.131871211182891 -0.130995282946137 -0.12010391816092 -0.144296661367082 -0.16613152971365 -0.190710201474078 -0.206233217326095 -0.225217563877633 -0.238575129352428 -0.243959327795965 -0.232157541043184 -0.222281082528297 -0.206067228369563 -0.188598677374273 -0.163299092709614 -0.164373370505551 -0.156367975298261
0.0187906282941141 0.0145104479897914 0.0114592648451776 0.00978792787230723 0.0143860523330461 0.0268454852678426 0.0271201965523521 0.0387835509312083 0.042501346900178 0.0466076749125692 0.0363935277728731 0.0279790532168437 0.0186656150201581 0.0110597769591834 0.0044290475336479 -0.0160425569080401 -0.0327666054431011 -0.0395729811353589 -0.0582211241718886 -0.0890190986587643 -0.105295011190304 -0.107775637066997 -0.115272460412085 -0.125506870379951 -0.142930836102613 -0.165070500090716 -0.160072839942305 -0.159448027326727 -0.164359599321183 -0.16885553071284 -0.174183874840858 -0.159733883710857 -0.153230093295661 -0.13761453640015 -0.135339457228049 -0.129248629354827 -0.15980019716061 -0.178680717204467 -0.1978757633785 -0.209532955753645 -0.222029086627284 -0.232150916267496 -0.226467502003873 -0.222489344467573 -0.212983790295535 -0.19963763340852 -0.182599593316951 -0.169453880935544 -0.150130673977044 -0.144155310760759
0.0209199461354437 0.0151401469788102 0.011648061579212 0.0154057043322731 0.0188656682792385 0.0245916539768218 0.0281219840309784 0.038327317931492 0.0357121205405132 0.0373110087646586 0.0394600291445031 0.0280680571293791 0.0201983858351914 0.0166486964922169 -0.0111294227932058 -0.0328245900898483 -0.0485742605661675 -0.0526368638576639 -0.0642504984148542 -0.0836766099992444 -0.0945181806517704 -0.0997098616395656 -0.105379448769176 -0.136976738921297 -0.15318159904008 -0.161555221609413 -0.171367792869698 -0.170678811018096 -0.17235893498681 -0.17270217812094 -0.167133210305398 -0.162840798780797 -0.162997802117723 -0.152628643287372 -0.16295230999446 -0.147186626700991 -0.165461336335446 -0.188016322025407 -0.192977455760271 -0.2024183157338 -0.213787060715486 -0.218860337513989 -0.208436150129003 -0.203934818856171 -0.195386472945485 -0.190920018519024 -0.182834705666435 -0.170531138264006 -0.15135706282684 -0.140747723317454
0.027782981454237 0.0211003265391496 0.0166104656437654 0.0205474221300134 0.0246638107061953 0.0294353403324005 0.029343917506619 0.0265472921548756 0.0323979049498656 0.0305818764343214 0.030816069840706 0.0196765603755335 0.00938265275537416 0.0070616145455297 -0.0131178821393793 -0.0291264884338997 -0.0451919490026737 -0.0613255451291989 -0.0706063984214289 -0.0789243346651951 -0.0916334029456495 -0.08908943078322 -0.0871957068082479 -0.119065093295268 -0.148059256635821 -0.1566228709972 -0.159689539295695 -0.164618168131866 -0.166551005338463 -0.161111166082796 -0.164939884713166 -0.150881990659171 -0.157953350160708 -0.151346010050683 -0.135479132173698 -0.115554238378128 -0.118369145607391 -0.150671462197008 -0.183629435764962 -0.19478203425522 -0.187923061899521 -0.173482470348218 -0.16826949970358 -0.170004980711349 -0.169236936923363 -0.177168369003303 -0.174527734245838 -0.158601494394743 -0.140083075076296 -0.130433478121752
0.0343598690197458 0.0265845393127112 0.0248983196252024 0.0291058237310537 0.0252912147560366 0.0235575235126817 0.0194998786529079 0.0240442664547316 0.020250772003631 0.021882565521203 0.0196808853090962 0.0102378016864599 0.00208942594557192 -0.00587030970417402 -0.0209337955748458 -0.034216014634329 -0.0462027673142587 -0.058100565934872 -0.0765038177610885 -0.0798037185713041 -0.0863192926967681 -0.0892715967819023 -0.0781265423315602 -0.0996753706726926 -0.130129035758729 -0.144655012419525 -0.150168205041743 -0.156900871661938 -0.150669113434126 -0.1501849229472 -0.152665914699321 -0.167697720182501 -0.158960599924074 -0.130064477429418 -0.11027622852569 -0.109128411801883 -0.11063795492227 -0.119423140017018 -0.148753230996105 -0.171544055986734 -0.143334013466071 -0.130803897692034 -0.133052737906421 -0.132554801031366 -0.139134060262448 -0.163481242069603 -0.157775790850783 -0.13459728844014 -0.118755912750408 -0.123959623094099
0.0377631297853657 0.034411100760029 0.0332634828073088 0.0235165539863441 0.0185279642251554 0.0160825582224656 0.0193913113925076 0.015370164647033 0.0132032029873154 0.0114227173105448 0.00570122017420942 0.00838825009983275 0.0035036775464269 -0.00993653941126598 -0.0210086218872017 -0.0301706277269818 -0.050442867257274 -0.0570027406949976 -0.0785172129253433 -0.0846712454251565 -0.0923084423070588 -0.0940278359822491 -0.0700777277242283 -0.0864444399926218 -0.112532073223531 -0.128011864544924 -0.143299576043971 -0.1512425361449 -0.149439963201141 -0.144162504621297 -0.132660733362426 -0.151755672462766 -0.13887609460871 -0.109603701567899 -0.105635933655219 -0.103933978135761 -0.112992692764339 -0.119594158914522 -0.12673637661876 -0.129608828104564 -0.139453052056909 -0.120152863550946 -0.0973401307633745 -0.115797041256463 -0.121616434039306 -0.125819457228265 -0.123699532810509 -0.11220784091743 -0.104018003449319 -0.0940299193345393
0.0312932419779066 0.0376310286531186 0.0377663525779152 0.0327491111377771 0.0277466962517653 0.0240091847148798 0.019845545237741 0.0220302997082349 0.0228722076966951 0.0186928338793876 0.0061345434397155 0.00117723011025954 -0.00308877802604217 -0.00887274148944753 -0.0214629309844701 -0.0284356880806007 -0.043178285968787 -0.0505860189569393 -0.0711910869778088 -0.0872042313575368 -0.0876971936216665 -0.0949741617535548 -0.0766237813893005 -0.0899356339875067 -0.118869127251686 -0.127112316212996 -0.1315174044747 -0.131530654270671 -0.139946924325119 -0.137958954519267 -0.142791858654214 -0.138291585626342 -0.108322771689219 -0.103161668937489 -0.108059067294636 -0.0999644083332394 -0.0986407448848803 -0.0997634434408853 -0.0979667017613217 -0.105714362831818 -0.125728422107506 -0.141311402282646 -0.145870373063716 -0.103170397232304 -0.10684273774727 -0.118274565362184 -0.114999466616275 -0.107378035081423 -0.0804530821815021 -0.048385860760421
0.0400902501801201 0.0382007191568479 0.0342878300661395 0.031281054702419 0.0321088444071178 0.0252514530459238 0.0244074232983563 0.0237731962109491 0.0251648905882197 0.022828478695182 0.0130482039548478 0.0014913874699335 -0.00755040587891784 -0.0207563384276502 -0.0257126837380012 -0.0344184446969805 -0.0490884907658276 -0.0586125192632975 -0.0674468285374374 -0.0775233253943799 -0.0869018649497899 -0.0959506307442007 -0.0752543850609211 -0.0900845198935239 -0.10782869240258 -0.113260536453894 -0.115022833966672 -0.129729336351876 -0.125236823464738 -0.132739339255959 -0.141349438135577 -0.130019312734274 -0.10930133681243 -0.10418254991404 -0.106754356819919 -0.102350864722365 -0.0926579992378386 -0.0808869697075921 -0.0808247742989996 -0.0850562987375716 -0.0961208480581172 -0.127282586193208 -0.137421332461967 -0.114512293074804 -0.101384794194273 -0.0928025110799231 -0.104210181865184 -0.0831505004437659 -0.0378968500776994 -0.00523503983402723
0.0290008184020496 0.0299918764031826 0.037459930762148 0.0431272367786028 0.0356487297799614 0.0293450787241005 0.027427355398661 0.0232660207566627 0.0231665708711823 0.0275128754115801 0.015118654818071 0.0108365087252395 -0.0017462962267683 -0.00605747080302721 -0.0296371979887444 -0.0467234464089475 -0.0508149682278601 -0.0582651113848093 -0.0729392637176849 -0.0873267095117176 -0.0960947193644821 -0.0841950876180662 -0.0924075370015078 -0.110607262069072 -0.0995331469123505 -0.105592694229512 -0.116286320388677 -0.117748198350165 -0.12014835221661 -0.124204079430739 -0.14084102645888 -0.125147550008467 -0.11578873700826 -0.109168114850378 -0.106354589039003 -0.100149257868797 -0.0831441874912138 -0.0649926013808369 -0.0524166513691742 -0.0502002218096614 -0.0812065128600818 -0.108073019165266 -0.122976064252627 -0.136715186107096 -0.115403498818741 -0.0985240669639729 -0.0710673896320569 -0.0539539664010183 -0.0203148871980017 0.0101093009959532
0.0194785425449087 0.0223001399801685 0.0317484787002281 0.0399632306163766 0.0290939213167816 0.0314141622630763 0.027957987378056 0.0284765444226089 0.0249183945205713 0.0261978635642324 0.0132114743573442 0.0150810842200993 -8.43079636288235e-05 -0.00948121384471584 -0.0150881604154518 -0.0277258070383024 -0.0449711889444103 -0.0562256035602094 -0.0832949574611203 -0.105964638361894 -0.0884288752141456 -0.0965625648358551 -0.114901833379467 -0.110530570971386 -0.101034705042191 -0.106782563424097 -0.112497635003212 -0.113195051905192 -0.124330832838115 -0.130047018723152 -0.136349976159326 -0.115760969795398 -0.124952769872815 -0.123385016240611 -0.108374857229966 -0.10222154768162 -0.0854200065630314 -0.0753260396753312 -0.0632484907585786 -0.0793135135718677 -0.0931513122228541 -0.110129451839705 -0.125895882096077 -0.146932332113706 -0.167540928066712 -0.125212069452398 -0.0586976265678103 -0.0281053230479516 -0.0183512768460404 -0.0102414646916845
