data/pcas/pca_proj/PC14.asc
NCOLS 494 
NROWS 529 
XLLCORNER -117.166666666667 
YLLCORNER -55.5 
CELLSIZE 0.166666666666667 
NODATA_value -3.4e+38 
[rows 374 to 395 of 529, columns 350 to 399 of 494]
0.0166674216706211 0.0221365189970195 0.0116778040706633 0.00941837469818005 0.0173408654264323 0.0308215804734088 0.0386723040156931 0.0502256552051231 0.0523268358149231 0.0641185606614289 0.0697230083403969 0.0610398383834745 0.0587592099623951 0.0489739569188094 0.0504391462503687 0.0607289989862506 0.0673630472344843 0.0826676319194855 0.0805788956788105 0.0451889033511375 0.0317697091885531 -0.01116991696633 -0.0219482416734098 -0.0212507578149689 -0.00646728194323999 -0.024715968787869 -0.0325747020790975 -0.0356610755218402 -0.0384205866800328 -0.0433703974881973 -0.0209012802895955 -0.000341842736779142 -0.0158069100208143 -0.0155551459729055 -0.0104259097643965 -0.0113744317438758 -0.00747125428306734 -0.00208747089144404 0.00894085261928084 2.36686727718635e-05 -0.00130025060801477 -0.0125604707784043 -0.0183715052943127 -0.0271220645220845 -0.0181883147905093 0.039678037527576 0.0843047865913138 0.0478241362436894 0.0437035309685462 0.0410717681593257
0.0332383844422624 0.0261363797177875 0.0189220861673994 0.0108844608378025 0.0161941690797587 0.0268770303352216 0.0330150872139221 0.0394347801322824 0.0435291189864829 0.0431806842753109 0.0444647166900475 0.0497184236166987 0.0461774100837356 0.0399720671959866 0.0411500145867435 0.033086620561722 0.0462763335963989 0.0669179117927623 0.0613714396734877 0.0473841839579836 0.0272849411340411 -0.00949558344798972 -0.00186300269872609 -0.000436499589917907 0.0160041153377158 -0.0117633453610746 -0.0194006531812551 -0.0352434917339761 -0.0497437505237488 -0.0431147882234901 -0.0346805342605021 -0.00329717584996629 -0.00959144512718339 -0.0112309069229483 -0.0149486914314371 -0.0124551747210723 -0.0137545475328671 -0.0116639615327169 -0.0173998080284975 -0.0155682911511476 -0.0139361206976715 -0.0202912267059481 -0.0240989028252051 -0.0324600857187978 0.0156165550410758 0.0579037400415066 0.0877598525706548 0.0371031427536798 0.0347598527596953 0.0229366444553966
0.0376503547937857 0.0336664988885236 0.0208262278375997 0.0195049467031038 0.0103626303947125 0.0246056767318406 0.0319420851597651 0.0315327560533547 0.0283135643718228 0.0268636400992675 0.0269056784911149 0.0414382428825299 0.0508408551544225 0.0481654474329242 0.0380456644490104 0.0278191341315236 0.021436986992156 0.0228930198554429 0.0221222965600027 0.0135612373585792 0.00544369281518001 0.00438967211775467 0.00013141803502024 0.00966302128998484 0.0188815918877298 -0.0253667362455192 -0.026956614273845 -0.0375071472966627 -0.0382845201968086 -0.033603349516068 -0.0347056219578294 0.00306424801011664 -0.00283822384127706 -0.00490170630687025 -0.0150733711652313 -0.0217600057204892 -0.00973254751578555 -0.0297643706768896 -0.032154401782367 -0.0376439423634708 -0.0360908668283175 -0.0353980633618277 -0.0284892070089729 -0.0176623722701604 0.0300822197422345 0.0566889205341288 0.075143985078985 0.0390696314455836 0.0245040588493434 0.0178133050932782
0.0357944760614805 0.031212713548701 0.0349419855795337 0.0230415450405381 0.015429054955693 0.0128415750515581 0.0211768041506243 0.0171937907680219 0.0220228452173255 0.0305664211444864 0.0389230846119651 0.0477449878424549 0.0543752830034781 0.0439537003543655 0.0411636970234014 0.0242760161739508 0.0116370845886883 -0.00925115174931075 -0.0161749235303041 -0.0286107042905291 0.00789188862688525 0.00311728653563633 0.0127703008865516 0.0161495193186982 0.0228308879567868 -0.0246610113753656 -0.0271202927100221 -0.038016378796946 -0.0212918796432427 -0.0167429358852562 -0.0326798790582104 -0.0308144303501514 0.00441630808503568 -0.00726299803542693 -0.0110145482396468 -0.0128326099408509 -0.0134980850806848 -0.0123959366550588 -0.024233143332828 -0.0307581723095875 -0.0282174883446197 -0.0262731035112259 -0.015614521024626 -0.0134019777593374 0.0230836585876684 0.0330467964024245 0.016617233980924 0.0141934913266101 0.00589634634504647 0.00111655662773009
0.0432475275820291 0.0365595301757519 0.0335629056437154 0.037862869766057 0.0163955188402877 0.0114967397564687 0.0108968956007707 0.0213646993077839 0.0399859477637007 0.0347298580890961 0.063109918262624 0.065161111203949 0.06427595172075 0.0624791310361105 0.0415817849987723 0.011808836575947 -0.002933157930084 -0.0145543504575528 -0.0244138498494885 -0.00650470922239946 0.0107825408907661 0.00511841817980633 0.0103290488859774 0.0135942378329493 0.0222685904050049 -0.0208684088952097 -0.0263731226176813 -0.0163383408331958 -0.0135955464095254 -0.0169246871806301 -0.0302866737831134 -0.0400196619823672 -0.0365445470757719 0.000909932539568135 -0.00707435370778099 -0.00815804121492179 0.000228398603640707 0.00731542246244199 -0.014860764188267 -0.023327943424117 -0.0323814391625639 -0.0245775349642574 -0.0284647376431939 -0.00154384540526742 0.0101079175922707 0.0212966568268697 -0.00808332342787486 0.00629145715079315 0.0120480989113586 -0.00565112887993882
0.047065965862293 0.0357488435587914 0.0328657184531657 0.0330602301429197 0.0316186656493671 0.0282214907974124 0.0251884048395781 0.0373639235477564 0.0525698188908286 0.0574068885456556 0.0588714981592138 0.0573881611305425 0.0573942543777429 0.0561270299885138 0.0511679441220266 0.0374395822712391 0.0137788707263142 -0.00771363658575135 -0.0150037935944657 -0.00922246646007053 0.0141791236213856 0.00601871943409365 0.00377617530626719 0.0131232863180484 0.0260074216057357 -0.0194938956354279 -0.0215207533881548 -0.0056136862476505 -0.0050099548641942 -0.0164132149829204 -0.021513355598815 -0.0228245969825494 -0.0252343505692028 -0.0333859812778603 -0.0336362164686387 -0.0322763776716636 -0.0331058305040103 -0.0125243881080633 -0.0188722143427796 -0.0261684553377617 0.00236511372661247 -0.0313930026909632 -0.0150780207174914 -0.00424960589943097 0.00550902664175498 -0.0194917196776187 -3.4e+38 -3.4e+38 -0.00755327364360973 -0.0100733157934519
0.0594853105196789 0.0462953609535019 0.0382474005183322 0.0355856826094943 0.0394375026914332 0.0348012609208473 0.0312897158345162 0.0427833719353596 0.0486417185203852 0.0510256848254859 0.0464962785748341 0.0456658944196484 0.0477240438416917 0.0480920177866138 0.0478468167663043 0.0416960871899072 0.0240620974817378 0.0118721943149109 -0.0103044005598146 -0.0231700814680859 -0.0139069983766881 -0.0061458449155181 -0.00287946037832817 0.00446837110780848 0.0188598487505189 -0.012153523020518 0.0029405784857627 0.00170874130056906 -0.0121235545152364 -0.0258648896805163 -0.0249410850224104 -0.024101022027241 -0.0276516269910023 -0.0285942382916852 -0.0332154992428194 -0.044340410356229 -0.0431097359355542 -0.0414592365940145 -0.0458743094807317 -0.0518445933838481 -0.0627318733798938 -0.0107332849570202 0.000644162618986349 -0.0400096538199934 -0.0447850769123014 -0.0272386759065126 -3.4e+38 -3.4e+38 -0.0275881746902806 -0.0169765328042132
0.0669669530895555 0.0589073249584494 0.0560124210414402 0.0536550313122992 0.0535306052793323 0.0451916160404 0.0420271187417177 0.0513495765042001 0.0482097806330956 0.0371042625255744 0.0372643618359336 0.0404701200270648 0.0401498552764298 0.0347123746500451 0.0418842831414672 0.0305299199227359 0.0296295199852513 0.0266587180175446 0.0372528761655211 0.0413622781196352 0.0375958121479321 0.0264250132201924 0.0170903535466823 0.0143387409676535 0.012484083486139 -0.0107864249534216 0.00427530235834851 -0.00860238984207393 -0.0278714300081315 -0.0284411384774339 -0.0265594663649456 -0.0313898901790462 -0.0291263340560259 -0.0293231603634511 -0.041117860325548 -0.0375719835704488 -0.04177350127566 -0.0435369930827612 -0.0448967339242888 -0.0509230325009232 -0.0568753843719129 -0.0612966762702024 -0.0581272769560718 -0.0484719908460143 -0.0430661522270044 -3.4e+38 -3.4e+38 -0.0325033188904339 -0.0262221860718776 -0.0261447485124041
0.065417007132439 0.0592365961098062 0.0603884661515663 0.0629241611944098 0.0604435561041861 0.0574349894431955 0.0595294449396132 0.0620025517078342 0.0567790860800238 0.0556807289208091 0.0423266902495623 0.0333221761344028 0.0317527468066457 0.0334370895235603 0.0291938285564291 0.0200299623556268 0.0328270314022881 0.03975264920898 0.0351678130312061 0.0557356008275247 0.0587295818905741 0.0548143914304552 0.0386069407050634 0.0440868035816984 0.0329226097141119 -0.0185755410589376 -0.00473186561202364 -0.00839390194818944 -0.0270466693709822 -0.0258545722673609 -0.0279640229303971 -0.0315454374553309 -0.0310343547982527 -0.0305383509830672 -0.0435537672450678 -0.0396212362772395 -0.0396048348357717 -0.0416005677576461 -0.045179392400518 -0.0476495497811988 -0.045803745294219 -0.0456914276963476 -0.0587991825546906 -0.0586037677562806 -0.060153884407263 -0.0439505802699145 -0.0384986055200131 -0.0356561325241153 -0.0203859938265041 -3.4e+38
0.0732574094987705 0.0602461477861987 0.0603179372103955 0.0609897962074309 0.0595792443582043 0.0595287323350075 0.0653930608444223 0.0714446068302573 0.0630985828731183 0.05784815109535 0.052628723623863 0.0456523347191333 0.04292085270455 0.0457968758914282 0.0387862806488263 0.0416628105910267 0.0378402612576543 0.0265983788285114 0.0324497638024435 0.036979280113047 0.0513266538606054 0.0595404231429067 0.0516030342301085 0.0442771531161576 0.0333026548782643 -0.0111624450981037 -0.0134520211802694 -0.0168506878865588 -0.0230694874639672 -0.0261998783508104 -0.0283771922129964 -0.023026629115736 -0.0322982204719578 -0.0369233497571212 -0.0359247337213075 -0.0331791563383382 -0.0325955388598889 -0.0356489396676539 -0.0367278191524538 -0.0406778498327925 -0.0364695594939904 -0.0360885374003958 -0.0481887257574572 -0.0529993760062855 -3.4e+38 -3.4e+38 -0.0405902259722702 -0.0403499324533385 -0.0425471855985523 -3.4e+38
0.0772055784164469 0.0719228722700366 0.0589240544431318 0.0596397628336339 0.0684461461691006 0.0724181079141342 0.0724708935953385 0.0696487081955885 0.0679508276395786 0.0609635890802143 0.0548048310886447 0.0471919193114197 0.0478902712694656 0.0521725425217378 0.0519583954865585 0.0530005680609197 0.0389085731213999 0.0363213167126128 0.0366449195626662 0.0392194595406154 0.0442120348912858 0.0459241303664348 0.0501823196886737 0.0563067954028894 0.046129271495405 -0.001705308023315 -0.0121895758288706 -0.0175517848905292 -0.0220441720596374 -0.0194429725565096 -0.019489319076072 -0.0138218481448568 -0.0190590439793354 -0.0263603923465894 -0.0263264679993722 -0.0311125626035102 -0.0303247868692222 -0.0319160437322838 -0.0317142390381966 -0.0260863862274862 -0.0310777423773611 -0.0377944287740209 -3.4e+38 -3.4e+38 -0.0462348314302431 -0.0422265809848345 -0.0438564857396925 -3.4e+38 -3.4e+38 -3.4e+38
0.0737100445946697 0.0701620475288698 0.0665715819023592 0.0595176915241012 0.0674622139485822 0.0722272362437186 0.0756462155396333 0.0695801836486016 0.0691174282233153 0.0703540414244054 0.066606488034061 0.0602041490610665 0.0610658796241067 0.063418443034933 0.062847168158502 0.0687736730221669 0.0499545099955992 0.0440066527367018 0.0359072856458066 0.0307581593514814 0.0449977609848939 0.0435126294971956 0.0437464911128657 0.0396605549299148 0.0500380356073755 -0.00719985931261795 -0.0191245015269394 -0.0211827450695809 -0.0155515298276671 -0.0187351652300859 -0.0162507887399673 -0.0080942975498516 -0.0176293243185699 -0.0199368444774472 -0.0233300166693429 -0.0272747609080461 -0.0289011620599334 -0.0289103998380716 -0.0204057342971186 -0.0200767620182161 -0.0401627720773743 -3.4e+38 -3.4e+38 -0.030022951131001 -0.0377555152361677 -0.0404543432244769 -3.4e+38 -3.4e+38 -3.4e+38 -3.4e+38
0.0709332504606507 0.0696912787395239 0.0690400460721218 0.0576354640505791 0.0495418029954412 0.0706384500723658 0.0781565451120333 0.0750187430478289 0.0744569256509659 0.0738337880325656 0.0711955509419895 0.0742006893634495 0.0640578002070074 0.0673385434286828 0.070954167652103 0.0785858512719154 0.0689026149617834 0.0491905377866213 0.0340635944112823 0.0210789770047779 0.0235995752629206 0.0275765953058304 0.0313216117297532 0.0493635722529141 0.0579933478818014 -0.00620444221275558 -0.0154537870985348 -0.0111803397955623 -0.0081455229719958 -0.0107393361862765 -0.00929563641712831 -0.0104826231255506 -0.0193671476980809 -0.0216655946869023 -0.0208346975635485 -0.0214449522720314 -0.0257831451224111 -0.0224548319009667 -0.000354069320135202 -0.0046883066214162 -0.0341781040161341 -0.0307597985867778 -0.0277931288537612 -0.0282339596459895 -0.0262341053795868 -3.4e+38 -3.4e+38 -3.4e+38 -3.4e+38 -3.4e+38
0.0785407922269232 0.0764864968940744 0.073757445596562 0.0532882353556068 0.0465907434189224 0.0638338493809383 0.0808039308692371 0.0771774082935338 0.0693125129649765 0.0707599857256274 0.0705693922874873 0.06513977559845 0.0601577003463698 0.0729364903527789 0.0782073906219652 0.0854755392912183 0.07328736320508 0.050387721762768 0.0387694052144103 0.0288767595193154 0.0265924473102575 0.0414699913861413 0.0497831865827007 0.0459765220418718 -0.0014612685919239 0.00403720390772044 -0.00279289057222164 0.00401987856726163 0.00301305864147839 0.000780314611870018 -0.0048814568201306 -0.0137853956802513 -0.00985920700027481 -0.0123169696407364 -0.0190636756084937 -0.0273205584204158 -0.0285827887423994 -0.0261434930369455 -0.0030900069011632 -0.00945776520682487 -0.0259480010412064 -0.0260325662348482 -0.0279385139253578 -3.4e+38 -3.4e+38 -3.4e+38 -3.4e+38 -3.4e+38 -3.4e+38 -3.4e+38
0.0710195856702707 0.0703704293258319 0.074168316077669 0.0613845793016272 0.0430620299417352 0.0659182469008913 0.0876280535945399 0.0865977091710018 0.0736855675671674 0.0832943383267052 0.0750141768630837 0.0650419810300522 0.0616063013387312 0.0733315168895495 0.0830186987070504 0.0867245006120792 0.0740320059431042 0.0501929388427262 0.0322486196705618 0.0310284040115365 0.0348656348502402 0.0549637042732278 -0.00358089512997133 0.0546102546455573 -0.0032422762276253 0.00939973505548269 0.0159125787765265 0.01740508348117 0.0205519281985746 0.0123053201134174 0.00756485965351535 -0.00262773689642917 -0.000585040871985667 -0.00637167007157114 -0.0179188547731253 -0.0235304036410826 -0.0315485612606961 -0.0282639853484152 -0.0252710983582538 -0.021573887837691 -0.0247646144429906 -0.0205204590006547 -3.4e+38 -3.4e+38 -3.4e+38 -3.4e+38 -3.4e+38 -3.4e+38 -3.4e+38 -3.4e+38
0.0697952632105457 0.0718078491522533 0.0863201488408131 0.0713036388419866 0.0398406447696879 0.0771207479651785 0.0861750204682869 0.0717784901484425 0.0740433092523751 0.0821599324211373 0.0760557857008207 0.0688010468216878 0.0661423383765269 0.062900776927155 0.0741853683023946 0.07272293024009 0.046110303283672 0.0358794872070924 0.019040699828937 0.0255807958558956 -0.0184492628472447 -0.0105585565595126 -0.0108084364142855 -0.00452882017662696 -0.000631032273749706 0.00596832611966117 0.021535075083203 0.0337585169072609 0.0353747652777327 0.0295346827877474 0.0103510825043437 0.0110190732145142 0.000222205909536703 -0.012137139728607 -0.0233190055541027 -0.0401768760137934 -0.0450765542990057 -0.0304660481104547 -0.0228747671062808 -0.0191087322328178 -0.0306708192483593 -3.4e+38 -3.4e+38 -3.4e+38 -3.4e+38 -3.4e+38 -3.4e+38 -3.4e+38 -3.4e+38 -3.4e+38
0.06594942038076 0.0695569503435839 0.084087361901613 0.0914859976980846 0.0609495472651669 0.0632550357432552 0.0676339669743016 0.0651244343036029 0.0576248404268739 0.0662634154626446 0.0616043259767557 0.0613505548766582 0.0649333394627096 0.0557120883983915 0.0565160662750417 0.0579345048558454 0.0497046971118223 0.0588516014047216 0.0276471288997215 -0.00348704833167954 0.0109126247582723 -0.0201186957631674 -0.0163753259215484 -0.0162382298047808 -0.00272124468267033 0.0095986265546906 0.0167555920167115 0.0861361276125346 0.0283300844821994 0.0292316918515303 0.0204916300103853 0.00487676148807611 -0.00046041288819707 -0.00806001699694025 -0.0210553301400334 -0.044456115977777 -0.0485285103456042 -0.0386297037224159 -0.0259001133297917 -0.0195803375130995 -3.4e+38 -3.4e+38 -3.4e+38 -3.4e+38 -3.4e+38 -3.4e+38 -3.4e+38 -3.4e+38 -3.4e+38 -3.4e+38
0.053499159255035 0.0714094605842671 0.0755665326687502 0.0755529919607251 0.0529236108207995 0.0365303173460378 0.0407634415518574 0.0480973966881042 0.0560111553733717 0.0521433731341617 0.0558910981071266 0.0567250130960231 0.0521478444618859 0.0539056619145449 0.033162551277258 0.0434430671497958 0.0748029133105641 0.0517866341036666 0.028593815818136 0.00617670988496287 0.000650072411300992 -0.0377186919469791 0.0191437851239897 0.0259938716146136 0.0505741621584882 0.0480409845007771 0.0645319192938634 0.0790603413363131 0.0187397034450594 0.0140562549039573 0.0147368988575423 -0.00213695436183337 -0.00859356806441821 -0.0208034279156118 -0.0350100991051032 -0.0499562005462491 -0.0638509077819065 -0.0439375516824305 -0.0382246211814381 -3.4e+38 -3.4e+38 -3.4e+38 -3.4e+38 -3.4e+38 -3.4e+38 -3.4e+38 -3.4e+38 -3.4e+38 -3.4e+38 -3.4e+38
0.0453390035963071 0.0491664788697484 0.0561569383017696 0.0493113502078416 0.0308233394031326 0.0249332385442553 0.0355018173450826 0.0520483142423315 0.0387407115596529 0.0441674018751639 0.0502201307587113 0.058820909049481 0.0534366637749887 0.0617290550747334 0.00276828780748057 0.0236110104150926 0.0613253965795491 0.047179957092165 0.0334133290732137 -0.00250980057251482 0.00252663546193793 0.000624673956596469 0.00575122022261334 0.0306491288670962 -0.0206685508409731 0.0458199145348066 0.0578166051659366 0.0610650987309745 0.00281412710412457 -0.00219075947049433 -0.00811864372796472 -0.0178706714922965 -0.0192165839664727 -0.0389665153942655 -0.0452292591703937 -0.0527350418779944 -0.0558580607181159 -0.0370947962742168 -0.0388270427273151 -3.4e+38 -3.4e+38 -3.4e+38 -3.4e+38 -3.4e+38 -3.4e+38 -3.4e+38 -3.4e+38 -3.4e+38 -3.4e+38 -3.4e+38
0.0313467746255472 0.0263735219691547 0.0295946286951878 0.0290148592343323 0.00763801876211768 0.0238440389368282 0.0323165982830381 0.037745226128838 0.0354550496174013 0.040972657337728 0.0487492543353712 0.0556177472710583 0.0618295612111748 0.0631522591930071 0.0546655596809859 0.0130398358719543 0.0156586033887865 0.0318658591320065 0.013555433005133 -0.0117179660367817 0.00299354996555907 -0.000829259812064503 0.00516768625620027 0.00907208935312212 0.0180014368979319 -0.0301103069093856 -0.0201095002234663 0.00144722905754897 -0.00532842974280165 -0.0162472150385732 -0.0303130178669425 -0.0308018458655464 -0.0339136585291259 -0.0471289071438984 -0.0341994956578089 -0.0388884372654544 -0.0503396584326025 -0.0566886626460215 -0.0501335875776152 -3.4e+38 -3.4e+38 -3.4e+38 -3.4e+38 -3.4e+38 -3.4e+38 -3.4e+38 -3.4e+38 -3.4e+38 -3.4e+38 -3.4e+38
0.027735165675076 0.0232473278609283 0.0155801040577983 0.0237389356029477 0.0137563495782038 0.015216697702958 0.0251797374940551 0.0323802407164271 0.0350129213645953 0.0389937006083357 0.0427992178386997 0.052567692018644 0.0639323400191154 0.0576646207074053 0.0528399874650385 0.0582517463654277 0.0579944229242431 0.0246584318597646 0.00731802577163156 -0.00423780930996567 0.00148325723556606 0.00476391905592358 0.00931146342198061 -0.00237054103292117 0.0128624251618245 -0.0224081120569954 0.0617855979149183 0.0703777751226371 0.00476762070697258 -0.00995208438582119 -0.0362078663975433 -0.0549338043204652 -0.0599402602082372 -0.0533532174248918 -0.0415823680061232 -0.0479297762770699 -0.0588128699058031 -0.0532564390904572 -3.4e+38 -3.4e+38 -3.4e+38 -3.4e+38 -3.4e+38 -3.4e+38 -3.4e+38 -3.4e+38 -3.4e+38 -3.4e+38 -3.4e+38 -3.4e+38
0.032609601698396 0.0322925294434837 0.0331822042433977 0.0329318025957758 0.024483280057342 0.0160165154288501 0.0103054954312257 0.0211045262882921 0.034842697883092 0.0528898997099279 0.0532090002337891 0.0571065430846777 0.0629362643824983 0.0695877312052489 0.0572910668339689 0.0653611819453529 0.0624619749212093 0.0600750766554613 0.0165334431402203 0.0126816146025245 0.00804885868038143 0.000402474921114526 -0.0019650823838344 -0.0015387471870209 -0.0465861472800659 -0.0218300424309418 0.0662741046730281 0.074012710911367 -0.00233802001802737 -0.0143978968474372 -0.0326840109019536 -0.059252755494293 -0.0496272513905923 -0.0435466225660612 -0.0375207800265213 -0.0589312531515918 -0.0457974285103573 -3.4e+38 -3.4e+38 -3.4e+38 -3.4e+38 -3.4e+38 -3.4e+38 -3.4e+38 -3.4e+38 -3.4e+38 -3.4e+38 -3.4e+38 -3.4e+38 -3.4e+38
