data/pcas/pca_proj/PC14.asc
NCOLS 494 
NROWS 529 
XLLCORNER -117.166666666667 
YLLCORNER -55.5 
CELLSIZE 0.166666666666667 
NODATA_value -3.4e+38 
[rows 220 to 241 of 529, columns 300 to 349 of 494]
0.0303470280219984 0.0288582110561845 0.0274086385647656 0.0211902223343671 0.0251595701053633 0.0236424433405736 0.0147453206382733 0.00912542337377121 -0.00326625001214297 -0.0331186606095422 -0.0753232439351792 -0.0610030308578841 -0.0623380742463498 -0.0566783192957126 -0.0417614012439046 -0.0310963271943448 -0.0181440924029683 -0.00570485336166308 -0.0016381449863823 0.0214721929777804 0.0353169274450801 0.0106249562639849 -0.00330148441224535 -0.016826527180632 -0.0191825659877469 -0.0358080206227397 -0.0313013224824683 -0.0420721971479433 -0.0358372704802962 -0.0473882576201562 -0.0424857364645164 -0.0281046822232868 -0.0270861320734521 -0.0299516494593263 -0.0378941822435006 -0.058974734682022 -0.0842090878667189 -0.091886277520979 -0.0857634212813181 -0.0767157416307224 -0.0780682877321626 -0.0871710788983542 -0.100175111724814 -0.0974674694121808 -0.0815938076437585 -0.0905777956108786 -0.117452333354191 -0.137243504963392 -0.148014937555162 -0.144045662657261
0.0362279974034255 0.0249392635997979 0.0154578558339695 0.0210955813529929 0.0109447816308741 0.0136082140555831 0.0117254772255781 -0.0123651517614122 -0.0150691342400331 -0.0454324141756719 -0.0784685686880753 -0.0707291110402847 -0.0691392061820974 -0.0549120994726942 -0.0470578674611181 -0.032376360395213 -0.0220780226693443 -0.0189458382995664 -0.00571680293609182 0.012436605956291 0.0201257905284025 0.0103247736844804 0.00743567220376682 -0.00988738336925853 -0.013977692126444 -0.0280097408949769 -0.0220778126006124 -0.031940856067563 -0.0306590476755227 -0.0452218136971553 -0.0200907743991605 0.004365715679132 -0.0474451758053471 -0.0378080166769679 -0.0333322248906291 -0.0575422424119832 -0.0681626319303824 -0.0959200601231779 -0.099439899296974 -0.0916460060965707 -0.0856938642769797 -0.104532504024734 -0.110419637449831 -0.100733765846593 -0.0823537736270781 -0.0753678597232662 -0.0956596417822887 -0.130656339037055 -0.136120701804928 -0.119953028920866
0.0452930053311762 0.0178204557136766 0.00226870769481018 0.00845186886671413 -0.000396896789366183 0.00237206457037121 -0.00384981889127651 -0.00637750959233052 -0.0196862592252719 -0.041357749172862 -0.0775652943564496 -0.0776535897770102 -0.0726915985420766 -0.0630762072179017 -0.0501137115380151 -0.0287904044926469 -0.0212627706232926 -0.0206827221489397 -0.0233136257786097 -0.00864814429526321 0.00161946259897574 -0.000399643317297757 -0.00583866507651905 -0.00808207665044904 -0.0123029814418012 -0.014312990979193 -0.0241679441042616 -0.0218464372699622 -0.0343586484998964 -0.0307531021542135 -0.0343861498549431 -0.038752273795502 -0.0528357381710343 -0.0531310514151625 -0.0550719300110636 -0.0518493133016525 -0.0586955110693221 -0.0862802857138177 -0.0907361886832088 -0.105893295011204 -0.104449550753962 -0.110263910434878 -0.113338629473768 -0.10044524512102 -0.0758120346232905 -0.0621507196402329 -0.0944862450517091 -0.1206684796382 -0.113519186892897 -0.0991280832965861
0.0385014698843105 0.00897224544399853 -0.00222170290505864 -0.0120323992621038 -0.00934059037867681 -0.0107874486940768 -0.00963241269309905 -0.00519123752386116 -0.0192243788817453 -0.041188832998251 -0.0688081355810627 -0.0752409955475622 -0.0664553633852763 -0.0543930056825605 -0.0313905681356706 -0.0293043576504428 -0.0253056030070379 -0.0317662236090882 -0.0274781389490752 0.000273471701428846 0.00319903494447149 0.00596554442238479 -0.00659254585863111 -0.012059600178948 -0.0192875084599606 -0.0165329725757314 -0.0204444219632645 -0.0258651258836244 -0.0299145687485498 -0.013971550439203 -0.0366038492464628 -0.0496523736038289 -0.0466324367302156 -0.0499966485989406 -0.0475126450882536 -0.0481233735153573 -0.0480724458748055 -0.0669683512356733 -0.0728975327323006 -0.0919394734973195 -0.105811040096027 -0.111075953960518 -0.113786813154029 -0.103102437850407 -0.0920828221692412 -0.0812961985102732 -0.0901570254830304 -0.1085816279783 -0.100896056653154 -0.0866813730155277
0.0516763077717259 -0.00187890943695192 -0.016935993453604 -0.00787176522090361 -0.0178506529732454 -0.0169457315534832 -0.00948644098076561 -0.0109728419503549 -0.0250500957276891 -0.0388885212887292 -0.0563992654506256 -0.0621588632284555 -0.0575929261175163 -0.0361356074074701 -0.0280332246534883 -0.0180497983219899 -0.00943114720144337 -0.0118942085763239 0.000225644990226019 0.0269332665025384 0.0120538610157266 0.0173382702863482 0.0080525635126754 0.0117913944705613 -0.0106247019708583 -0.0126096115135617 -0.0156216841342916 -0.00704967867164598 -0.00560950487223121 -0.00405552426634604 -0.0275052776277055 -0.0484797234655534 -0.0512825544147778 -0.0430159391392235 -0.0432269470678457 -0.0497275700023476 -0.0519601458567288 -0.055151768608366 -0.0590005509433906 -0.0665785080997524 -0.0841727333095116 -0.100994095738645 -0.111395955254465 -0.113086798174656 -0.107197633204714 -0.0935957852582843 -0.100707546848884 -0.0939187992806469 -0.0808339689548526 -0.071153389250447
0.0675766463751495 0.0309614666580305 -0.00187953462105775 -0.00593313442130408 -0.0044094682099452 -0.000415150228344821 -0.00417051438310108 -0.0184514197172498 -0.0227230518681196 -0.0360611564414725 -0.0445134501107582 -0.0518420639170796 -0.0468221228271649 -0.0370451237264113 -0.0344000754509242 -0.0215303054367997 0.00098457465355785 0.00608416333193144 0.00604781258116136 0.00652381735335849 0.0267904109582192 0.0313608510487487 0.0301160616608901 0.0122514073678813 -0.000442672097474052 -0.0185071047486008 -0.0137818569299734 -0.00847371323418999 0.0043562934569522 -0.0236811457928431 -0.0323741316198136 -0.0362833978060115 -0.0406396694789044 -0.0472205623240016 -0.0469131548203218 -0.0431283478479458 -0.0429165392333624 -0.0447251950443152 -0.050482586622076 -0.0503064190677508 -0.0505392277950069 -0.0693094684251148 -0.0890646424019824 -0.0963995385352053 -0.10899950738335 -0.0952423914592269 -0.0811467890383962 -0.0624713775129501 -0.0642592768450414 -0.0570731971144189
0.037296222605626 0.0200011012789341 -0.0118442402900725 -0.0144070569890277 0.0268036246724321 0.0467002352518088 0.0348613360519502 0.00634549350905015 -0.0249499589993361 -0.0320923318896891 -0.044018073768015 -0.0484777451514013 -0.0507377609669308 -0.033885630818649 -0.0314299402169952 -0.0147560908338791 -0.00784675537543586 0.01061705287722 0.0240697244355585 0.0220427892416014 -0.0116184038125525 0.0210860484984351 0.0401295151791668 0.0244938667106637 0.0138378913861122 -0.00631250839806756 -0.00134363724150773 -0.0527213405888042 -0.0339125058064646 -0.0349368719870775 -0.0405253995203448 -0.0380381695030996 -0.0470875380219044 -0.0458890732241401 -0.0483551677437112 -0.0381516779035773 -0.0343536214499694 -0.0386064460666838 -0.0403928858012553 -0.0275841809544906 -0.0226840210929951 -0.0370385740582538 -0.0601999169666349 -0.069360435523358 -0.0722551492285807 -0.0631956877454392 -0.053660032907515 -0.0472296709223687 -0.0483893470103343 -0.0469874356531382
0.0236333972081428 0.00407785599700869 -0.0137211184862254 0.00183115215820486 0.0295462081937244 0.0443205487298722 0.0354966491209426 0.0252962977724442 0.00947224438813538 -0.0233712697699608 -0.0362296212598364 -0.0327880265721024 -0.0403561432998107 -0.0326642171687283 -0.02030879220025 -0.0140171193251332 -0.0354784306760713 0.0111557590015545 0.0173731956024588 0.0237526365802028 0.0228804599720824 0.0288005783511307 0.022038910168368 0.0149519836797326 -0.00581296368573201 0.0186094467379006 -0.0218863651247102 -0.0335373090513858 -0.0329973194604844 -0.0441617638075075 -0.0405467109123061 -0.0411655772617217 -0.0509030906257761 -0.059750635423339 -0.0660158710762574 -0.0602456590053056 -0.0506080273954767 -0.041357033269733 -0.0362772662543351 -0.0236693477822197 -0.0104142956569193 -0.0205004667279698 -0.0350435578861929 -0.0434500546008961 -0.0537403106401603 -0.0552877449067659 -0.052460534859183 -0.0498868431794658 -0.0513816778882884 -0.0472712588795073
0.00907119650385376 -0.00992688553053119 -0.0323826346581304 -0.0129159925470995 0.000554866097561741 0.0245002219037524 0.0221497580059022 0.0145686756573745 0.00881975987039357 -0.0223506456884529 -0.0336141218714752 -0.0192045338700056 -0.0320418698299534 -0.0228105690805611 -0.0139592510492997 -0.0150254191382031 -0.010441789347762 -0.0103043501333852 0.021117977704635 -0.00028905220046239 0.0299888841050635 0.0350683131492185 0.00520890072883934 0.0238752210406088 0.0133322607586145 0.00892266545918954 -0.00652400284072161 -0.0184020672938436 -0.0367436579334515 -0.0328384911102355 -0.0332662261024336 -0.0452709708857378 -0.0485697082453342 -0.0650450586056448 -0.0720632656553632 -0.0709229385378557 -0.0635941256274354 -0.0499843900705787 -0.0419313614569512 -0.0269125021298351 -0.0207136635562162 -0.0339290585194073 -0.0398762684650575 -0.0459455918472821 -0.043193572359768 -0.0462776973912065 -0.0534638933536214 -0.0561498151949246 -0.0545987134524675 -0.0576715837473031
-0.00589594595332642 -0.0215307712455933 -0.0426445167032109 -0.0268420014719391 -0.0207120055852376 -0.00446054503286513 0.000517550039902681 0.00506711405041667 0.00208960172305993 -0.0293947909588608 -0.0309140167100427 -0.0146051440974792 -0.00828787570717826 -0.0101397298875992 -0.00494024088335572 -0.0079637727475062 -0.00263365165698034 0.0258321717668288 0.00416326751141312 0.0407756448630228 0.0370003845961163 0.0274183958409282 0.0272015880924857 0.0269867851224471 0.0308777934273804 0.022733627402758 0.00911273286988567 0.00614079111945737 -0.0028359468366889 -0.0088730978566437 -0.0267769404352532 -0.034672467001141 -0.0473974662908483 -0.061672016542466 -0.08149499503767 -0.089886754303193 -0.0830695437515589 -0.0614194095677216 -0.044708275336313 -0.0360118660143373 -0.035772828433596 -0.0323666003219846 -0.0366795929751216 -0.0404223525061624 -0.0410806236770028 -0.0442025722797774 -0.0507828402703955 -0.053149338675585 -0.0510145790913351 -0.0597146666945264
-0.0322481264870155 -0.0404657316453618 -0.0496930186286112 -0.0468647815898923 -0.0457612516617508 -0.0278861926026554 -0.0195557701567652 -0.0030643589143483 -0.0110872064151392 -0.0275272683560032 -0.0345107132453553 -0.0311573764561184 -0.0243241748854518 -0.0104765441760362 -0.0045348432657025 -0.000704764600771107 0.0154688919687177 0.0318845770219662 0.0437038399003957 0.0301505313930773 0.02687252119661 0.0175754635556161 0.00950521058621506 0.0169082608610779 0.0143831617458927 0.01191544918087 0.0207096522570035 0.0159312383442065 0.00270775917069291 0.00447816312868497 -0.00369187760422059 -0.018384573712571 -0.0352040631177 -0.0636694110895916 -0.0919051149374922 -0.0827929752534645 -0.0909090809570373 -0.0705463133518871 -0.0478798562558525 -0.0436678320488938 -0.0454048302608567 -0.0368464844318051 -0.0368291030489282 -0.0434384032353341 -0.0459369518543094 -0.0530439845061526 -0.0502086143836057 -0.0470066325427765 -0.0481294575074148 -0.0514898474025543
-0.0435559087912303 -0.0554405905821255 -0.0603308298799437 -0.0565018186477162 -0.0483068473905518 -0.045866865806219 -0.0303436193164698 -0.0183681753360679 -0.0240396885923718 -0.0229970244539712 -0.033434071673099 -0.0404903861278154 -0.0448003830408579 -0.0294581917454662 -0.00951572905784598 0.0117265831834275 0.0226537997291843 0.0381899390937793 0.0501523640006349 0.0294480493691322 0.0235230482775517 0.0120010951014255 0.0160726636837889 0.0156970191748318 0.00691061037380347 0.0148747629064598 0.0332157529116899 0.0305251508428777 0.013012147969522 0.0140384529913461 0.0051457142593649 -0.00239039743863887 -0.0241942873331481 -0.0553464844727995 -0.0813112842450866 -0.0759912437640503 -0.0771356440558935 -0.0692134264293836 -0.0567959645852918 -0.0503455220933227 -0.0445588179232878 -0.0341413382477601 -0.0306250000325482 -0.0359612344460891 -0.0434065558062568 -0.0420752222089489 -0.0395082640708041 -0.0464684463958996 -0.049595086901497 -0.0468219224071575
-0.0476201476859156 -0.0660213958991576 -0.0598212687732222 -0.0674022147424261 -0.0700703729289122 -0.0613507531695179 -0.0401893426841365 -0.0348192774129658 -0.033959715106113 -0.027813058092257 -0.0266148043792811 -0.0428616466403358 -0.0509828791965403 -0.0455052555264385 -0.0154933871208231 0.0074301114007496 0.0356572039529652 0.0406310434598406 0.0495962542761729 0.0332055852845341 0.0212933747921036 0.00939624418745528 0.00980666078099069 0.0134364516217352 0.00726015622382355 0.0167430968290032 0.0439254844829929 0.0369849034152557 0.0200192219999717 0.0212243981553003 0.0227765086087681 0.0145487213412334 -0.00158320726515105 -0.0334412798478655 -0.044244860791394 -0.0515732329491631 -0.0606545691876221 -0.062597662053583 -0.0519153951832162 -0.042107000992142 -0.0318689738869423 -0.0344974403908285 -0.0307675166352201 -0.0221724943814372 -0.0261384477411913 -0.0371432212879744 -0.0328864851807816 -0.0429704260774136 -0.0392861030501959 -0.0397820129788652
-0.0434601503152437 -0.048766086981268 -0.063614592277791 -0.0711500773088652 -0.080320416377247 -0.0624438979532462 -0.0480141882053524 -0.0362417897918875 -0.0252961153416046 -0.0253923791632448 -0.0299096734160193 -0.0331785641167597 -0.0375772992858265 -0.0444733649853625 -0.034307393483741 0.0163339592889301 0.0405795613992491 0.047222865903746 0.0234273771398039 0.04820699431968 0.0211615940615042 0.0205255427797596 0.015496930281095 0.0161888920200913 0.014388652012484 0.024802535785983 0.0275781006898437 0.0447073918642136 0.0309051062525456 0.0350566601508586 0.0335917603331564 0.0299201444022394 0.00176867739824667 -0.017655568634347 -0.0238340314416551 -0.0285376227098262 -0.0413661349167556 -0.0543334935066932 -0.0486829512261022 -0.044367031860616 -0.0317900846173818 -0.0255182260747622 -0.0279068361584756 -0.0270757527220589 -0.0253110029751561 -0.0314218562321906 -0.0417614224735548 -0.0328872580120336 -0.0313279065093153 -0.029656122624993
-0.0386448364888315 -0.0459052236503425 -0.0583242385276158 -0.0734233604713852 -0.0807428334300481 -0.0770724115638226 -0.0616845358386735 -0.0444559718480725 -0.0354012095402715 -0.0297417959953836 -0.0227556523516499 -0.0247212427180988 -0.0273555595118494 -0.0399584078106414 -0.0263923668263092 0.0198625148703398 0.054634938843898 0.0540331062253929 0.0137906550230068 0.00735573080914474 0.00459323422542255 0.00364922150393944 0.00677571762370619 0.0146212020598874 0.0257186425361498 0.0293349742691523 0.033555855078419 0.033112251690698 0.0228075848387434 0.0379756216585764 0.0325663405702933 0.0252992784851262 0.0202481072641588 0.0112781788200261 -0.00811603405696924 -0.0290435583833057 -0.0414574093125013 -0.0470737909606781 -0.0408482578944068 -0.038384762392639 -0.0284561079644887 -0.018533832846459 -0.0239982005192084 -0.0263845294332168 -0.0221316099903097 -0.0315214002430039 -0.0292817158135539 -0.0224871935203824 -0.026082088510898 -0.0231380337715631
-0.0518586870886397 -0.0571876159811716 -0.0579765159636276 -0.067132635213361 -0.0713106860409539 -0.068561858968947 -0.0598763875090968 -0.0451297659459201 -0.0404684587462449 -0.0367283747963271 -0.0310461032900776 -0.0302734598673714 -0.0374942392855605 -0.0533126218740144 -0.0272283848818611 0.0139020546017337 0.045560588985107 0.039245932881953 -0.0018700239436178 -0.00388933433799082 -0.0101892325561247 -0.00749275287191645 0.00246432787563237 0.00944051585968875 0.0221753309158996 0.0245430571078956 0.0349822656023099 0.0408484277681027 0.0353911489249617 0.0418168939389074 0.035126492260816 0.0240544117836673 0.0131869686599073 0.00908526139594208 -0.00276737115027921 -0.0152916845182053 -0.0270858877100891 -0.0298790908550749 -0.0325017311369475 -0.0378578489706362 -0.0299119667351452 -0.0196355123829502 -0.00539326455149894 -0.0117242087648619 -0.0188748044087834 -0.0218297393733987 -0.020057849175848 -0.019396289806031 -0.0150097744877632 -0.0173175208967895
-0.0570021466430595 -0.0612264598808801 -0.0568904843606983 -0.0632112782465492 -0.0679454444806154 -0.0580770659442115 -0.0414544412853005 -0.0365689156393361 -0.0271964903497765 -0.0296563255731002 -0.0313131660104816 -0.0356404163442136 -0.0367973846699702 -0.0386959098159487 -0.0294322482968775 -0.00613964036036989 0.0200487722389826 0.0217177274030162 -0.000513914032015565 -0.00632631551158761 -0.0120343614899268 -0.00864676584756307 0.00236947210478265 0.014079982536768 0.0211149442585229 0.0328717161577286 0.0389430437829486 0.0371301176737699 0.0343386216864027 0.0532790588812483 0.0348467613784852 0.0229396024097962 0.00143760160361344 -0.00482237566380561 -0.00774103397491771 -0.0146172497138463 -0.0184585391855006 -0.0210300731256648 -0.0208400260370898 -0.0190809215670559 -0.022197896655031 -0.0198056460274383 2.63263028092882e-05 -0.000912290019658025 -0.0047265056330757 -0.000930098196773851 -0.00529330555411108 -0.00944482099507472 -0.00807804752759093 -0.0117191922089062
-0.0654523059204804 -0.056208190707199 -0.0586053244572328 -0.0663804109591099 -0.0643930168812549 -0.0531163256061807 -0.0339120189557845 -0.0280384064826798 -0.0189417075813836 -0.0245645640730399 -0.0249842110125714 -0.0308608645774556 -0.0291660045567297 -0.0185289333295286 -0.0138083650465315 0.00324716496713999 0.0195467250902625 0.029597747286055 0.035452569013023 0.00465858412566021 -0.00508784724316946 -0.0152250643307035 -0.000187621987308362 0.0167282191413252 0.0236217120772551 0.0375772298396509 0.0381168796414626 0.035358789711084 0.0253302785294458 0.0241439166992772 0.0534629119842521 0.0202045058578059 2.65741614989025e-05 -0.0170168009843198 -0.0172318402907165 -0.013742412050434 -0.0182658949171242 -0.0204034008025802 -0.0157594961051007 -0.0167111095551075 -0.00950393837858922 -0.00192462986530025 0.00572105563102359 0.0167371004603627 0.0116127027946441 0.0096380196546024 0.00795266733277664 -0.000614294329755403 -0.00563785419567278 -0.00672025779121902
-0.0609426902807312 -0.0623229848283394 -0.0606306408243656 -0.0594596239924617 -0.0531117864317429 -0.0371805036291337 -0.0236371388996117 -0.0135205366373652 -0.0170402195508412 -0.0203885264134588 -0.0145625222898944 -0.0213754686503561 -0.0234260636962445 -0.0116905125924779 -0.00321901987110336 0.0167650848612036 0.0264598691063858 0.0352278718620133 0.0369658581965082 0.00854324682558249 0.000334894308727866 -0.0101968961124352 -3.35732801390245e-05 0.0218340935923674 0.0419044597012451 0.0426334405719371 0.0488113421957355 0.0445090698551914 0.0380268929533738 0.0339370985599947 0.0181940397721775 0.0329290490613321 0.0143988157566522 0.00704720914650848 -0.0194036527849648 -0.0274717911838712 -0.0157864960794267 -0.0189524005968641 -0.012616803633374 -0.0113843361130803 -0.00205205864802681 0.00757422672297032 0.0243822933238813 0.00878783711950699 0.000244906013346752 -0.00780492719786187 0.010244082642041 0.00376746339720309 -0.0014931923878223 0.00300733488402099
-0.073095965307955 -0.0749126180408932 -0.0631195220559198 -0.0576167096181921 -0.0446315445160884 -0.0254221497305483 -0.0113221999977464 -0.011029539133609 -0.00541747621519102 -0.00847601480853426 -0.0186691296001323 -0.00952369628239455 -0.0111200344259466 -0.0142747530013981 0.00393282309454515 0.0128150366471818 0.0265546873980534 0.0385301344608559 0.049758479754765 0.0437613296379184 0.00164540996693114 -0.000229463815088775 -0.00309447778849133 0.0356363867319062 0.0600133752225187 0.0613733778302885 0.0665649105481901 0.0511241302891145 0.0482715863547785 0.0407136599432643 0.0285540817230884 0.0118714658686357 0.024566496142123 0.00853521764828046 -0.00133880362620306 -0.00683109652113228 -0.0188739611958752 -0.0144871754482054 -0.0158038384767703 -0.00797700499007312 0.0123294839062161 0.0177080008097744 -0.00667111169105157 0.00952603062634041 0.000370484510294726 0.02769361344476 0.0201611515889225 -0.0136338009899224 -0.0186541346046083 -0.0166823545476817
-0.0782059658603943 -0.083632408553565 -0.0677634882978523 -0.0534608337430764 -0.040805479098513 -0.0185690216974263 -0.000102846206705972 -0.000663219057539247 0.00125515811409564 -0.00203096502735622 -0.016504524527396 -0.0122610640371574 -0.00304407643964794 -0.0106514978997204 0.00929272847011902 0.0161293460884775 0.0326814281188165 0.0400784721593863 0.0477337549447565 0.049604083648757 0.0501851472835912 0.00561241400855401 0.00471093951395433 0.04446411707863 0.0731998446511372 0.0829144489984148 0.0705808013182702 0.0611584913749245 0.0496086124978631 0.0434235225942578 0.0279956373349382 0.0176084813434385 0.0250711563680762 0.0125697727694469 -0.00042743166446225 -0.0148486539238356 -0.0109547295626128 0.000671430249090899 -0.0105828666391767 -0.0043744765046656 0.00802764645696838 -0.014468547174501 -0.00592310874452743 0.000896087895918428 -0.000540467354308391 -0.00236389077448577 -0.00475354214434366 -0.00946159557650415 -0.0124874031486622 -0.0113572563524528
-0.0909836429174394 -0.07588926903748 -0.0614066167796121 -0.0508696038620392 -0.0350934830586537 -0.0106382737733883 0.00971181437855678 0.00827997900739741 -0.000428666854844689 -0.000364464610546191 -0.0183959778853672 -0.00846358472676714 0.0136866582764472 0.00036872840964764 -0.00593377153791215 0.0188199656193377 0.0353647671706169 0.0490079788646497 0.0621960516529689 0.0602315481226927 0.0616084866244309 0.045318338216069 0.00435230306501834 0.0462346511049048 0.0951206304443605 0.0801631091839013 0.0654880411651081 0.0607796258163583 0.0508705453484167 0.0429036476258639 0.0299508211995326 0.0121377166849433 0.0265385056123741 0.012467786727578 -0.00233746821502453 -0.0155384775196635 -0.0524242164741353 -0.00270857716864893 -0.0272344176882766 -0.0209622910606106 -0.0134246889116324 -0.0196556034327245 -0.00638290108604367 -0.00547694318914604 -0.00738243948017979 -0.00234906111172234 -0.0105146142623384 -0.0110746348360705 -0.0108128013629265 -0.0122899171769587
