data/pcas/pca_proj/PC14.asc
NCOLS 494 
NROWS 529 
XLLCORNER -117.166666666667 
YLLCORNER -55.5 
CELLSIZE 0.166666666666667 
NODATA_value -3.4e+38 
[rows 264 to 285 of 529, columns 400 to 449 of 494]
-0.0375451539701166 -0.0486130937355122 -0.0571962649557415 -0.0654831193018781 -0.0717309159008429 -0.0873002357772663 -0.0962559998321236 -0.10668589295013 -0.101893241602608 -0.0975109813329715 -0.0929169155759811 -0.0899525729265646 -0.0836126160179181 -0.0746783893693397 -0.067884940426551 -0.0601662732507083 -0.0510334112669096 -0.0401358928920859 -0.0366726614481857 -0.0302777061528733 -0.0255449605303236 -0.0237864835600834 -0.0188545613838762 -0.0212458940436479 -0.0205433848536708 -0.0127266465509002 -0.0224676806176138 -0.0202647749086687 -0.012641482779515 -0.0107642681383972 -0.0139823261065631 -0.0169562949889652 -0.022426850079452 -0.0156356262751527 -0.0268985093695284 -0.0378450599194658 -0.0471181099619254 -0.0416150187302771 -0.048784839344381 -0.0477445069292371 -0.0505107308749507 -0.029401548653366 -0.0242809391942268 -0.00374262022997826 0.00334888119168587 -0.0114427382792371 -0.0551713643325161 -0.0353030429892415 -0.012291903317617 -0.0189741846684632
-0.0399452440973924 -0.040980833010962 -0.0580716549624042 -0.0644380088663006 -0.070978731914414 -0.0806548292478499 -0.0896502085326089 -0.103531231243811 -0.103579873324554 -0.100811853210621 -0.0978741063417625 -0.0894353514772613 -0.0884845991663739 -0.0751160639444411 -0.0727117223090922 -0.068111449844243 -0.059433897617152 -0.0446340570863912 -0.0393818726195355 -0.0306431989888797 -0.0268585913866907 -0.0224235665889567 -0.0177580707326387 -0.0144913475256576 -0.013642780021908 -0.0176111071743264 -0.00874369935621712 -0.0120070779722159 -0.0165381616474041 -0.0165279362687531 -0.01564605989923 -0.0121158904772471 -0.00437776161407742 -0.00345994279883222 -0.0195459046913134 -0.0249141856469583 -0.0310143676186886 -0.0384130161275079 -0.046052875309666 -0.0487355125112367 -0.0435510190733421 -0.0263391470121848 -0.023199423902813 -0.0278684012277278 -0.0312032916097456 -0.0434584341864201 -0.0596748981828693 -0.0383957003983557 -0.00819039063619812 -0.017396737808392
-0.0375766940566915 -0.0437388633906773 -0.0522556216654539 -0.0632606507348782 -0.0679733740046807 -0.0801559550727246 -0.0932425672833063 -0.0972230744977789 -0.104257042213475 -0.105906030120195 -0.102050045453587 -0.0963860138799472 -0.0914480683407909 -0.0824916663221948 -0.0789089745434417 -0.075171321295574 -0.0624698535258504 -0.051955697617612 -0.0470697761671497 -0.0330839206734174 -0.0254592279765857 -0.0163452503901276 -0.0174894478236784 -0.00833497302751094 -0.00321536282132647 -0.00869525601690776 0.00123808537156785 -0.00197423932351541 -0.016859123950134 -0.0249809399019112 -0.0182840141975684 -0.00431749319088123 -0.00412945836970207 0.00580699558711262 -0.00860350961183469 -0.0186073547148702 -0.0320501460491209 -0.0411176723695791 -0.047995345046906 -0.0463664752413408 -0.0313019432627296 -0.0114501068647339 0.00923369282456674 0.00920880504538974 -0.00715543630062549 -0.0234774370016324 -0.0410963315882505 -0.0375608030777122 -0.0133890565281255 -0.00645753953153506
-0.0328659643220406 -0.0476921895267117 -0.0545308791799617 -0.058597473834012 -0.0706673627962847 -0.0788683784793174 -0.0875672626102897 -0.0949871362319943 -0.104608294075942 -0.113126821140867 -0.10721980009901 -0.100612953253005 -0.0980145582901927 -0.0906936482763797 -0.0844820989284734 -0.0775837410411081 -0.0722495377258871 -0.0610386817579092 -0.0535085881141102 -0.037556664008352 -0.0277749169919628 -0.0160125942859023 -0.00592949272841049 -0.00167480368350433 0.00269758125364885 -0.00222675342982853 0.0131763563795212 0.00891892653204203 -0.00901210544704934 -0.0275359700621866 -0.0208365000137892 -0.0112403618577588 0.00897744773767262 0.0236383822531375 0.0107092349387495 -0.00157359746060231 -0.0287890295589647 -0.0389981369629254 -0.040892838884827 -0.0416943234212739 -0.030754844112644 -0.0139165188545386 0.0168560365313874 0.0269268962572549 0.00653058159100737 -0.0217554385755239 -0.0382804660076235 -0.0383360858173726 -0.0376520086892813 -0.00654217108759552
-0.0329035061955739 -0.0417341127025482 -0.0494291532484713 -0.0590118354055615 -0.0702858034665377 -0.0772300437613742 -0.0855833879465416 -0.0943043411880456 -0.104060306085274 -0.110295073287648 -0.112359931989149 -0.107182481713208 -0.101460589377073 -0.0980322363755508 -0.0929986362049324 -0.0875416201163009 -0.0791614300920758 -0.0622658666496058 -0.0533062265659935 -0.039860329198144 -0.0242848685231051 -0.0190306726635982 -0.00579750625482871 0.00960256419849647 -0.0489228833506596 -0.0342981049809222 0.03084070315795 0.0455869872719055 0.0366213342941866 0.000417925440106161 -0.0206878941058386 -0.0191099749502276 -0.00708330013748722 0.0250677906464347 0.0117986834217321 -0.00652304233675305 -0.0150136339958977 -0.0220739410259598 -0.0288010666532716 -0.0317968318950034 -0.0353941976538652 -0.00707440863842734 0.0018243742650927 0.0104272316496183 -0.0183120647891902 -0.0185198212360357 -0.0253677624457566 -0.0374659434150874 -0.0361555755924003 -0.0024506487504363
-0.0333995207925375 -0.0428390234673061 -0.0511590664687829 -0.0630400365646297 -0.0689285812901194 -0.0805807008900674 -0.0846999906223238 -0.0927431816438763 -0.100671639918834 -0.107506258213166 -0.116429892843989 -0.109291169396374 -0.115636285319803 -0.108869212531062 -0.100304000044133 -0.0985870821255397 -0.0968241292005964 -0.0734263382137118 -0.0608644277100833 -0.0447770380277177 -0.0256556612672176 -0.0155106483980826 -0.00198822338844557 0.0108248336698658 -0.0420943127068862 -0.0310428392367645 -0.0105471112296238 0.0123077615632864 0.0431873212980191 0.0115602739756647 -0.0121789496868884 -0.0197660868513345 -0.0115096443861646 -0.00369649393313919 -0.0223996134263747 -0.0217182388986589 -0.0109986938083202 -0.012481338554933 -0.0182476298003525 -0.0226357637598201 -0.0276694543403649 -0.0231181950740475 -0.0251839394188161 -0.0192784711643696 -0.0294833378810781 -0.0171868676941171 -0.00953642175320587 -0.0244217695873615 -0.0258997276713836 -0.0278649461621456
-0.0366879512686541 -0.0452988570711627 -0.0570712720927619 -0.0627662997568496 -0.0663506055252349 -0.0764041058808068 -0.086899163476499 -0.0902139095223284 -0.097313597120773 -0.108377178269479 -0.114998110621929 -0.115783498528225 -0.111007276940119 -0.117940077013683 -0.113312173749388 -0.107085897884265 -0.100833382660377 -0.0871880742125755 -0.0659606465975752 -0.0497930120716672 -0.0237851765932337 -0.0139325901215347 -0.00359841837213196 -0.038595997320207 -0.0411633020010875 -0.0256808838233984 -0.00430752886841187 0.00773905709986295 0.00131232411955725 -0.0285755325628241 -0.00615506085907661 -0.0185132530740826 -0.0137549439693852 -0.00862841870893638 -0.0353965802179947 -0.0385020807085921 -0.0163148622427229 -0.00639945075734776 -0.0073698124121017 -0.00364314793430008 -0.0149173909581895 -0.020257463670827 -0.0177277385207906 -0.0128275938240901 -0.00567421890098206 -0.00961097475835999 -0.00346503417610441 -0.0115606157560676 -0.0180792059268647 -0.0303451955198384
-0.0494944691893194 -0.0547882810778177 -0.0604015946883343 -0.0612282432566927 -0.0722443447417757 -0.0786762341793052 -0.0853774551490914 -0.0914090839110075 -0.096842263443045 -0.103821565751138 -0.114798084692266 -0.11670744431559 -0.111920721457339 -0.118377154004953 -0.110656234814332 -0.111273608079959 -0.110705877158984 -0.0889079465666176 -0.0675218801349916 -0.0516714080142939 -0.0285105559472077 -0.0137337096193985 -0.014072044915183 -0.0475769573391879 -0.0450849400440856 -0.036872477905941 -0.00347709935856011 0.00867478920532347 -0.00127431098697729 -0.0147104457601183 0.00146161043894146 -0.0102394710553767 -0.0165135944586374 -0.0189337539971526 -0.0304464105604206 -0.0330104227338823 -0.0211553080336931 -0.0136547530910784 -0.00385425859073059 0.00663341987931148 0.00101830539336491 -0.0100017736775389 -0.00253456640256786 0.000915637499846767 0.00392275191504032 0.00247934194163978 0.00196706427580279 0.00849408770264216 0.00416863734030151 -0.0288225019394588
-0.0447173377174713 -0.0558893379231593 -0.0595278413210382 -0.0658317631146431 -0.0714682082081964 -0.0813834023497482 -0.0859491912800344 -0.090035787726479 -0.0960311700532454 -0.107000428278132 -0.115013448990987 -0.116731328357818 -0.10984782751115 -0.117885175598995 -0.11515328483623 -0.111459389957604 -0.105935755662194 -0.0908333376063222 -0.0707524609379253 -0.0567861308602286 -0.035665864280521 -0.0303588419027881 -0.0169201280948817 -0.0532796862665213 -0.0518254609004195 -0.0337066135303506 -0.00217894537274031 0.0126435860017123 0.00289529872932138 0.0275612649859254 0.00874627508110356 -0.00248684429683089 -0.00498678801972125 -0.0157191808774816 -0.0189713448242002 -0.0169017202174614 -0.01579606380766 -0.0121506702356174 0.00239035309272592 0.00674788765747318 0.00510067096103527 0.000747544281921553 -0.001035390164732 0.00132589703364915 -0.00202872748357163 -0.00528463966997445 0.00737864685936143 0.0101102067331387 0.0167572688680261 -0.0203710660797185
-0.0512473581452363 -0.0565308675224137 -0.0622112276310741 -0.0645881909858747 -0.0735264868171366 -0.0806331458202586 -0.086954987288018 -0.0917326068493548 -0.0961658258888558 -0.105283670639137 -0.113786775996342 -0.112379825472735 -0.116319568945572 -0.121266724019481 -0.118540901311215 -0.117994173707614 -0.101343308128692 -0.0922212060865183 -0.0775191081890185 -0.0622971979796066 -0.0467237597589982 -0.0402808036766318 -0.0743340289058643 -0.059984431359259 -0.0651063678889914 -0.0397546909100495 -0.004190118805505 0.00826770227324275 0.0466495751028212 0.0358608205659156 0.0194935742880138 0.0109915070677524 0.00229269754663475 -0.00859623682544855 -0.00871266425012819 -0.0131151393803172 -0.00605942886845056 -0.00248581368315158 0.00505831683396322 0.00547702984970626 0.00326425956791291 0.0216885406353225 0.0180100507389123 -0.00307520657305111 -0.0187159285111787 -0.0117461218138304 -0.00670677600847129 0.00581296876952632 0.013112622981723 -0.00671998052253774
-0.05643328834668 -0.0665518219046707 -0.0692025239671114 -0.0729491674451124 -0.081853754284853 -0.0832337182921287 -0.0885447459431108 -0.0936086688434261 -0.0968883710547232 -0.106427434687849 -0.110249576196567 -0.11261612332802 -0.11948079464493 -0.12106933216066 -0.116236334303268 -0.117788713862786 -0.108262162724523 -0.0968046208388551 -0.0854019323589455 -0.0714859223616827 -0.0554270499177361 -0.0467334395172066 -0.0361396684372885 -0.0731647660888866 -0.0790246844265254 0.00238476590831384 0.0261847112492869 0.0436503649650098 0.0451118849893388 0.0399020532164668 0.0306221637653651 0.0177185942809516 0.00807561898647155 -0.00130793775414805 0.00288358941962344 0.00907061205932667 0.00701906550783762 0.00786492019041776 0.00633311061251759 -0.0101594142096172 -0.00393296858766676 0.0281078926711139 0.0454088388592051 0.0048158729651376 -0.0245949941674811 -0.0143394694452207 -0.0074962051160693 -0.00477304010361084 -0.00308307991459999 -0.00407689698859687
-0.063275671066693 -0.0648024731188421 -0.0726653351650849 -0.0803430410622796 -0.0853134925836638 -0.0928139547865983 -0.096563045688021 -0.102829606847914 -0.101386787593904 -0.109813959038742 -0.111392741456688 -0.112023899319657 -0.118373609326442 -0.122162422889734 -0.113106446081055 -0.114312972729142 -0.116597284583017 -0.101604508733116 -0.0856641985690364 -0.0811077061453371 -0.0622373856707573 -0.0463444477307864 -0.0359347651575919 -0.0216360499480037 -0.0701268856518061 0.00388424353834946 0.0232914330012084 0.0407552157407698 0.0497762411081558 0.0428039591195902 0.0430726622081323 0.0302758695502765 0.0165586654086016 0.00697113165957335 0.00434587220945296 0.0236116850839519 0.0234605242456679 0.0152119962412264 -0.0010709273979357 -0.0219648628797055 0.000852512353193237 0.0310906648970817 0.0454846286542347 0.0141145006926196 -0.0156173351418925 -0.0140282137295093 -0.0101796439285748 -0.00748259179311105 -0.0132884067358854 -0.0245816501049454
-0.0673136748518825 -0.0706655543209894 -0.0780715586415487 -0.0871058579387401 -0.090938422116607 -0.0935642965707731 -0.0996347361194139 -0.105020350572005 -0.109073541107091 -0.111644803873806 -0.111320519943024 -0.113573949730119 -0.119454493953371 -0.120140250576559 -0.114961628092387 -0.11151527079083 -0.101180767638682 -0.0940774288186494 -0.102319508445444 -0.0869347875143458 -0.0673505098586012 -0.0677266300858215 -0.0525982306041195 -0.0319482538356093 -0.0263773266953132 -0.0269682495361016 0.0348051302322108 0.0386130907614188 0.0515758475154853 0.0560233334072624 0.0535299355152116 0.0412005378780209 0.0298427501215732 0.00919542834505027 -0.00125548160894157 0.00758602791583111 0.0170312960002133 0.00207761752473409 -0.00297846133313818 -0.00643941473731643 0.0103554962032046 0.0351118515141244 0.0408697292236004 0.00996182069503699 -0.0104518248892765 -0.00788268488166042 -0.00731942489091301 -0.00680783561006296 0.00126486414419617 -0.00724092221176523
-0.0715619500806507 -0.0801956564743326 -0.0839410097798786 -0.0867200485577162 -0.0922057145664695 -0.0939475910473597 -0.100068405556196 -0.105299602049831 -0.112623016842617 -0.110704336886328 -0.109718531074118 -0.113011993998618 -0.115308471557625 -0.112957587246438 -0.112074053530908 -0.108102426114222 -0.0993933160633208 -0.083611014156322 -0.0933065088203013 -0.0992548298278209 -0.0898494500229489 -0.078403099793848 -0.0652433703133507 -0.0556662415229921 -0.0543460441459545 0.00292868745089647 0.055771458034607 0.0572689374334937 0.0636635459631472 0.0714228272538159 0.0754388920653996 0.0603464092598961 0.0378257396866053 0.0153759063239867 -0.000290887140051562 -0.000138141041259626 0.0109218979436885 0.00880728617945171 0.00535139689562161 0.000372320375550394 -0.00258031619870465 0.0122035764268167 0.0263966741893814 -0.0134864042103193 -0.0228666952762928 -0.0100526251367983 -0.00780147604108325 0.00136482719932911 0.0114673231815486 0.0261402676835522
-0.0808042754196002 -0.0797586644015158 -0.0855556704828122 -0.0899186594236144 -0.0931361027533639 -0.102261290653202 -0.10217665612656 -0.104023702443758 -0.10868579117838 -0.107738397400779 -0.109725756058413 -0.113292382731396 -0.110435852010143 -0.107112188197061 -0.109247998753844 -0.103917270538971 -0.104681088208809 -0.104236927997994 -0.0900709066450917 -0.0907270166946702 -0.0857616554677314 -0.083157920189589 -0.0785841935276732 -0.0765659188644871 -0.0473157396356437 0.0275591108952559 0.0744139479213329 0.0705923281893314 0.0750216090031175 0.0812967422389609 0.0850769700796278 0.0705982589155218 0.0446564524021235 0.0247856964262135 0.00175344279247976 -0.00159302281132473 0.00732377570089978 0.0053083781912241 -0.00344574146631325 -0.0136546451479379 -0.0265467862673672 -0.0284998582325445 -0.0234763130575357 -0.0323925207793139 -0.0307874248490378 -0.0187625678085099 0.0154644220265189 0.0357065830937273 0.0603052494709034 0.0459897216942523
-0.0764366074902271 -0.0801014338538024 -0.0836143178559966 -0.0912871015224368 -0.0906351791873266 -0.0982295062397303 -0.100945597062801 -0.103091529826199 -0.108414053282306 -0.110341946109295 -0.114712033604935 -0.115208142660932 -0.118557678232662 -0.111259561815488 -0.114230421628255 -0.11638371848176 -0.113740222124463 -0.0981363506196953 -0.0787226767612692 -0.081005149141001 -0.0684588043055475 -0.0952502573856049 -0.0927247228792634 -0.0734267983440814 -0.0319081705776105 0.0267017642792517 0.0562186966823241 0.0606037119651171 0.0708916709354388 0.0823254534529073 0.0780108256696377 0.0653106568500044 0.0433822701966043 0.0201437692960398 0.0124508056923367 0.00650894525981035 0.0134559547470085 0.0148259463881552 -0.000884346801405898 -0.022963016080523 -0.0401801353400191 -0.03696773600177 -0.0423943017350724 -0.0330363218090184 -0.0381011409101536 -0.0246939879514953 0.00975040647316067 0.034630519929041 0.0594932939963753 0.0555822706959983
-0.0790097866683232 -0.0789122232502691 -0.0840563641253802 -0.0908919339416199 -0.0958028397566503 -0.104094041944951 -0.106644607199482 -0.106211196282453 -0.11211122428988 -0.111090983876328 -0.120085349511696 -0.126360326762627 -0.120321043281329 -0.125810748639127 -0.117883574798069 -0.111180815851265 -0.102369591319963 -0.089540304568449 -0.085489920573692 -0.0979642020610354 -0.105396220069707 -0.105700924470127 -0.0971384649435126 -0.0758145325687277 -0.0349906861899181 0.00726148908990573 0.0349022426423004 0.0422744979037023 0.0614093989736426 0.0672807062276994 0.0667056186809113 0.0577441662384908 0.042183080460011 0.0290785751243037 0.0111606227043034 0.0172476426349152 0.0204601847793578 0.017717490090947 0.00659034945505162 -0.0216743569799523 -0.0448091080304317 -0.0558830709182637 -0.0434113600832888 -0.0280571949439548 -0.0409515760354774 -0.00186526231073507 -0.0088635105726795 0.0209360066094806 0.0365629197256981 0.0368972336834795
-0.0768101852628431 -0.0815128158490454 -0.0818748028955098 -0.0953664058122415 -0.102730670187369 -0.10895535653342 -0.114116360766766 -0.111295088944201 -0.120022466436878 -0.123044089334492 -0.120762828966759 -0.119471183755233 -0.111746109196133 -0.127110432902603 -0.114661108240875 -0.10999240984465 -0.102496464484163 -0.0963971421651582 -0.0907302868252668 -0.107990134150802 -0.106282688833594 -0.106606461117589 -0.0989059462991098 -0.0797089017771761 -0.0467340868783357 -0.025276493654908 0.00877637245139542 0.0311065902580317 0.040038800098807 0.0507740873740219 0.0561203070122292 0.0532153176351226 0.0404219662657556 0.0305558992490369 0.0225039916589967 0.0195172981027064 0.0167479219038914 0.0177250504578306 0.00821648585703053 -0.0165048347484154 -0.0338509161871644 -0.0320094773501875 -0.0290356364848538 -0.0239400142919807 0.00191655853776613 -0.00354224965605241 -0.000921023854370883 0.0252605546031636 0.0255717216886482 0.0335601977148985
-0.078939819086442 -0.0865193589539695 -0.0906846075017696 -0.0994304716846903 -0.109452640272349 -0.114502578494146 -0.11694532530287 -0.113698716311026 -0.121156729288938 -0.118033318206878 -0.113825125202418 -0.116309066718012 -0.122203328192258 -0.121227423592255 -0.115720549084231 -0.111405383992061 -0.10784095226496 -0.0987123464841652 -0.0968077509208669 -0.110330721847154 -0.111592986544841 -0.109694901596634 -0.0956125139521453 -0.0682273181928297 -0.0710726968000928 -0.0385239330911888 -0.0109927607524185 0.0145584849733558 0.0300386968776842 0.0385311440819401 0.0402655199092819 0.0353464479136847 0.0391403033901979 0.0339055761199711 0.0247418927997471 0.0215195428828826 0.0206450921202307 0.0194800090923647 0.00542679502607633 -0.0070868944777013 -0.00631294361366302 -0.0005145533905161 -0.00549121761649779 -0.0066324813506166 0.0263601521091627 0.0279547238088389 0.0258471264113194 0.0318525980139909 0.0241779778561007 0.0265132325984817
-0.0875162470993307 -0.0915230143592026 -0.0938339371237851 -0.101890559614581 -0.11009554478098 -0.117041314351962 -0.11356353536586 -0.114807732527412 -0.112978842606851 -0.111557051480343 -0.112176697923904 -0.118884670787722 -0.124517452891519 -0.125283833383099 -0.117252764022688 -0.109570296179603 -0.106324799563153 -0.102063018590331 -0.0962287734975992 -0.118976316108232 -0.122475439800644 -0.110401260342657 -0.0954127514864809 -0.0734429210605472 -0.0600030427282911 -0.0421830826012062 -0.0170094162257718 0.00745694887794388 0.016708514148561 0.0258634792810412 0.0284638295612952 0.0342355744407875 0.0354601222602289 0.0261977553586311 0.0263241760378337 0.02738724816095 0.0229333132543092 0.0180233622868812 0.00125350062417708 -0.00781830448035383 0.00976722793470557 0.0138849816003583 0.0132498584327844 0.0104469464084751 0.0094853873401157 0.0359535973006282 0.0328617333610066 0.0231762058993932 0.0134274660523464 0.012169255159022
-0.0890831289837921 -0.0940760003093651 -0.0993080812338299 -0.110559426668399 -0.109310023280555 -0.11119753512377 -0.114660643523818 -0.115754254035266 -0.112235442030374 -0.104105315841416 -0.106719920144371 -0.12007752416657 -0.123655564052016 -0.119104605880669 -0.119063727535346 -0.112468986254579 -0.111644445743454 -0.102071464921221 -0.105585360103809 -0.110423395493184 -0.107021301927731 -0.101962855339201 -0.0894479081589135 -0.0693765229744878 -0.0530207477721068 -0.0440899654524828 -0.0232053447178487 -0.000179610627281032 0.00740096132324433 0.0165702180362972 0.0229882922603708 0.0212759380823962 0.0268375180285883 0.0227916405862858 0.0203640391994497 0.0223089373838968 0.0226002460940911 0.0200519019108061 0.00339063636905543 -0.000306038536092214 0.0112302630913834 0.014542141064418 0.0132471822528482 0.0122863203117099 0.00954935374954568 0.03975863433154 0.0283973689948516 0.0127200838950336 -0.0159643346207607 -0.0210088826554911
-0.0926265722612432 -0.1000932115428 -0.106570029921783 -0.112477721734042 -0.12020217666513 -0.118796924703616 -0.116781915094569 -0.116377016749033 -0.09993986442754 -0.103441593457471 -0.115510868308811 -0.112119804269474 -0.116234054896319 -0.121024898550686 -0.121553206730752 -0.120892630348386 -0.112622692615989 -0.105350024498893 -0.104975988475805 -0.108786794572458 -0.103748680847994 -0.0895499750263813 -0.0816145528080194 -0.0692714567722497 -0.0479167982268204 -0.0418548862041103 -0.021528251049813 -0.00696074353303754 0.00685698840776235 0.00132251125501895 0.00652057175697785 0.0146989408680389 0.0146122564290311 0.0153284956674573 0.0156785916888108 0.018778562392927 0.0297524025855939 0.0341892269513086 0.0239019897793703 0.0253256502395614 0.0256396053077949 0.01973002007405 0.0145037317594999 0.00883933381177588 0.0450944974362691 0.0443143325649721 0.0362973284343348 -0.00109944654752484 -0.0214463024825798 -0.0322863084737676
