data/pcas/pca_proj/PC14.asc
NCOLS 494 
NROWS 529 
XLLCORNER -117.166666666667 
YLLCORNER -55.5 
CELLSIZE 0.166666666666667 
NODATA_value -3.4e+38 
[rows 0 to 21 of 529, columns 150 to 199 of 494]
-0.155981037994977 -0.191058895802054 -0.233542386362952 -0.201951666299644 -0.204939145513342 -0.228587316690634 -0.221909716906239 -0.215731063293115 -0.191350497347052 -0.139885420532552 -0.149078836714714 -0.16212476321385 -0.184322508867116 -0.196041496499937 -0.231786358652998 -0.230508172526597 -0.22479688536762 -0.195494523634604 -0.194662076899419 -0.19199833510982 -0.183010483197551 -0.178110102975222 -0.179767233024872 -0.196059456649655 -0.198340857825517 -0.185979793149135 -0.174006185092309 -0.162909950559863 -0.137158119773952 -0.119179852401313 -0.0946028328045154 -0.0844539776525313 -0.0715182328611739 -0.0658687221035609 -0.0587610079818711 -0.0549424123638773 -0.0476613715954958 -0.0584268755244939 -0.0718489753132496 -0.0808947015209539 -0.0842436102124375 -0.0871274501741068 -0.0928948405624956 -0.0998740311440927 -0.107364560489283 -0.122271881824933 -0.137071764702162 -0.1538977163665 -0.170477903374355 -0.176096641322249
-0.1437673321748 -0.174799318601689 -0.191413073275149 -0.203619205381284 -0.209127038266928 -0.224288911971939 -0.216714574404908 -0.202716062184777 -0.189988448400587 -0.189551117222797 -0.163304109971059 -0.188097307733527 -0.199558853837591 -0.191669654400125 -0.236607984566266 -0.221063168150973 -0.205013330200346 -0.188738424063419 -0.172656664020806 -0.176605865902417 -0.18106934110667 -0.198391191310656 -0.191075115091431 -0.189370456629615 -0.176133415632261 -0.162625594103036 -0.142115295164002 -0.120045743863523 -0.113124717646646 -0.0981807913850784 -0.0799360351439821 -0.0680378412364197 -0.0626416202945572 -0.0597670796196341 -0.0561211686507433 -0.0513216990870735 -0.0512204553716261 -0.0536293633935992 -0.057845487588732 -0.0655987679852911 -0.0636669885719148 -0.0652829014648319 -0.0758660338351324 -0.0856634424222622 -0.0962060895138932 -0.113032575937189 -0.129154078380522 -0.146555014976557 -0.164046986835547 -0.167529009000072
-0.205521412395575 -0.17391528211806 -0.197388868583908 -0.172218466804343 -0.199842188190428 -0.207497603444673 -0.211517458221478 -0.207079909957567 -0.199527224906649 -0.198586393520782 -0.167155778747587 -0.190403807266421 -0.183428462559892 -0.214561263451264 -0.221471681494754 -0.219600287668883 -0.196171485768154 -0.181617939759787 -0.155322102566625 -0.14901916984709 -0.171838036399291 -0.182358476284401 -0.185204509228269 -0.175585240453768 -0.155632078239825 -0.133092992496024 -0.108756733384201 -0.0951985696406209 -0.0920963539951727 -0.078114468265715 -0.0552574179023599 -0.0390440894278266 -0.0428908960614082 -0.0428116034909929 -0.0423645749976185 -0.0381928343415416 -0.0457749899675917 -0.0512690971960323 -0.0596975165081794 -0.0544050009431128 -0.0524532985512689 -0.0657488985642786 -0.0662034874403191 -0.0755314655976518 -0.0826141036487588 -0.100895563861443 -0.113732792291082 -0.13103602195202 -0.13890954218308 -0.144480895457466
-0.194360304013827 -0.216026461216953 -0.19795603573212 -0.184916960906002 -0.204050738363557 -0.170835828876632 -0.210414998432108 -0.169890615533767 -0.209776909076447 -0.218749179287219 -0.226706181706962 -0.228023257684167 -0.166886566576524 -0.170284325387841 -0.182211265486528 -0.184341186611465 -0.190839086393614 -0.17353836243091 -0.140305742721592 -0.148304747439744 -0.136156175930188 -0.158162235323201 -0.166559807602981 -0.151438106707271 -0.129151866774271 -0.106777257918361 -0.0759692733094421 -0.0746091227842138 -0.0712189071422 -0.0552778885851659 -0.0312527784518827 -0.0229126838401399 -0.0215498120199677 -0.0134373432021738 -0.0183696839341815 -0.0235405458617503 -0.0435036208116805 -0.0582169788312806 -0.0617131206447352 -0.0485707472969167 -0.0519716097364046 -0.0643241488451913 -0.0689388075312558 -0.0673864173588694 -0.0767551743258542 -0.101006229496758 -0.111380206732792 -0.112741640699564 -0.121233554450597 -0.11607736726557
-0.192173255574526 -0.20629013094296 -0.246838692128142 -0.233082784933002 -0.220221081990104 -0.201946160823799 -0.218490560500034 -0.188425669317457 -0.227322979365113 -0.234404742461674 -0.246390223498955 -0.224785670897292 -0.201106589054289 -0.161877860082171 -0.164925143497498 -0.173095179586404 -0.175422388652135 -0.18089874842223 -0.150564676670567 -0.134329764934292 -0.1232064399927 -0.128934932559931 -0.133147068297926 -0.12219877859241 -0.105995554716784 -0.0822377941089442 -0.0528731907585444 -0.0536453526130719 -0.0564342767909966 -0.0335000716855333 -0.0312553337912109 -0.0149110978113753 -0.000844553895746654 0.00567594709198725 0.00278094750122435 -0.0195297764701994 -0.0517420035558604 -0.0672914812902961 -0.0692735829752625 -0.0576065254595296 -0.0536272693783998 -0.0550759413062098 -0.0587186391764519 -0.0736442770020901 -0.0827544287688723 -0.098376578655905 -0.11662055210109 -0.111677930352006 -0.109250227771095 -0.0904301162395687
-0.181431076271964 -0.207972820569208 -0.239539973317826 -0.251833576938391 -0.231204384068863 -0.209175982234509 -0.224229412759967 -0.236406834691548 -0.23718456426669 -0.231768838552714 -0.228423394558272 -0.210442424911159 -0.154291461087971 -0.166883053452213 -0.164157827372524 -0.15656865562463 -0.173996835819435 -0.171262565485813 -0.14878632388089 -0.129840364480857 -0.119707151125368 -0.114557173641358 -0.109187657901795 -0.0995546365801501 -0.0880824763524373 -0.0699039415657447 -0.0528510996139767 -0.0441171866974216 -0.0320030248074479 -0.0318500950544645 -0.0181916723275858 -0.00871214603578851 0.00211552606973283 0.00186184898348475 -0.011474483804127 -0.0341904329155157 -0.0624511405767626 -0.081762137159744 -0.0720944090671375 -0.0759421379633353 -0.0754416546843305 -0.0722734105062737 -0.0686757429226098 -0.0808594082690704 -0.100895480599686 -0.116770408143327 -0.127907582890129 -0.108848868696838 -0.0993531635544818 -0.0935746282043248
-0.187493563779723 -0.217174559173543 -0.242229278363725 -0.256722349558922 -0.250186848103486 -0.238898926747733 -0.234928100239236 -0.209226579883539 -0.20278783511989 -0.194787979450385 -0.198480436541645 -0.197723486374017 -0.155452910366672 -0.182567406567986 -0.17701548460588 -0.174300718284088 -0.165453572605783 -0.150805614845897 -0.126982746993675 -0.101930337614007 -0.0877434821425023 -0.0833324657920205 -0.0812870584452377 -0.0732182933220895 -0.072285637096495 -0.053431615119608 -0.0519183826108085 -0.0469009704758716 -0.0391698274496218 -0.020151542354106 -0.00711162447220804 1.02714188027885e-05 0.00109496759584905 -0.00937164951420768 -0.0271869721879021 -0.0597799968488988 -0.0910777752226761 -0.108561350679184 -0.0941877730850197 -0.0938054870568407 -0.0925921949417763 -0.0959807628908488 -0.0891726642222276 -0.105854838872127 -0.115209822499437 -0.106958667454819 -0.106252868944318 -0.0948051433564324 -0.0899924415191913 -0.0931652310282791
-0.204032545111496 -0.223810175694127 -0.255090223326841 -0.270451618921661 -0.265286290946928 -0.2299063605848 -0.196473028451627 -0.163066656228423 -0.143924890972795 -0.147374667912089 -0.156560561196925 -0.161205776164689 -0.168475278559719 -0.171580351165519 -0.170750951530835 -0.161289885739064 -0.158255163818138 -0.143247009076987 -0.105887124723224 -0.0607557399684453 -0.0339159884394502 -0.0350223115828047 -0.0498363241719137 -0.0546254245831487 -0.0554883262378692 -0.0500965322853094 -0.0434032766727648 -0.0391570397703675 -0.0348067410915294 -0.0183687804714608 -0.00325177745650962 0.00525078284940498 -0.00786350032440434 -0.0207867981914151 -0.0478723554541826 -0.0841328454418984 -0.129118602790392 -0.158320304730514 -0.158295357916312 -0.132317225556357 -0.0840326719655314 -0.114594664865042 -0.130888746771875 -0.136617261031495 -0.115228273987531 -0.111256579739933 -0.0962184113064324 -0.0880621093967633 -0.0765960167416088 -0.0795766987319068
-0.211323343263578 -0.233652237177132 -0.248566516930194 -0.240614282580765 -0.220186424390756 -0.187474047429131 -0.149418325397039 -0.106232761923616 -0.100713968022743 -0.116445458462442 -0.132354205108835 -0.150900136802032 -0.149852443139416 -0.153003138046446 -0.157333179384114 -0.162437707344359 -0.158182974968312 -0.123083591766158 -0.0881937901044319 -0.0349153598829434 -0.0185480519145812 -0.0193792955767836 -0.0244214545619078 -0.0242202411291197 -0.028362408230126 -0.0177378250066833 -0.0224157196130916 -0.0263835200201009 -0.0261188919709188 -0.0131583579052517 0.0058768190282664 0.00779513017136785 0.000325760749301684 -0.0242308778462363 -0.0545576012093962 -0.093387667894222 -0.138914697765457 -0.139607006767971 -0.0706232347426007 -0.0224765528363509 -0.000927850786084406 -0.106016073580487 -0.13401408206162 -0.126257238469274 -0.100194172606533 -0.104921173836882 -0.0931078871744361 -0.0747774071966738 0.0222857119958666 0.012732551601757
-0.218709623056731 -0.231831325792437 -0.20507620154762 -0.204494112799615 -0.183371495804281 -0.154037725518823 -0.129918363282531 -0.101520689000419 -0.102872909391222 -0.101062666967822 -0.109858231338204 -0.135443978359948 -0.136056359513808 -0.137430636673737 -0.142937546822754 -0.144113383213497 -0.139048787637074 -0.11130985151561 -0.0729275842517538 -0.0309075404664097 -0.0142924052621381 -0.00981190422769509 -0.00809163309251603 -0.00244954818341186 0.00332099095145036 0.105300340244443 0.0998681379943759 0.0797162159259087 0.0716438756324149 0.0691576442210151 0.0662501557984143 0.0651701588020666 0.061479196045587 0.046125027336776 0.0262867187126397 -0.0118204053549975 -0.0521855539725023 -0.0630389397006144 -0.0110821328017552 -0.0300466013295336 -0.0236520339787543 -0.00577352332623715 -0.0917402309035168 -0.0925414037318722 -0.0859554325369912 -0.0982969547874026 -0.0862373977000629 0.0111557778922491 0.0193707609167783 0.0265613483994167
-0.241909785681856 -0.229395945467756 -0.195915147700736 -0.182484162544896 -0.183139295829294 -0.172586870914864 -0.16749489332545 -0.157808271614165 -0.128355919169599 -0.112602997310267 -0.083929248744613 -0.0731376234862962 -0.0944993310074872 -0.101338851370367 -0.109666752178886 -0.127338444479698 -0.113429032529057 -0.0780798073176397 -0.0360113405334602 0.0723157465218709 0.0764200654138446 0.0733194045286261 0.0559424892138206 0.0600364129323203 0.0730754644474532 0.103392099290698 0.0970885107123254 0.0679658609359523 0.0369077282708908 0.0201469477141034 0.021753544758095 0.0183877596355326 0.0192600461836968 0.00987277739413414 -0.000760978692984736 -0.0152587010647398 -0.0369753200300382 -0.0638570837750325 -0.0609334585300553 -0.0312600971767868 -0.0168572490161695 0.000793126809862622 0.00465659219348703 -0.00702999714544513 -0.0319856023716209 -0.0394171691655632 -0.0124349793559822 0.00890039232222605 0.0280159798222533 0.0429027694572945
-0.255824826858399 -0.231389395899312 -0.194543687708333 -0.195560548211391 -0.19073610031715 -0.191200980242771 -0.187990815889359 -0.168979690458032 -0.136815253900396 -0.131452152956334 -0.114652055006221 -0.0569003603393935 -0.0425769148295479 -0.0596317140427456 -0.0602377751434854 -0.0793802430201457 -0.0588982863649834 0.0553830498566979 0.0580727048293537 0.0560793155874574 0.0455721952264997 0.0317002224238736 0.0273679059187365 0.0303061541473788 0.0319623377335236 0.0460944763796991 0.0414349676955284 0.0188712838880432 -0.0109636740680953 -0.0282572997561938 -0.0371671216266681 -0.0244888639753955 -0.0212158903148748 -0.0211713090155254 -0.0153529677976516 -0.0250769632436456 -0.0260348612817933 -0.0332891558095124 -0.0376533912792388 -0.0285409720292935 -0.00760558974465182 -0.00973607916434354 -0.0257240466469256 -0.0348207795882537 -0.0598513850978552 -0.0733209046428108 -0.0398990880866823 -0.00909185529912873 0.0155052023704114 0.020151658533296
-0.226968433296339 -0.207659698246009 -0.188377489942199 -0.194565656186584 -0.192706576919971 -0.173591042421775 -0.163243571215308 -0.117206096899525 0.00491486334605158 -0.0670444290143951 -0.0677704289358393 -0.047430584951116 -0.0451501423876711 -0.0363451387554846 -0.0217662996258389 -0.0176863541469814 0.0596164121240497 0.042302511153968 0.0248616746396152 0.00161663422709281 -0.0137017153042823 -0.00512994433824984 -0.0243385905008924 -0.0308528799085747 -0.0141700518328908 -0.0103864027214565 -0.0189286491111296 -0.0396918055341327 -0.0668669998745204 -0.100453980810069 -0.101274045639619 -0.0819703233285886 -0.0720499660113249 -0.0656539603561699 -0.0534523126389922 -0.0552703784034279 -0.0480829984379855 -0.0369954227239612 -0.0391882136612726 -0.0302830545170703 -0.0166970902557961 -0.0316420566654296 -0.0586816825702248 -0.0729525847786926 -0.0822618436008266 -0.0768837765015832 -0.0575986567837157 -0.0229174050256837 -0.0111823059699964 0.00768207135906404
-0.162699186530531 -0.132625226521691 -0.0906251461472905 -0.0761487260122955 -0.0711982588471878 -0.0732465862349635 -0.0533074981854519 -0.0136805465021601 0.0345686180139472 0.0596969908561339 0.0616218566486298 0.054298399341193 0.0570672774343197 0.0515370135101919 0.0668826154133433 0.0632999371814054 0.0391352786156779 0.0156880851522061 -0.00742009726230609 -0.0280193456319755 -0.0548940697738478 -0.0534757956125884 -0.065240829127037 -0.0757729272403983 -0.0741803549452492 -0.0661465165254708 -0.0809439648728515 -0.0950321508966433 -0.103315186621667 -0.0906623147557841 -0.0876801443045933 -0.113123566053424 -0.103274861316079 -0.101245552210805 -0.086946303646521 -0.0763984107536414 -0.0706377316118323 -0.0570653735715616 -0.0544326981939147 -0.0462973702688674 -0.0356118082348188 -0.0587001048074576 -0.0545018259993522 -0.0719862044729206 -0.0904632721746262 -0.0745338725007451 -0.0559094255682445 -0.0355624194500795 -0.0210615080647222 -0.0182086663833801
-0.171514599123993 -0.134082735684737 -0.0845460968832999 -0.0653530602866427 -0.0518977277018112 -0.0644552355063082 -0.0494936134338417 -0.0169909187975637 0.0341534141718227 0.0658919963434019 0.0601413884835247 0.104706486262555 0.101348761187644 0.0652496583908447 0.0626842800654498 0.0415494678273388 0.0342719062816691 0.00966068937244459 0.0249571796296725 0.0533856442381752 -0.0413081365376578 -0.055862956187784 -0.0646533677955643 0.00881188222337949 -0.0241220904390379 -0.0778564739153904 -0.12395624518181 -0.121569919593605 -0.0995215422488813 -0.0748101592231877 -0.0219562178013488 -3.4e+38 -3.4e+38 -3.4e+38 -3.4e+38 -0.0656197421862722 -0.0750213039835694 -0.0703775700930812 -0.0626767281171842 -0.0503135414921205 -0.0597950584506467 -0.0479264147499142 -0.0411435521555849 -0.0661172192692871 -0.0867459851598289 -0.0953213870578551 -0.0787077252374749 -0.0483739950853519 -0.0309505633002611 -0.0249648970831164
-0.167227458359774 -0.144750034956631 -0.117994508647052 -0.0721034335788451 -0.0658427316613608 -0.0596680473447151 -0.0675322542953953 -0.0395774411340556 -0.00485720502595458 0.00408067864701725 0.0338784852539029 0.0665651966886408 0.0784469999968103 0.061329683974205 0.0415325866133137 0.0260953968780735 0.0266595910075793 0.0199960478799204 -3.4e+38 0.0337748602694486 -3.4e+38 -3.4e+38 -3.4e+38 -3.4e+38 -3.4e+38 -3.4e+38 -3.4e+38 -3.4e+38 -3.4e+38 -3.4e+38 -3.4e+38 -3.4e+38 -3.4e+38 -3.4e+38 -3.4e+38 -3.4e+38 -3.4e+38 -3.4e+38 -0.0433127943481219 -0.04828000014152 -0.0543594353955065 -0.0371283617105379 -0.0490194731350877 -0.0840286367396548 -0.096170649811381 -0.0954740695744784 -0.0838969356731877 -0.0531545576580138 -0.0382346313084335 -0.0309593238779938
-0.174285236375006 -0.164850405560926 -0.141584999101953 -0.0996576510426108 -0.076921792180607 -0.0554386524346493 -0.0557141342664106 -0.0409611356703322 -0.0114286318462665 0.00624485683963896 0.00642261122159735 0.0118468443030557 0.0227738715105134 0.0289553364950085 0.0201812011985799 0.0108190049431497 0.000638494805654039 0.00435057902756117 -3.4e+38 -0.0117502605341731 -0.0106604964428745 -3.4e+38 -3.4e+38 -3.4e+38 -3.4e+38 -3.4e+38 -3.4e+38 -3.4e+38 -3.4e+38 -3.4e+38 -3.4e+38 -3.4e+38 -3.4e+38 -3.4e+38 -3.4e+38 -3.4e+38 -3.4e+38 -3.4e+38 -3.4e+38 -0.0581845389382672 -0.0542817214687441 -0.0470057072105921 -0.04912360780103 -0.0789373209119337 -0.097596785948422 -0.103638817892187 -0.0914654523889452 -3.4e+38 -3.4e+38 -0.0291688738777039
-0.157265357929006 -0.157903517766877 -0.151231992320234 -0.124011345840032 -0.106566166491928 -0.0630393926001054 -0.0444757929595076 -0.0321750270451987 -0.0250133009694145 -0.00982871378374944 -0.0154983429179772 0.000525489496098502 -0.000949694241481865 0.0144733906548164 0.0159744947549128 -0.00365621286730718 -0.00834226967628085 -0.0014994647457854 -3.4e+38 -0.0125520901200579 -3.4e+38 -3.4e+38 -3.4e+38 -3.4e+38 -3.4e+38 -3.4e+38 -3.4e+38 -3.4e+38 -3.4e+38 -3.4e+38 -3.4e+38 -3.4e+38 -3.4e+38 -3.4e+38 -3.4e+38 -3.4e+38 -3.4e+38 -3.4e+38 -3.4e+38 -3.4e+38 -0.00917882838202503 -0.0399948166236568 -0.0333905680844326 -0.0557142470898402 -0.0717392771698357 -0.0538721173172047 -3.4e+38 -3.4e+38 -3.4e+38 -3.4e+38
-0.152505771398447 -0.16312720875069 -0.142585649894953 -0.123758533769042 -0.111074674298292 -0.0860555196399159 -0.0567929180867666 -0.0417812319387127 -0.028172539790668 -0.0330771611686398 -0.0297232832882061 -0.0188636866216604 -0.0162340977360464 -0.0190903375918921 -0.014576711895854 -0.00769371606525731 0.00619136740959716 -3.4e+38 -0.0132787572035149 -3.4e+38 -3.4e+38 -3.4e+38 -3.4e+38 -3.4e+38 -3.4e+38 -3.4e+38 -3.4e+38 -3.4e+38 -3.4e+38 -3.4e+38 -3.4e+38 -3.4e+38 -3.4e+38 -3.4e+38 -3.4e+38 -3.4e+38 -3.4e+38 -3.4e+38 -3.4e+38 -3.4e+38 -3.4e+38 -0.0300112224192145 -0.0279232763921692 -0.00276227009358957 -3.4e+38 -3.4e+38 -3.4e+38 -3.4e+38 -3.4e+38 -3.4e+38
-3.4e+38 -0.16020940641047 -0.159853075615331 -3.4e+38 -0.0874696389597117 -0.0937195233250856 -0.0715517407466814 -0.0463715710542021 -0.0341337139508425 -0.0234559290335915 -0.0258496846451659 -0.04203195815766 -0.0280433241867133 -0.0219685340340405 -0.0250579703369488 -0.0341144380617203 -0.083322948683517 -0.0991146182577532 -3.4e+38 -3.4e+38 -3.4e+38 -3.4e+38 -3.4e+38 -3.4e+38 -3.4e+38 -3.4e+38 -3.4e+38 -3.4e+38 -3.4e+38 -3.4e+38 -3.4e+38 -3.4e+38 -3.4e+38 -3.4e+38 -3.4e+38 -3.4e+38 -3.4e+38 -3.4e+38 -3.4e+38 -3.4e+38 -3.4e+38 -3.4e+38 -3.4e+38 -3.4e+38 -3.4e+38 -3.4e+38 -3.4e+38 -3.4e+38 -3.4e+38 -3.4e+38
-3.4e+38 -3.4e+38 -3.4e+38 -3.4e+38 -0.0856204322000068 -0.0951509623309821 -0.0675871104190518 -0.0463418223002137 -0.0434783128709356 -0.0363039798287576 -0.033699403451365 -0.0437945310532686 -0.0285611581905587 0.0154611124646565 -0.00704269037784871 -0.0465059121547786 -0.0927756946894686 -0.109987034514986 -0.108240801877271 -3.4e+38 -3.4e+38 -3.4e+38 -3.4e+38 -3.4e+38 -3.4e+38 -3.4e+38 -3.4e+38 -3.4e+38 -3.4e+38 -3.4e+38 -3.4e+38 -3.4e+38 -3.4e+38 -3.4e+38 -3.4e+38 -3.4e+38 -3.4e+38 -3.4e+38 -3.4e+38 -3.4e+38 -3.4e+38 -3.4e+38 -3.4e+38 -3.4e+38 -3.4e+38 -3.4e+38 -3.4e+38 -3.4e+38 -3.4e+38 -3.4e+38
-3.4e+38 -3.4e+38 -3.4e+38 -3.4e+38 -3.4e+38 -3.4e+38 -3.4e+38 -0.0439552719915749 -0.0372255832780011 -0.0362516624271741 0.00335660647281704 -0.0453086073027583 -0.0381288105455988 -3.4e+38 -3.4e+38 -3.4e+38 -0.0923096576098979 -0.105038985156248 -0.103538153700552 -3.4e+38 -3.4e+38 -3.4e+38 -3.4e+38 -3.4e+38 -3.4e+38 -3.4e+38 -3.4e+38 -3.4e+38 -3.4e+38 -3.4e+38 -3.4e+38 -3.4e+38 -3.4e+38 -3.4e+38 -3.4e+38 -3.4e+38 -3.4e+38 -3.4e+38 -3.4e+38 -3.4e+38 -3.4e+38 -3.4e+38 -3.4e+38 -3.4e+38 -3.4e+38 -3.4e+38 -3.4e+38 -3.4e+38 -3.4e+38 -3.4e+38
