data/pcas/pca_proj/PC16.asc
NCOLS 494 
NROWS 529 
XLLCORNER -117.166666666667 
YLLCORNER -55.5 
CELLSIZE 0.166666666666667 
NODATA_value -3.4e+38 
[rows 374 to 395 of 529, columns 350 to 399 of 494]
0.08909038814566 0.077157881387873 0.0714336638882347 0.0559182312041376 0.0464712884115804 0.0346526745195405 0.0170727172420972 -0.00644629940432146 -0.0155644844626814 -0.0402080065434933 -0.0513461781268456 -0.0446185730639404 -0.0426522320870785 -0.0293180016112018 -0.0268757892255365 -0.0244662140810442 -0.0174650578552698 -0.0167452194818507 -0.00051433280327495 0.0211909603526355 0.0414802878779421 0.0887812376532698 0.0955197974062386 0.0884373186377397 0.0852659208920112 0.0943239095905363 0.0908427312929568 0.0865844815728254 0.0830759976643348 0.080814941611577 0.0507179113171169 0.0566312614554522 0.0537342464344651 0.0382821863241354 0.0407485981680017 0.0450669784379858 0.0471801191332981 0.0472119037365369 0.0501746133164447 0.0537405401104496 0.0496875375650129 0.0474713638812296 0.0473891873858469 0.0450048809460921 0.0265968211163466 -0.0348248156224343 -0.0681117525441624 -0.0596912454097765 -0.058432403180861 -0.0516643133854962
0.0827003514906209 0.073274221082389 0.0662017586923115 0.0565593080010358 0.0375070908820856 0.027059610269566 0.0101476390709655 -0.00429958431137115 -0.0160553937445685 -0.0306331371690731 -0.0380109772262849 -0.0459294508356436 -0.0322744936958004 -0.0197218077921846 -0.0176645525429201 -0.0203768250892184 -0.0172594149539111 -0.0208356434051832 -0.00466208798984008 0.0117027805851226 0.0483126470921141 0.0890513511243979 0.0786757780826203 0.0796466745821265 0.0801125710112656 0.0828240682035673 0.0833920191120466 0.083422815672978 0.0889688767099222 0.0707072245748581 0.0438103214250959 0.0495436838288108 0.0457334820885376 0.0370552065601192 0.0263522768871478 0.0320208998184738 0.0411532728012731 0.0421862245417701 0.0449569644314829 0.0474746068259142 0.0442340381367689 0.0396487020524236 0.0328952946571138 0.0348384970475201 -0.0236615638480109 -0.0496909555424014 -0.0572719089864469 -0.0550212296215091 -0.0523337256310816 -0.0393646767039007
0.0857006095946472 0.085115714531256 0.0675657432959671 0.0502425553515888 0.0305911908148711 0.00961178002458172 -0.00230166314899843 -0.0147276063828633 -0.0193195063753636 -0.0197975804223309 -0.0178366456183282 -0.0173655977367632 -0.0121837187167387 -0.00219111435889594 0.00779288794775557 0.00885990894680538 0.00241680570140285 0.00262313969939885 0.00837258414184248 0.0211350805784455 0.0487958559570998 0.0545314539357918 0.0586629591336151 0.0636900104550481 0.0686496126156848 0.0895815983433944 0.0871489197860708 0.0902160027251783 0.0803718250532305 0.061343379506264 0.0468259685980591 0.0446950190661937 0.0470662964981715 0.0394397733953842 0.0393523103968248 0.0361410271601707 0.0132706476809465 0.034571802148422 0.0366594115094392 0.0474002037229987 0.0435253447588976 0.0363776369636402 0.0250507874676754 0.00750753000038199 -0.0360314378538927 -0.0432667688737401 -0.0456214400442595 -0.0396918203272951 -0.0360150779415688 -0.0272125319676239
0.0882232342199675 0.0850503113669623 0.0717598236580177 0.0513583763059491 0.032652037232851 0.00775051033187811 -0.00720809721796909 -0.0161356112167305 -0.0116737416867048 -0.0120658707629054 -0.00661455504252553 0.00425941269392073 0.0121486836553252 0.0221619658552784 0.0279582337427483 0.0301965757240129 0.0220759088324763 0.0193319576616633 0.0284744534708753 0.0455391646744711 0.0184769012432669 0.029695672902964 0.044182907402845 0.056223551389239 0.0664347331512474 0.085164378912443 0.0865573731571527 0.0869743848843589 0.0635854845218811 0.0542059777419415 0.0522419948633424 0.0478760580010686 0.0415208539110736 0.0514606585208109 0.0429749379448429 0.0391389131232514 0.0278344916312716 0.0204235394511275 0.0217044735968924 0.0231226642120254 0.0138300133432175 0.00923140632564727 0.000585325886641775 -0.00255987388669035 -0.0290344223935453 -0.0306550497626742 -0.0274003329028979 -0.0311428510324157 -0.0213076146013994 -0.0189671790324574
0.0793869983415203 0.0811990013349191 0.0742687643358953 0.0478666766521103 0.0321148591444464 0.0172094326546469 -0.006011912399566 -0.0103236092913641 -0.0103486884873084 -0.000380365016755381 0.00207524978413144 0.0119381811317176 0.0192912345518818 0.0320994123730589 0.0449666398192201 0.0538603103723136 0.0475279366368157 0.0295861360596777 0.0451697978767894 0.0280680779142173 0.0181025008259897 0.0297064652708923 0.0387198441892349 0.0466711290632727 0.0624352696546452 0.0822684494985654 0.0803874611042869 0.0639585248134669 0.0485155608545665 0.045278424905765 0.0468444143193205 0.0544898165601293 0.0492709268441028 0.0337804551559061 0.0351697735631918 0.0325345409286767 0.0266757469721328 0.0192354083920446 0.0325543615805735 0.0349448321098669 0.030225562749002 0.0160825331049767 0.00654169936077939 -0.00762967967875199 -0.0156143670220379 -0.0212267054360079 -0.014164403211921 -0.0217244565530256 -0.0220254129114604 -0.00926607406890904
0.0748786763370149 0.0776784422333889 0.0704099087232974 0.0565527139502453 0.0402415928774428 0.0216228098804043 0.00498734873580911 -0.00501179893234639 -0.0149864513662597 -0.00962727133888319 0.0007630431309663 0.0114815780192451 0.0216232608570072 0.0281472075098715 0.0233268065451719 0.0288054564494981 0.0258645861607775 0.0300204516704567 0.0394028692171804 0.0287588719608731 0.0182693640072732 0.0271519530641127 0.0371208578732386 0.0450953765467488 0.0572576779883899 0.0800352697340859 0.0818031587423392 0.0595626472805445 0.0419357029616971 0.0550711672994231 0.0515682851706872 0.0407746506038127 0.0291718485610507 0.0305577526787895 0.0290359591262405 0.0184848165839213 -0.00317854944328613 -0.0277581851357643 -0.0248725566673742 0.0112105851132988 0.0217543063068069 0.0460974053749524 0.0133258546791256 -0.000170147825099461 -0.00545415194573142 -0.00709782096604443 -3.4e+38 -3.4e+38 -0.00588462411310333 0.00445228031105875
0.0720361895883618 0.0738973660078208 0.0674084199773982 0.0585152935131787 0.0402292837710393 0.0280930308921035 0.0128251476098503 -0.00815698915306939 -0.0146861502986741 -0.00983763458930288 0.00148603826254347 0.0127443101433219 0.0190246302581631 0.0218190194277582 0.0155319090604675 0.0148628570342148 0.0166017791487069 0.0277920455299971 0.0277269524291112 0.0234506123724744 0.0135638136977311 0.021665978318492 0.0305096732824974 0.0496351496698138 0.0557633077861157 0.0778031685605807 0.0588162848874724 0.0514477366602378 0.0580146659392077 0.0652635141589823 0.0532845136924097 0.0429605833266286 0.0312145917479955 0.0211206312503968 0.0189260796142774 0.0142143002155339 0.00296697812885388 -0.00112092862732807 0.00458454415684508 0.0158367305638969 0.0341577494643639 0.0353996416823862 0.0184848482897757 0.02173992224866 0.0125673696541424 -0.00027496447935837 -3.4e+38 -3.4e+38 0.00739690237594126 -0.00136652011769009
0.0704522453538602 0.0712381246951145 0.0594792567131469 0.0550874192706759 0.0363999785672347 0.0217211583051255 0.0156247416523368 -0.00699285788974258 -0.00873777185020202 -0.00293212003732321 -0.000388939901981041 0.00211162248085131 0.011473890603665 0.0161408999270021 0.00464331829568294 0.0184714334508906 0.0132183729722637 0.00543100581064968 0.00242770506406888 -0.00533785319428155 -0.0155999423959802 -0.0157214834464303 0.0065185356314265 0.0311267028418244 0.0582099362234111 0.071321430622606 0.0487002005225935 0.0539090285197743 0.0645923029865559 0.0552604159539969 0.0410909309790602 0.0335930139424169 0.023425799745119 0.0190445182198399 0.0127074660101204 0.00198435535847535 -0.00166201875657654 -0.00398518319064343 -0.00283749543230298 0.00351048563545404 0.017281508987302 0.0242041340740867 0.0274085385452418 0.0178456666657452 0.0109182674160852 -3.4e+38 -3.4e+38 0.0111128646880569 0.00395640055442347 -0.000251888013220545
0.0766423575529112 0.077446964579892 0.0706589776591878 0.0525161897252557 0.03894421826273 0.0246669171073847 0.0135036670781148 0.00254968220105406 -0.00267331254240702 -0.00579579262169235 -0.00106079694631907 0.00716410503163953 0.00609204651331302 0.00110425959919748 -0.000619629355276819 0.00432744624999036 -0.00784060330576799 -0.00941131848963916 -0.0103433101771793 -0.0270231953223717 -0.0229488412431097 -0.0249082999417801 -0.00568023438628149 0.00229226724949268 0.0400408653833322 0.0695147677269337 0.0551883361085061 0.0514778487192563 0.0518609909310557 0.043679663243424 0.0323251249685487 0.0285524558736424 0.0201078401678058 0.00702642768102792 0.00900788362040827 0.00562584851210262 0.00357333115788421 -0.00436406880734479 0.00210213242796057 0.00388695915725677 0.00246516455000394 0.00941685432716025 0.0150814720721669 0.0166187297427918 0.0180331159858663 -0.00024205587043569 0.00675080786156327 0.00838306132962326 0.00239085638895137 -3.4e+38
0.0767623971316773 0.0845476027086768 0.0768967158652515 0.0626440471084084 0.0511052831934479 0.0301547328782095 0.0176335374293102 0.00211097558783858 0.000532209919399054 -0.00498554545058159 -0.00640959915918359 0.000654922810343287 -5.95985819538755e-05 -0.00636815795707385 -0.00208736004185087 -0.0111448842926558 -0.014045709786055 -0.0176002461661522 -0.0321779308552238 -0.0282187884076196 -0.0327861707870985 -0.0348418997726659 -0.0199812839856401 -0.0110288032830683 0.0308021158442736 0.0523110728589288 0.0526351465293476 0.0463836938938079 0.0467958691141554 0.0368687709167141 0.0296539456149232 0.0201821538720145 0.0129688368313022 0.00968951630811441 0.00423659786791591 -0.00246109866557993 -0.00338049169130192 0.00109721802480072 -0.00211668728756952 0.00117427945662226 -0.000226050524231409 -2.72281840430006e-05 0.00119362616269001 0.0077566730884794 -3.4e+38 -3.4e+38 0.00658331566355002 0.00403147512382717 0.00878487721801999 -3.4e+38
0.0738629397140289 0.069760941175904 0.0782156575220288 0.0649751461459591 0.0448644354257037 0.0248543444103648 0.0158025085506984 0.00854801093959798 0.00569267050335232 0.00138265797045601 0.00173565423844605 0.00506963889159543 0.000902837229706635 -0.00650041221010023 -0.00607849125584275 -0.0150663054800747 -0.00950020585692729 -0.0213682229841178 -0.0366001326867014 -0.0295160900944959 -0.0260836171682593 -0.0210571565289868 -0.0198971196768803 -0.0143512583736686 0.0217492175739219 0.0345151762137968 0.0365364377659464 0.0325959381682084 0.0364638734211986 0.0289371476984563 0.0199072322164529 0.0104141722348184 0.00196709078861364 0.00571767433672536 -0.00209558508524935 -0.000489782850109886 -0.00643253346381092 -0.00238171291299139 0.00176000271049752 -0.00396098034865523 -0.0109312520591112 -0.00160487393247993 -3.4e+38 -3.4e+38 0.000632804136923567 0.0074530925146664 0.0114499803209236 -3.4e+38 -3.4e+38 -3.4e+38
0.0797282914042804 0.0697862830368113 0.0634570400620456 0.0649454760192164 0.0391471885672558 0.0218065847370004 0.0114316915466705 0.00612244493263875 -0.0018869580099786 -0.00709728499346814 -0.00804116492261773 -0.00572129570387699 -0.0121714755080367 -0.0120231794520377 -0.0092257283747619 -0.0165949237421993 -0.00882907566159249 -0.0167554734232447 -0.02223280598029 -0.0237590138052049 -0.0338907176344509 -0.0270111381059537 -0.0248754862181457 0.000895947998455194 0.0123195049166711 0.0217204724021409 0.0260482435409031 0.0219679541141633 0.0176694473493308 0.012036584975108 0.00360514148124414 0.0029431524993128 0.00116313863853881 -0.00168595156361158 -0.00558400324271597 -0.009179955416879 -0.00857851950496908 -0.00774643285004636 -0.0131811234437114 -0.0154164300724315 -0.0107064220623069 -3.4e+38 -3.4e+38 -0.00203213819169382 -0.000998454722386221 0.00261428310059651 -3.4e+38 -3.4e+38 -3.4e+38 -3.4e+38
0.0839060306670229 0.0679669405825329 0.0582320000155353 0.0598881749848798 0.0397794342344486 0.0209113590667674 0.00492330107127976 0.00244556009194223 -0.00357785147135672 -0.00673321417056237 -0.00870744917519875 -0.012526281007514 -0.00785096047193491 -0.0134985801791187 -0.0178437715621371 -0.0270373377824107 -0.017259955764386 -0.0015691658477962 -0.00703576217445161 -0.00734214146751761 -0.00860228601066239 -0.00719123304120154 -0.00314064614694406 -0.00305430698698577 0.00989049852960558 0.0120586543342291 0.011187517880195 0.00817433052553291 0.00329487451073981 0.00132551408878512 -0.00147800178873141 -0.00242284283016647 -0.00364960342393474 -0.00499961580052288 -0.0115763363844015 -0.014482377907218 -0.00745425295357131 -0.0174437971076078 -0.0383225843914729 -0.0343124733613526 -0.0153974912030954 -0.0138122357746055 -0.011857879318531 -0.00723894905644003 -0.00887283115655872 -3.4e+38 -3.4e+38 -3.4e+38 -3.4e+38 -3.4e+38
0.0667089464629803 0.0512969088344325 0.0444155902422621 0.0515896789734709 0.0383488086685076 0.012780627428076 0.000895667707860873 -0.00253243192723898 -0.00333795188356599 -0.00665746398374581 -0.0057340224184353 -0.00488773031493315 -0.000879446776989832 -0.0131936906228995 -0.022774936311279 -0.0288176510438321 -0.0156029693883106 -0.000371279592487862 0.000104981008847123 -0.000545878357378666 0.00754968260091495 0.00162996015152117 -0.00595419985949991 0.00119120142629338 0.0124578944020414 0.00663913768449416 0.00462727695867729 0.000681204055829471 -0.00577852956543242 -0.00971222151574349 -0.00568039734715261 -0.00365179042329401 -0.0105604776613415 -0.00745430308833045 -0.0114935813292141 -0.017149908226594 -0.0157239429061731 -0.0154447456328128 -0.0381019847712273 -0.0285434804513437 -0.0251710248447378 -0.0222094815854343 -0.016417327599636 -3.4e+38 -3.4e+38 -3.4e+38 -3.4e+38 -3.4e+38 -3.4e+38 -3.4e+38
0.0581513975016041 0.0454279129844297 0.0264092241366523 0.0313620261281363 0.0267102270452216 0.00118231372772723 -0.0118515969207267 -0.0162761198811711 -0.0156859045221129 -0.0247439947790877 -0.0208418174662809 -0.00819218584709342 0.000859792557691425 -0.0166415363100102 -0.0278776951276421 -0.0304379554961085 -0.0276135146451568 -0.00988483207686647 0.0029432071190397 -0.00244896524374302 0.00861033947208626 0.00384451961720948 0.0139147638473566 0.00640213421568674 0.00979686984850329 -0.000158520827488889 -0.00745311115655799 -0.00578647202363757 -0.0147294678353341 -0.00705012770687928 -0.00534780176367964 -0.00600853060911613 -0.00989737948916968 -0.0064854823387813 -0.00668966508178142 -0.0172216187433385 -0.0178703433768086 -0.0188962168714716 -0.0171247372780469 -0.0222357612306164 -0.0259065872343679 -0.0254827587933477 -3.4e+38 -3.4e+38 -3.4e+38 -3.4e+38 -3.4e+38 -3.4e+38 -3.4e+38 -3.4e+38
0.0370157070533848 0.0221631478473824 0.00126592787512122 0.00874942197001123 0.0181398575777888 -0.0163087130048921 -0.0160976821710843 -0.0176299050020845 -0.0245574089403832 -0.0326585201275752 -0.0272665212176988 -0.0222189775516187 -0.0178745261629198 -0.0111603486465801 -0.0142610116064283 -0.0313205205130483 -0.0277276092780429 -0.0184977575494214 -0.00557669658237325 0.0135078296416904 0.018361919036087 0.0215372824817086 0.0182664135078632 0.0123339431172713 0.00598187525108936 -0.0010871970708408 -0.0104296556544105 -0.0196458992850757 -0.01938114980622 -0.0146554625727112 -0.00821713950082986 -0.00583386466077608 -0.00115425024057109 -0.00168362729540031 -0.00783350898107735 -0.0132675842409929 -0.0217810306429643 -0.0200510718436763 -0.0251224679235821 -0.0270733735934475 -0.0287651116201677 -3.4e+38 -3.4e+38 -3.4e+38 -3.4e+38 -3.4e+38 -3.4e+38 -3.4e+38 -3.4e+38 -3.4e+38
0.0164205946311389 0.00880421927493625 0.0145729836893943 0.00821116716017975 0.00844986901436274 0.0105214767344353 0.0026889640402848 -0.00849885885288373 -0.0109986549657435 -0.025194265988936 -0.0256623716095854 -0.0273118847327428 -0.0249580422135969 -0.00754168726884708 -0.017148803973533 -0.045667887734975 -0.0498545667171952 -0.0426919739829718 -0.020978718021222 0.0105391377663215 0.020723774721909 0.0251731100946142 0.0226533876921935 0.0208185732574791 0.0147526651036559 0.00179951272142495 -0.000637104226489581 -0.0173866032561763 -0.011591177093867 -0.00456831637765624 -0.00233193576312101 0.00476375840581369 0.00619904469425901 0.00412168489258281 -0.00171405679513235 -0.0100505399590805 -0.0234607719850516 -0.016962516978025 -0.0258496641867571 -0.0303006754106777 -3.4e+38 -3.4e+38 -3.4e+38 -3.4e+38 -3.4e+38 -3.4e+38 -3.4e+38 -3.4e+38 -3.4e+38 -3.4e+38
0.0170882748948239 0.00336227611049236 0.0192271887334405 0.0170633136814821 -0.00436666857221378 0.0244463160040606 0.0277051959277444 0.0155539533566839 -0.00690114959006477 -0.0182317574327349 -0.0304328291493846 -0.031161420933493 -0.0301280959922283 -0.0308927615102636 -0.0225559430608172 -0.0511340521268183 -0.078723965419906 -0.0612754161784022 -0.0283937031552676 0.00319969078974913 0.0246217456113684 0.0312878227666926 0.0189686179549751 0.0203888687911608 0.0149173018290009 0.0084231968795538 0.00332957278189406 -0.0041359141124993 0.0109971270545472 0.0129271849098289 0.0120627414341509 0.0138997349245821 0.0114424589225439 0.00485254865391169 -0.00481459876588794 -0.00746800993067362 -0.0101885759838186 -0.0156689737879509 -0.0243775940107313 -3.4e+38 -3.4e+38 -3.4e+38 -3.4e+38 -3.4e+38 -3.4e+38 -3.4e+38 -3.4e+38 -3.4e+38 -3.4e+38 -3.4e+38
0.0219941850118117 0.0133225458617692 0.011127550904214 0.00175765864666711 -0.00452156507648783 0.0190723396366203 0.0143427129777079 -0.00227075636474468 0.00462664412616821 -0.0166438619265529 -0.0374688343100641 -0.0502183970075956 -0.0570234634280854 -0.0651688474614615 -0.0183142872492381 -0.0493037631933451 -0.0751201673540477 -0.0521035278871667 -0.0280062161795459 0.0115832893429649 0.0291642187596119 0.0250103666563885 0.026327395676947 0.0250244053145347 0.0333983708463005 0.0219001544348129 0.0232779357795371 0.0265509683559974 0.0369422093286916 0.0309510307613639 0.0261065210293555 0.0280811923292173 0.0208254164502014 0.0124760709258907 0.00456827931782312 -0.00187938522983741 -0.00810085209355364 -0.00707409886189343 -0.0213647187944904 -3.4e+38 -3.4e+38 -3.4e+38 -3.4e+38 -3.4e+38 -3.4e+38 -3.4e+38 -3.4e+38 -3.4e+38 -3.4e+38 -3.4e+38
0.0236636811632192 0.0133377799458324 0.0085758533352906 -0.00204712584977704 -0.000813686241926641 -0.00249863373069916 -0.000117127407074107 -0.0055136753200716 -0.00422926170786239 -0.0163854007861033 -0.0403037574436209 -0.0558709716467997 -0.0756098528671111 -0.0777012298649953 -0.0477658934774868 -0.00718793013455711 -0.00622123997725494 -0.0145677758950476 -0.0054408247514661 0.0233781518715704 0.0365426012188096 0.0316951320101026 0.0271521170034456 0.0361123877778231 0.0403492682081559 0.0548336492865728 0.0608717801761306 0.0526313397022218 0.0555867289755707 0.0503250039959387 0.0471603654289402 0.0400886696999449 0.024573904029442 0.0154301023932058 0.0165110195930733 0.00459523040482312 0.00794969723229072 -0.00258164754949403 -0.0155706167780978 -3.4e+38 -3.4e+38 -3.4e+38 -3.4e+38 -3.4e+38 -3.4e+38 -3.4e+38 -3.4e+38 -3.4e+38 -3.4e+38 -3.4e+38
0.020129021166371 0.0029844834593961 0.00969351428057894 0.00328123824733069 -0.00581444961915863 -0.00662967989507459 -0.00902102070214889 -0.00724472833091693 -0.0142296354964476 -0.0309474525968864 -0.0401984398691467 -0.0540317957215496 -0.0678858445757049 -0.0643591479501653 -0.0450330599707908 -0.0231611906585494 -0.00566977618241271 0.00380548945443787 0.0153519773507038 0.0160772427382574 0.0276254187059478 0.0223793154677535 0.0297891996460179 0.0432816563836339 0.0591862575235653 0.058752832840929 0.0299309950801878 0.0289622626939295 0.0452726530688306 0.0515036377538067 0.0562958287901434 0.0377599260591795 0.0302687812410823 0.0314007225656338 0.0330741048289208 0.02832997684029 0.0112148503440865 0.00577629007133963 -3.4e+38 -3.4e+38 -3.4e+38 -3.4e+38 -3.4e+38 -3.4e+38 -3.4e+38 -3.4e+38 -3.4e+38 -3.4e+38 -3.4e+38 -3.4e+38
0.0122368455945596 0.0267680697076429 0.0277722304180195 0.0180461688556596 0.0166466050542939 0.0131709969152838 0.00631257249924948 0.00678496017253279 -0.00584717262746422 -0.0310556921465433 -0.0367246285416315 -0.0509739495838171 -0.0606854686635016 -0.0584737488307743 -0.0536570152815834 -0.0402646509487547 -0.0251362043889216 -0.00438193428017628 0.0106417661390715 0.0196910884592083 0.0220150991022921 0.0272446523119277 0.0299950405685524 0.0434636284160695 0.0643062254383551 0.0570420047184603 0.0230014329255484 0.0236255422806865 0.0415611540117543 0.0526197275488229 0.0637399112212577 0.0456670852193457 0.0490814880426675 0.0484345236202827 0.0366528261025094 0.0292868866505678 0.0341239467000997 -3.4e+38 -3.4e+38 -3.4e+38 -3.4e+38 -3.4e+38 -3.4e+38 -3.4e+38 -3.4e+38 -3.4e+38 -3.4e+38 -3.4e+38 -3.4e+38 -3.4e+38
