data/pcas/pca_proj/PC16.asc
NCOLS 494 
NROWS 529 
XLLCORNER -117.166666666667 
YLLCORNER -55.5 
CELLSIZE 0.166666666666667 
NODATA_value -3.4e+38 
[rows 396 to 417 of 529, columns 250 to 299 of 494]
-3.4e+38 -3.4e+38 -3.4e+38 -3.4e+38 -3.4e+38 -3.4e+38 -3.4e+38 -3.4e+38 -3.4e+38 -3.4e+38 -3.4e+38 -3.4e+38 -3.4e+38 -3.4e+38 -3.4e+38 -3.4e+38 -3.4e+38 -3.4e+38 -3.4e+38 -3.4e+38 -3.4e+38 -3.4e+38 0.0131633301383303 0.0115394466928174 0.028141909450835 0.0269780130087699 0.0239785943436234 0.0154503411294112 0.00447742911989199 0.00658806455041181 0.0412859161618623 0.0387956184361872 0.0215933699055632 -0.00368165599116027 0.00663202709983421 0.00872082101380983 -0.00531466245949773 -0.0210067758233131 -0.0532992126375298 -0.0575940183899161 -0.0496463809058795 -0.0490748047141406 -0.0503754510253359 -0.058035415958124 -0.0652215432961415 -0.0689016993884859 -0.076704047227938 -0.086952270402645 -0.0822339468719502 -0.0780629554877334
-3.4e+38 -3.4e+38 -3.4e+38 -3.4e+38 -3.4e+38 -3.4e+38 -3.4e+38 -3.4e+38 -3.4e+38 -3.4e+38 -3.4e+38 -3.4e+38 -3.4e+38 -3.4e+38 -3.4e+38 -3.4e+38 -3.4e+38 -3.4e+38 -3.4e+38 -3.4e+38 -3.4e+38 -3.4e+38 -3.4e+38 0.00556108198509597 0.0203944516331 0.0250142092945698 0.0161850140514613 -0.00183630523258311 -0.0035306021242057 -0.00654717217818149 0.023571823239857 0.0325221722720637 0.00714399162697203 -0.0050076175261158 -0.00661660793069553 0.0163487081870264 -0.000887786781767099 -0.0179950507796096 -0.0410146171691536 -0.0479013764837292 -0.0496700672674363 -0.0487178090228208 -0.042613607604716 -0.0551151787399291 -0.0664719526712974 -0.066295933301594 -0.0746235401253107 -0.079182225719155 -0.0762582961890447 -0.0768838126363015
-3.4e+38 -3.4e+38 -3.4e+38 -3.4e+38 -3.4e+38 -3.4e+38 -3.4e+38 -3.4e+38 -3.4e+38 -3.4e+38 -3.4e+38 -3.4e+38 -3.4e+38 -3.4e+38 -3.4e+38 -3.4e+38 -3.4e+38 -3.4e+38 -3.4e+38 -3.4e+38 -3.4e+38 -3.4e+38 0.00893630002716509 -0.000748656139807524 0.00119056834166699 0.00347408925272944 -0.0114665782503161 -0.0204220304459649 -0.0209886632372787 -0.0107915686759653 0.0307595484799903 0.0229977829797675 0.00720212579525478 -0.00604009933034239 -0.00844879864442337 0.0105392373061643 0.0030645012955119 -0.0187046792832678 -0.0305077965430077 -0.045554112403187 -0.0465792645006795 -0.0449913756786258 -0.0488347527748566 -0.0552107265183595 -0.0619556101561358 -0.0637521696059212 -0.0703631032702284 -0.0758705065308879 -0.0738449991320419 -0.0712122651530319
-3.4e+38 -3.4e+38 -3.4e+38 -3.4e+38 -3.4e+38 -3.4e+38 -3.4e+38 -3.4e+38 -3.4e+38 -3.4e+38 -3.4e+38 -3.4e+38 -3.4e+38 -3.4e+38 -3.4e+38 -3.4e+38 -3.4e+38 -3.4e+38 -3.4e+38 -3.4e+38 -3.4e+38 -0.0113481551563509 -0.00681623353398959 -0.0105702513080332 -0.0104821671340622 -0.0163799831732767 -0.0227831556814097 -0.0117949752889107 -0.012236869955624 -0.0125115163630196 0.0270605981414988 0.0129598786193371 0.00599217681838166 -0.00981024927844786 -0.00265435511343232 0.0117644322768321 0.0144455577402197 -0.00607989499436048 -0.0145407246604008 -0.0321513531396224 -0.038861176879735 -0.0416979333007081 -0.0486903552211619 -0.0579724854259681 -0.0578665414446461 -0.0609225614062442 -0.0621856138171745 -0.0674977438065365 -0.0704692289766557 -0.0632218844780194
-3.4e+38 -3.4e+38 -3.4e+38 -3.4e+38 -3.4e+38 -3.4e+38 -3.4e+38 -3.4e+38 -3.4e+38 -3.4e+38 -3.4e+38 -3.4e+38 -3.4e+38 -3.4e+38 -3.4e+38 -3.4e+38 -3.4e+38 -3.4e+38 -3.4e+38 -3.4e+38 -0.0203892006490706 -0.0158744534419248 -0.0114750237495958 -0.0129212755710201 -0.0153697125520045 -0.0247050959373716 -0.0309276350955655 -0.0128268454234197 -0.00407089278033137 -0.0028506722101712 0.0110959026949427 -0.00658483448353015 0.0103571766097645 -0.0149598809253115 -0.0104424386581467 0.00584417563119372 0.0155959666330304 0.00616350697371012 -0.015564073267086 -0.0250756198819595 -0.0299439099302881 -0.035335671492518 -0.0508777804607131 -0.0553627468551628 -0.0528156973342826 -0.0600652605299248 -0.0570244808444574 -0.0590504190580757 -0.0597148409949737 -0.0590301766342956
-3.4e+38 -3.4e+38 -3.4e+38 -3.4e+38 -3.4e+38 -3.4e+38 -3.4e+38 -3.4e+38 -3.4e+38 -3.4e+38 -3.4e+38 -3.4e+38 -3.4e+38 -3.4e+38 -3.4e+38 -3.4e+38 -3.4e+38 -3.4e+38 -3.4e+38 -3.4e+38 -3.4e+38 -0.0162536307551925 -0.0014945464608303 0.00871213306007869 0.000620470578999032 -0.0168247687433001 -0.0362486933300703 -0.0338560298730199 -0.0172096620369352 -0.00164760751571658 0.00529720595640797 0.00642769393434598 -0.0143712357699663 -0.0144792771948146 -0.0259146629394507 0.00184931615593355 0.0176215685503518 0.0226602010807311 0.0103793495684144 -0.0136627164636549 -0.0264499113551335 -0.0374106987104656 -0.0453367842317575 -0.0545135571409547 -0.0557439600026088 -0.0568892171713112 -0.0542469770401356 -0.0522636802191651 -0.0518622251689413 -0.0417910412081804
-3.4e+38 -3.4e+38 -3.4e+38 -3.4e+38 -3.4e+38 -3.4e+38 -3.4e+38 -3.4e+38 -3.4e+38 -3.4e+38 -3.4e+38 -3.4e+38 -3.4e+38 -3.4e+38 -3.4e+38 -3.4e+38 -3.4e+38 -3.4e+38 -3.4e+38 -3.4e+38 -0.0368107510272588 -0.00385430798165026 0.00677874084815648 0.0232541624666233 0.0268701356936565 -0.0174009306540549 -0.0406980233988473 -0.0415246134576485 -0.0245664527504512 0.00705931833815631 0.00336473014504552 0.00443613389189992 -0.00676406889783248 -0.00564846356743415 0.00594427673356471 0.00934581637397511 0.0248787561290495 0.0263751315732945 0.0245693048343718 0.00604015422814457 -0.0212626201989872 -0.0383461338293413 -0.0440307939316994 -0.0447017502151957 -0.0508177435858903 -0.0562720704411398 -0.0559514454811794 -0.049914131041393 -0.0470302261525349 -0.0459884799434716
-3.4e+38 -3.4e+38 -3.4e+38 -3.4e+38 -3.4e+38 -3.4e+38 -3.4e+38 -3.4e+38 -3.4e+38 -3.4e+38 -3.4e+38 -3.4e+38 -3.4e+38 -3.4e+38 -3.4e+38 -3.4e+38 -3.4e+38 -3.4e+38 -3.4e+38 -3.4e+38 -0.0110007795152156 0.00149580354744008 0.0187044432377142 0.0181095979898263 0.0201994128303433 0.00484342072783487 -0.00984206631592132 -0.0225995180670586 -0.00414873015077383 0.00943188828479611 0.000524872907859185 -0.00682584787493988 -0.0128458117494241 -0.0128047988700569 0.00679261323719433 0.0118873071589287 0.0266591010826361 0.0193591109123396 0.0146583945311581 -0.0216008757411895 -0.0225140463674228 -0.0336078974176569 -0.0397717970170049 -0.0420593977593427 -0.0462245741159172 -0.0504991427441963 -0.0508465031259748 -0.0485490741794238 -0.0439732255481062 -0.0337357280254352
-3.4e+38 -3.4e+38 -3.4e+38 -3.4e+38 -3.4e+38 -3.4e+38 -3.4e+38 -3.4e+38 -3.4e+38 -3.4e+38 -3.4e+38 -3.4e+38 -3.4e+38 -3.4e+38 -3.4e+38 -3.4e+38 -3.4e+38 -3.4e+38 -3.4e+38 -3.4e+38 -0.00909545101140258 0.00182396479968747 0.0145318505435389 0.0138904148794062 0.0175401020294209 0.0199054575689091 0.016265191081691 0.00427568281895269 -0.00869041960558881 -0.00060395465569136 0.00172982420852675 -0.00763437827536268 -0.000874950301643833 -0.0160882162194581 0.00108734918937902 0.0226102563305569 0.0294431612587063 0.026866558457006 0.0171326170300791 0.0148747632411214 -0.0141684555367347 -0.0170571557451353 -0.0307900317365993 -0.0361648066766919 -0.0395637526971272 -0.0395273669894711 -0.0363036307094865 -0.0403623617782253 -0.035374705334572 -0.0241482594685104
-3.4e+38 -3.4e+38 -3.4e+38 -3.4e+38 -3.4e+38 -3.4e+38 -3.4e+38 -3.4e+38 -3.4e+38 -3.4e+38 -3.4e+38 -3.4e+38 -3.4e+38 -3.4e+38 -3.4e+38 -3.4e+38 -3.4e+38 -3.4e+38 -3.4e+38 -0.0249323398339035 -0.0176210269453627 -0.0155867423398991 -0.00400110950089054 0.00147670613074488 0.00344270119445098 0.00312192647969902 0.0181368548018853 0.00664845277374676 0.00706340752545233 0.00759899249838458 -0.00423822181088045 -0.00813228410998896 -0.00982497753557382 0.00234386695069108 0.0148757101993963 0.020683459233163 0.0262758684495648 0.0158362766056792 0.0139385896978137 0.0118143492848859 -0.0149985422142101 -0.0125660259799403 -0.0157694486837802 -0.0216705271241666 -0.0259749561472493 -0.0278823236226814 -0.0272425902157633 -0.0249529948584173 -0.0221633079705786 -0.0165854814284258
-3.4e+38 -3.4e+38 -3.4e+38 -3.4e+38 -3.4e+38 -3.4e+38 -3.4e+38 -3.4e+38 -3.4e+38 -3.4e+38 -3.4e+38 -3.4e+38 -3.4e+38 -3.4e+38 -3.4e+38 -3.4e+38 -3.4e+38 -3.4e+38 -3.4e+38 -0.0294336214082765 -0.0217370968169213 -0.0213986593342106 -0.0153603195516133 -0.0120919641976686 -0.0061627361262587 -0.000649837817781092 0.00634124577233953 0.00204516172985011 0.00285658207535552 0.00361577375411783 -0.00356521350513473 -0.00500937883914371 -0.0102442669627207 0.00748793584266643 0.0134522597738608 0.0156003509912063 0.0165584397790162 0.0230516972922212 0.0137848473134286 0.00882754595828007 -0.0296475507638278 -0.0108818402809163 -0.00272872097858616 -0.00436262359027262 -0.00948594863385976 -0.0128240226923488 -0.0216245032440034 -0.0134720978395136 -0.0112895437488745 -0.00956030843426766
-3.4e+38 -3.4e+38 -3.4e+38 -3.4e+38 -3.4e+38 -3.4e+38 -3.4e+38 -3.4e+38 -3.4e+38 -3.4e+38 -3.4e+38 -3.4e+38 -3.4e+38 -3.4e+38 -3.4e+38 -3.4e+38 -3.4e+38 -3.4e+38 -0.0229604870570425 -0.0197414176401046 -0.0267143743095196 -0.0207736586674536 -0.0192890069401171 -0.0214874343708013 -0.0101668280283364 -0.000267602044491212 0.0100363081008651 0.012052538379826 0.0051192881664972 -0.0112240455806977 -0.0122960735252508 -0.00764611152670415 -0.0125623932432057 0.0131842517623928 0.0142356831842056 0.0155433326483865 0.0214610544647033 0.0173160866307763 0.013452903046039 0.0112140034850413 -0.00527150123281244 1.84735758873072e-05 0.00801924487219827 0.00490793371981031 0.00727209254474926 0.00324991565981601 -0.00482738335035753 0.00226412848398872 0.00397131029167672 0.00442084925283226
-3.4e+38 -3.4e+38 -3.4e+38 -3.4e+38 -3.4e+38 -3.4e+38 -3.4e+38 -3.4e+38 -3.4e+38 -3.4e+38 -3.4e+38 -3.4e+38 -3.4e+38 -3.4e+38 -3.4e+38 -3.4e+38 -3.4e+38 -0.0129300122029823 -0.0149376038813028 -0.0161412288984456 -0.0236575224608187 -0.0278763115387156 -0.021894228656358 -0.0172589107768192 -0.00495370993467757 -0.00136035852212261 0.00932028298256689 0.0106302471895258 -0.00178988428690628 -0.00996284265365067 -0.0115290066522778 -0.00095464655277201 -0.00626627725347962 0.0130878750491186 0.014276904962565 0.0217554877357568 0.0159044037532876 0.0134493005788038 0.00713416256348483 0.0142932203532632 0.0148497897789435 0.000374801084023934 0.0122249256781446 0.00876339851979959 0.0109870645558173 0.0195610239117758 0.0142587759775401 0.0134783902863701 0.0195902780598929 0.0118829346878936
-3.4e+38 -3.4e+38 -3.4e+38 -3.4e+38 -3.4e+38 -3.4e+38 -3.4e+38 -3.4e+38 -3.4e+38 -3.4e+38 -3.4e+38 -3.4e+38 -3.4e+38 -3.4e+38 -3.4e+38 -3.4e+38 -3.4e+38 -0.0034581987922594 -0.0113465226064922 -0.0154015720897993 -0.0206172031684436 -0.0270755108799239 -0.0213540514969135 -0.0161958817692451 0.00307356496257514 -0.000651332657433674 0.00834856493683457 0.00113285256000341 -0.0103002554460806 -0.0114737127737678 -0.0151557871063341 0.00552180927014967 -0.00330791900179374 0.0233531389209916 0.0150511609077342 0.0172499093280637 0.0191560788064992 0.00929639970630927 -0.00121425984378386 0.0171196400971274 0.0234412794164774 0.0265135727259694 0.00717828303856272 0.00614043055034734 0.0082216799240878 0.0171503188557929 0.0172330242581793 0.0154531399811976 0.0182039111211058 0.0102896432579654
-3.4e+38 -3.4e+38 -3.4e+38 -3.4e+38 -3.4e+38 -3.4e+38 -3.4e+38 -3.4e+38 -3.4e+38 -3.4e+38 -3.4e+38 -3.4e+38 -3.4e+38 -3.4e+38 -3.4e+38 -3.4e+38 -3.4e+38 -0.00447826487440147 -0.00769333067497863 -0.022619146782833 -0.0284466304076717 -0.0284990798269072 -0.0268685337255209 -0.019749854773841 -0.00181588972071089 0.00893534735678596 0.00494861879831357 0.00775210865685917 0.00271328041097348 -0.00206513551401682 -0.012887837811234 0.00418767610402552 0.0132337755864372 0.017775676149749 0.0163077140743138 0.0128130264609792 0.0191429962517959 0.0186278991654706 0.00606019296277575 0.0130577561872461 0.0191025870889558 0.0311363705759729 0.00622825685159991 0.00512387156431321 0.00827551093266142 0.00636100591348148 0.00962757567580162 0.00948934105110003 0.00768143248885595 0.00586205618246297
-3.4e+38 -3.4e+38 -3.4e+38 -3.4e+38 -3.4e+38 -3.4e+38 -3.4e+38 -3.4e+38 -3.4e+38 -3.4e+38 -3.4e+38 -3.4e+38 -3.4e+38 -3.4e+38 -3.4e+38 -3.4e+38 -0.00670628095746155 -0.00809741871916579 -0.023390199662905 -0.0433252183799518 -0.0426741430033527 -0.049074579115443 -0.0472579179198318 -0.031665817381893 -0.0176120052341687 0.00493780913449836 0.00470641419148335 0.00865390840343865 0.00182644958455104 0.00353345959343623 -0.00982978719577822 0.00851240134428806 0.0139689854249904 0.0158612972034979 0.0162956383840824 0.0206295575732184 0.0239119308811124 0.0174125015190254 0.0178434771854084 0.0209402029718694 0.0256449276636843 0.012155946545631 0.00257890061703555 -0.000419787984768142 -0.00190737083868376 0.00293888729363529 0.00744738277568413 0.00565684437955681 0.00175699389962616 -0.00493259784201975
-3.4e+38 -3.4e+38 -3.4e+38 -3.4e+38 -3.4e+38 -3.4e+38 -3.4e+38 -3.4e+38 -3.4e+38 -3.4e+38 -3.4e+38 -3.4e+38 -3.4e+38 -3.4e+38 -3.4e+38 -3.4e+38 -0.00283760281321391 -0.00256168988013791 -0.0340511664174888 -0.0533925041844893 -0.0559125613250974 -0.0512634944714573 -0.0539136115342316 -0.0447032737954293 -0.0207330280689804 0.00346295996140786 0.0028294339298287 0.00408029185665458 -0.00116974662793646 -0.0127014628651038 -0.0100876186262976 0.00200033197914991 0.011929901570443 0.0193425443663623 0.0175587115099697 0.0211585678358806 0.0194208855308943 0.0216031759150762 0.0216094890890452 0.0253007877166874 0.0298293902877982 0.00889430933918967 0.00226159257233315 -0.00233929147082565 -0.00276661551728455 0.000976623824139751 0.000498409715005322 0.000179808921895177 -0.00183329610066042 -0.00829216621127442
-3.4e+38 -3.4e+38 -3.4e+38 -3.4e+38 -3.4e+38 -3.4e+38 -3.4e+38 -3.4e+38 -3.4e+38 -3.4e+38 -3.4e+38 -3.4e+38 -3.4e+38 -3.4e+38 -3.4e+38 -0.000590205328180704 0.00829573345723609 -0.00776256316490527 -0.0261090332485065 -0.0466800686847954 -0.0576923375834941 -0.0568251633189307 -0.0537900332897088 -0.0343784265372849 -0.0150425521843339 0.00547700466843764 -0.00550474572906096 0.00642584693012261 -0.000680687894665316 -0.00428103727929381 0.00893613462941444 0.00975406122391901 -0.000743338306183656 0.0228160788083195 0.0313207104896375 0.0241704931848511 0.0275579429996685 0.0280582617846466 0.0321071012755994 0.027840865908093 0.0288404338615825 0.0115329642753442 0.00251478271295013 0.00134918354259105 -0.000678189646213133 0.00145195557563347 -0.000250527273321207 -0.0065081676751525 -0.00912051606763608 -0.0124580232307971
-3.4e+38 -3.4e+38 -3.4e+38 -3.4e+38 -3.4e+38 -3.4e+38 -3.4e+38 -3.4e+38 -3.4e+38 -3.4e+38 -3.4e+38 -3.4e+38 -3.4e+38 -3.4e+38 -3.4e+38 0.0128245171481756 0.017864997846768 -0.00156484911345283 -0.0276642990989641 -0.0500635660766343 -0.0587130239205111 -0.053425937690052 -0.0387839864349753 -0.0219992455906557 -0.0049848606793266 0.00601484374485221 -0.0033287360036788 0.00321232416052887 -0.00045122330269708 -0.00797081192182443 -0.000508877048484932 0.0246130658133371 0.00731373377015501 0.024089979732577 0.0234185724912231 0.0233173592240805 0.0262684503009544 0.0213439776261106 0.0211912732027471 0.023048401816616 0.0319090165167019 0.00589518481624805 0.0105618490112543 0.0049942381797758 7.66298964020788e-05 -0.00167759735746432 -0.00412555571712232 -0.00402850435961124 -0.0118737871129404 -0.0135764084805194
-3.4e+38 -3.4e+38 -3.4e+38 -3.4e+38 -3.4e+38 -3.4e+38 -3.4e+38 -3.4e+38 -3.4e+38 -3.4e+38 -3.4e+38 -3.4e+38 -3.4e+38 -3.4e+38 0.00105115677495627 0.0159893359265884 0.0168657432620544 0.00738960395548472 -0.0209779399482249 -0.0491065903900975 -0.061783527968603 -0.0437838020469726 -0.0239752839000063 -0.00970323019709772 0.00103856576935283 0.00277816778227488 0.00607375057281458 -0.00252700974381924 0.00189196783785103 0.00719945579452306 -0.0019959324088251 0.00723335093007567 0.0141390308634309 0.0151555390804689 0.0302623553032777 0.0274899948627632 0.0266287506412438 0.0279737591579308 0.0319152009384698 0.0238093905190771 0.0253645772080098 0.0144566992612007 0.00710743517663979 0.00954785119509776 0.000476200958974681 -0.000730972920581298 0.00209003734496278 -0.00493182086489216 -0.00810569149994244 -0.00654924500206165
-3.4e+38 -3.4e+38 -3.4e+38 -3.4e+38 -3.4e+38 -3.4e+38 -3.4e+38 -3.4e+38 -3.4e+38 -3.4e+38 -3.4e+38 -3.4e+38 -3.4e+38 -0.00892546916888813 -0.0109415696300591 0.0112335391215975 0.00828578711449875 0.00455481356457171 -0.0057015300304524 -0.0270942040841567 -0.0430002008117517 -0.0257883354523962 -0.01776652509676 0.000737054564594025 0.00523009906971036 0.00840363476629231 0.00873548304121324 0.00281253550999599 0.00968619333940694 0.00620658657600869 0.00199597289445816 0.00883955852921953 0.0247893931436139 0.0337806965055371 0.0245810079324463 0.0265996802834718 0.0282581165843431 0.0311520468813841 0.0312198777256517 0.0232302838348354 0.0206869712796339 0.01830748934577 0.0116155767856456 0.00912441934197341 0.000930553665713187 -0.000526944781807856 0.00261725755927362 -0.00873387473619897 -0.00393375614280963 -0.00849564577380144
-3.4e+38 -3.4e+38 -3.4e+38 -3.4e+38 -3.4e+38 -3.4e+38 -3.4e+38 -3.4e+38 -3.4e+38 -3.4e+38 -3.4e+38 -0.0302483278193791 -3.4e+38 -0.00720285089613824 -0.00635995842239545 0.000600943020062401 -0.0040929670355096 -0.000199945771744052 0.00649384499196688 -0.00804191525127476 -0.0117001847232451 -0.0129932472578882 0.00295390587566385 0.00743681009968957 0.00278702396133901 0.000411665339348708 0.00349370314531967 0.0105648825136788 0.017398883164535 0.0120143450027157 0.0122292998873179 0.0206210098355375 0.0304015205971233 0.030147868334686 0.0258949883876936 0.0326992724728615 0.0251959022093311 0.0228007429095212 0.0231171608689556 0.0264592201124663 0.030532883927553 0.0147244472757445 0.0112194711921678 0.00531023858051309 0.00199139251729902 -0.00152234391617472 -0.00204173477659334 -0.00735820960957196 -0.00579622571776026 -0.000395949765558323
