data/pcas/pca_proj/PC16.asc
NCOLS 494 
NROWS 529 
XLLCORNER -117.166666666667 
YLLCORNER -55.5 
CELLSIZE 0.166666666666667 
NODATA_value -3.4e+38 
[rows 198 to 219 of 529, columns 250 to 299 of 494]
0.112417341679187 0.10624261572429 0.106228554559023 0.0883332045621502 0.05914168859123 0.0444986788136735 0.0438045748799136 0.0579518968719831 0.0704535208389131 0.0667645590564698 0.0570555152131622 0.0572892856064805 0.0539000999566967 0.0601132033728395 0.056855077610407 0.0512460497805398 0.0596425913802727 0.0688654751679064 0.0600817220952449 0.0401512566510289 0.0427999591366971 0.0451106621706556 0.0395862235314118 0.0500204131149254 0.0540966807664874 0.064416955847795 0.0738659026547416 0.0853970434404433 0.0497652405048904 0.0355765024628601 0.019006137140745 -0.00494508968886969 -0.00768206505179877 0.00134277846901513 -0.00829839262826457 -0.00439503339131284 0.00453606558269665 0.0452990652640785 0.0643773722441457 0.0927600584823276 0.105097681704101 0.116992100768633 0.121840755521906 0.119761259335618 0.126964358079569 0.110739724916105 0.0956739389328482 0.0791760199350983 0.0564479082906563 0.0462292208268647
0.135423173482649 0.126521584584358 0.120677961837301 0.0839987657426075 0.0611414127032905 0.0492968782920068 0.0479634382972191 0.0565257094746852 0.0711240695093903 0.0853252895823087 0.0839015363026891 0.0756972418513116 0.0708620241812967 0.0649064273738427 0.0581670599400029 0.0532616630710933 0.0645713766865537 0.0743447195303263 0.059234030815767 0.0484305073580966 0.0544789914947429 0.0600138210615215 0.0554724694057467 0.0595052321193886 0.0649068493033499 0.0659909727545701 0.0826905992126421 0.0495381138858186 -0.0114029053837635 -0.0393217897280236 -0.0416150978151976 -0.0385239968440051 -0.0415973076874811 -0.0274809269500291 -0.000667245774090833 -0.00108720169888809 -0.00435085275541627 0.0116860971362032 0.0392325407270563 0.0707770252856194 0.0907315102128176 0.123730999484238 0.140818900271313 0.13374098556657 0.133464934915493 0.111386205983355 0.0853648867151699 0.0733025647054814 0.067510420425492 0.0613155040859223
0.140722131235829 0.133211802609734 0.111282844349319 0.0802015116478869 0.0664099831897488 0.0594772878309352 0.0629187178318935 0.0597485010644839 0.0737038895202506 0.0912885896975336 0.101946479737497 0.0994186807087322 0.0922368588433551 0.0884630710947307 0.0768666179451431 0.0740495211772323 0.0753025279122085 0.0763696031526409 0.0737436073550001 0.0674187412776868 0.0658754313588468 0.0715841057689571 0.070774429025101 0.066373700466335 0.0747816864508772 0.074851203385632 0.0550576678190344 0.00387510106801866 -0.0734185487500791 -0.0657110829436319 -0.0684145785031587 -0.0624041584089701 -0.0175975551690059 0.0118908955645262 -0.00243471280184327 -0.0155110260030559 -0.00636396664432682 0.00981955610719485 0.019977455657286 0.0383427060906203 0.0887242219443017 0.117065739360889 0.138546691359075 0.141813315979029 0.13637825451787 0.10727219249686 0.0914368236372508 0.0758939110157314 0.0767561021590108 0.0639421704639412
0.0980970394707001 0.07834447655608 0.0798426984973287 0.0759781087472234 0.0685446400257738 0.0613494409262752 0.0653743413483926 0.0692745290690457 0.0838686446829557 0.0922935258540119 0.102588289135871 0.111494019676292 0.111411950713781 0.105858874801326 0.0950124644115896 0.0935483447371955 0.0921483446710921 0.0958717235416462 0.0961815829865224 0.0858198052595561 0.0841470169947971 0.0799737223004511 0.0715721560542568 0.0717023825385547 0.0662611201804871 0.0406078347824957 0.0198113957768097 -0.0871119405194756 -0.0986634075169395 -0.0847292427695263 -0.0776549445951516 -0.0273306585770984 0.00406457031402534 0.0153092307011431 -0.0087044965432449 -0.00875618802402598 -0.00617097162042541 0.0164318957619185 0.0214588037554272 0.0202740506492815 0.0582966051502541 0.0950445763840787 0.136804067422047 0.144723229906755 0.131084920597784 0.110207849945242 0.100745084056951 0.0875758771004076 0.0838871699459835 0.075859184044727
0.064537254015683 0.0543523305529051 0.0568246255051001 0.0647206604726467 0.068816641134684 0.0716433422028922 0.0784005866194154 0.0771146951623674 0.0854979825266549 0.0944130234042066 0.103280642593065 0.11493415829573 0.126233097811487 0.126174417122218 0.12228608519304 0.108614244351593 0.113758500852054 0.103885299054764 0.0938822525295597 0.0935303685727937 0.0905999273457439 0.0770394059687921 0.0663041140005095 0.0449476106095613 0.0204317582102389 -0.00067228410990568 -0.0714118820413598 -0.115399375568109 -0.113549717772225 -0.0947499805739162 -0.0721680676342274 -0.0165610503902941 -0.0102597859603686 0.00545073399087203 -0.00364907620373597 -0.00177469540569468 0.0129268017811922 0.0220965931027002 0.0356162678919181 0.0399645022999499 0.0582297320113262 0.0991145020609595 0.1324995601193 0.14445701246756 0.131678741469045 0.117070168254037 0.11007144262587 0.0941586699866924 0.0939908973745229 0.0950090782348271
0.0499505968593687 0.0469952173054518 0.0555890393343179 0.0536282017825834 0.0692922313575163 0.0737441242371078 0.0850791237670207 0.0846926305770806 0.0891383108517407 0.102399934462821 0.106923076560978 0.114456391303046 0.122202900153934 0.129501902235296 0.128302044477529 0.124434424489596 0.115088654010958 0.104865124827391 0.0933478737223832 0.083659999162623 0.0648465816182542 0.0541777057881054 0.0376459363565214 0.017051212015645 -0.00296797061859682 -0.0251152066137863 -0.108487622593312 -0.126325188854465 -0.123588372809419 -0.104218552253992 -0.0706763122029631 -0.0266010216796652 -0.00823730777002254 -0.0107181187527525 -0.0123506167430246 0.00166650281259916 0.0247275897351153 0.0301955931323796 0.0581288626499629 0.0618820151346376 0.0729217352731804 0.0942203239863818 0.134248212808922 0.130680694472413 0.144724616365833 0.130696561870103 0.124334226347024 0.109292436803875 0.107037647842195 0.10419457047208
0.0417884629863364 0.0345568533679697 0.0420205422359169 0.0537805674851763 0.0630604480415445 0.0721580770154675 0.0816636811724014 0.0989313852895763 0.102364864783005 0.0986754090038159 0.100758656922838 0.104361489283593 0.109121421116206 0.101418731422291 0.0950914571447005 0.0805916926443135 0.0707324462364333 0.0688544114245475 0.0628043976542636 0.0575473535159422 0.0486162832154107 0.0333468732507875 0.0194723829719873 -0.0071459245209645 -0.0299782703795752 -0.0969236561410144 -0.139713687498858 -0.150587709235683 -0.144019839419366 -0.106167560182723 -0.0832395724697638 -0.0426012547763409 -0.0174334177854134 -0.0271046068415039 -0.0300723534623998 0.00101637008210339 0.0314634861998851 0.0519946142991539 0.0770068309037923 0.073442946736051 0.0874287006594964 0.12114174749746 0.122714957413081 0.122169670111841 0.136420026985791 0.140209972855984 0.124808241531669 0.121031783062366 0.121465816205019 0.128930072408676
0.0396601292864016 0.0279422563276117 0.040824402548346 0.0481987612222303 0.0642682181607586 0.0761044345533326 0.0958098090178978 0.10155996130147 0.109013243179292 0.105106831302953 0.0969899427622387 0.075352600815054 0.0604377635762238 0.0447280834628201 0.0367615025781047 0.034304820931525 0.03277671567851 0.0345417378898011 0.0314645826512194 0.0246658864114993 0.0167962700356579 0.00341428094024553 -0.012029716501513 -0.0297305788418561 -0.0481810924639079 -0.138844257506611 -0.178059158934418 -0.16841426452739 -0.161583803922446 -0.136533635077176 -0.111260663185643 -0.0727040744902935 -0.042091373311156 -0.0407259450556165 -0.0335105212737474 -0.00257489892742494 0.0384169446183324 0.0697535478610083 0.0807741598595751 0.0882673619625757 0.0965384243405203 0.12519933417429 0.105177777693731 0.100861814627538 0.114256880477633 0.143682920090946 0.142999764866224 0.13654920829727 0.130334465674404 0.112315612830169
0.0384693227942464 0.0401936430153762 0.0350630999114556 0.045365917258891 0.0644897149766698 0.0821255436760629 0.102622485897009 0.121886236747817 0.113964068529773 0.0718529405008768 0.0428731422363146 0.0212718179699399 6.07250495287359e-05 -0.0149678682310245 -0.0139608296770508 -0.0155484835113655 -0.010768743662616 -0.00508400290974481 -0.0028517648060913 -0.00738695167649363 -0.0104738161705411 -0.0231670701346729 -0.0373540430908642 -0.0482977491406839 -0.0945155195897821 -0.174185980807025 -0.205607599819132 -0.198598997180157 -0.177426168332347 -0.155304396464548 -0.13068525983477 -0.0990977736558096 -0.0631022823057861 -0.0613686040503446 -0.0381795194426173 0.00225222726502497 0.0457835484405436 0.0704159232194669 0.0919527229355294 0.112536392725268 0.134692848018183 0.117638446579072 0.0958490226172531 0.0863823216219353 0.10450746668703 0.114485344453335 0.127870858591849 0.122172713298282 0.100108508086689 0.0817446492157149
0.0273928613992712 0.0304163798575411 0.0389621326716376 0.0495818877347283 0.0674389883119442 0.0914300254011203 0.11868427619286 0.10148183643414 0.0521402270717612 0.00616473640575503 -0.0234078417796456 -0.0499294043515919 -0.064365260801335 -0.0537283689684684 -0.0582891506234888 -0.0607642111324573 -0.0541002585165235 -0.0425325824364625 -0.0434436627167808 -0.0387686151305463 -0.0387880075888553 -0.0411068713924432 -0.0565358451876415 -0.0469020153269798 -0.142683282876113 -0.207087411588026 -0.238501234016085 -0.231771172830859 -0.209459501975577 -0.176639040486291 -0.138397658634499 -0.10217410733738 -0.0845119631795795 -0.0595180066144791 -0.0408312299082684 0.0202827515434712 0.0612065221944567 0.075791867425138 0.105994997841024 0.125728653257766 0.158073977214065 0.104678974969018 0.0793858152051087 0.0718876916039906 0.0737346496373836 0.0753359855372346 0.0765020874246783 0.0721957245322826 0.057287283601619 0.0419273690952571
0.0205121682949295 0.0330872196133283 0.0375939101662539 0.049413348837666 0.0707775970570241 0.100285246923988 0.110488835652372 0.0626035727348316 0.00322181961489735 -0.0407610579481412 -0.079292338092173 -0.0948257881350603 -0.0502932838632984 -0.0238182138486796 -0.0243220313462905 -0.0472399533526601 -0.0536244407135233 -0.0669713977646248 -0.071388173655163 -0.0667500697557739 -0.0561241671599534 -0.0562580658642624 -0.0660111161750536 -0.0751406135839237 -0.158427399580297 -0.230204592733848 -0.260357430133268 -0.270854327667717 -0.215329529301679 -0.199551538373025 -0.153359638269522 -0.114836279297107 -0.0913965993809601 -0.0652666105219715 -0.0307908300020802 0.0232357877423823 0.0648179175185513 0.102869937733404 0.132677851326452 0.145402093153703 0.164049276423107 0.115454423011251 0.0654620806737844 0.0482635847173867 0.0516179747523379 0.0428721409575522 0.0247630019666053 0.0109841017134907 -3.89505771835347e-05 -0.0102832131048931
0.0150550524221371 0.0216934535280898 0.0404296125782396 0.050656755865342 0.0818083376751126 0.102038621901357 0.0793285806007828 0.0274470384714185 -0.023743073251744 -0.0796921269254431 -0.11622340737421 -0.0583496421408998 -0.0272761007099592 0.000914645218434385 -0.00107808651328039 -0.00563231712609556 -0.0260180488854811 -0.0365506794942567 -0.0562015486006838 -0.0839358374910965 -0.0685689781483827 -0.0787278700550335 -0.0499123721717735 -0.115953852373721 -0.180908854509359 -0.233981812032712 -0.26496231828468 -0.251392978597446 -0.211653488873269 -0.190816919416517 -0.167898395746328 -0.135891602139567 -0.1051022308119 -0.0683423418268113 -0.025056112745641 0.0308965303410452 0.0770266568542032 0.116528325469363 0.151782557613414 0.177433548398225 0.146789260639877 0.0923087449837186 0.0599424712942375 0.0380035929408062 0.0224718618396499 0.00375737083079443 -0.00919627022894774 -0.0184985448599207 -0.0466318989876303 -0.0528450950850878
0.00142186306762341 0.0221153461042789 0.0397536395822679 0.0583148071875187 0.0870822260414098 0.0950138103724045 0.0468637168035356 0.00434112692196597 -0.0594056019682599 -0.128408931868883 -0.0704274644676439 -0.0165700059973106 -0.00422654159282871 -0.000504141988916184 -0.00286026405185057 0.00696995371726999 0.012958443734626 0.0306450072857163 0.0140375817858542 -0.00529321758626864 -0.0243960676654428 -0.0348475295484402 -0.0649365286916347 -0.132163461647354 -0.193027760074908 -0.221744613634359 -0.252898343817878 -0.246095062608356 -0.211195190986334 -0.179018729143566 -0.16252124748574 -0.139500262447539 -0.0930884489177202 -0.0435250370258789 -0.00884569881014271 0.0418698275373127 0.0827167823413305 0.122869826602935 0.162055061363974 0.164980604183226 0.125064879642217 0.0906147938759844 0.0659657325068394 0.0341861564000406 0.0027047196221392 -0.00896691793978519 -0.0317166328168508 -0.0543827045884963 -0.0602476742068349 -0.053860650691603
-0.00251247047932832 0.0149322925327095 0.0303270293725463 0.0529932119443158 0.0837100587475564 0.0753444521874444 0.0293802530484784 -0.0209989015944098 -0.0859217539688564 -0.0902314988505311 -0.0149714974852526 0.0166195244995876 0.0255340113421282 0.0128707631426748 0.0266424621444378 0.031635560476649 0.0213193930442373 0.0349547356527483 0.0543940069582041 0.0449514179899594 0.00614148745648052 -0.0295225828518851 -0.0948294317906902 -0.13405771667018 -0.178019687618177 -0.209600324861517 -0.228913249558529 -0.22775535908846 -0.204307071301509 -0.179644032044327 -0.156843947160114 -0.12133723995157 -0.0838590320656884 -0.0400720400561972 0.00923276499057303 0.0562099557896575 0.0920542370309541 0.14651231293929 0.172799066506092 0.141842379554927 0.113759639740317 0.0879019497643728 0.0642066946300022 0.0479808633092637 0.0154589783140117 -0.0245142080136351 -0.033873159475856 -0.041265287190509 -0.0222285393181048 -0.0292971340615845
-0.0151776445995117 0.00981024720831864 0.0293375610202056 0.0590333451583732 0.0853866004604316 0.0591846768838499 0.0110937684285354 -0.0386048321900567 -0.0675739045851185 -0.00899146762485276 0.0124501198863179 0.0383125007934225 0.0595284262080864 0.0598802415782302 0.058019276506051 0.056196803077826 0.0591062798587359 0.0800312695819897 0.0659137061680154 0.0338553612723019 0.00558108302302128 -0.02512983327635 -0.083574373144614 -0.124833065865447 -0.155246141717245 -0.184487943676481 -0.200540644424782 -0.20944449750817 -0.181333397006132 -0.171524567855505 -0.145645424919293 -0.105967757196185 -0.0649647412947509 -0.0353122799621432 0.0138561685350152 0.0534732603913368 0.104698243114146 0.135855065289522 0.133200277849479 0.128904016243543 0.112462593228719 0.0830293174322219 0.056368936070084 0.0335074824811629 0.0087810814533323 -0.0179266490348634 -0.029117369757348 -0.0145093211623533 -0.0188465684334394 -0.0298459147603287
-0.018166764830924 0.00673949512055456 0.0305503592383708 0.0561667913693416 0.0711162449374731 0.0463070641350157 0.000884530926369931 -0.032010260358704 0.0087831285573187 0.0389583448160127 0.0536272999077201 0.0758427837720109 0.0896882854727669 0.0890061144689379 0.0891935632756191 0.0889831894856325 0.0963761872099782 0.0817068752813488 0.0655520690632101 0.0389497092679302 0.00584513862126187 -0.028283402952324 -0.077760124244421 -0.120985605562896 -0.147369749458868 -0.171745751297249 -0.1900827027436 -0.183784096736888 -0.173607365651275 -0.147139343624961 -0.115112518425297 -0.0845749257989955 -0.0533061045149078 -0.0251846630528978 0.017914819378846 0.0623232003391418 0.0872244831191794 0.118564191418826 0.104080726731953 0.100411305507478 0.094221929824781 0.073134826123794 0.0502381144778336 0.0372934674214344 -0.0132120826565631 -0.0097296554736778 -0.00848245735364424 -0.0206352918182611 -0.016790701116689 -0.00582890009768207
-0.0140795275627632 0.0101103521825088 0.0257912911286243 0.0432368716539483 0.0538069039511018 0.0249530795052063 0.013479858789481 0.0369382747322526 0.0780891097933019 0.09365203368639 0.101979648991613 0.120743393000295 0.114867608550603 0.110559532213605 0.116243394994445 0.116970765752343 0.109917520600197 0.0911488601769807 0.0776385130929706 0.0384228842346419 0.0051792821613175 -0.0256547790347936 -0.0758122234674121 -0.114531107000109 -0.121835575215843 -0.156547912702062 -0.163287993335424 -0.147083335517218 -0.138924978084617 -0.109766201925829 -0.0861171156453857 -0.054989171772699 -0.0409860604380132 -0.0120053918263202 0.0139944994383418 0.033258264077515 0.0627447008314306 0.0717031096606555 0.065144070214248 0.0674861848784118 0.0682254167451256 0.0624591025854234 0.0538249695015479 0.0369325730996275 0.010656891923826 0.00610631238525651 -0.00697164984358082 -0.00344477718499782 0.0123416485443801 0.0357213376011693
-0.0632170907373139 -0.0369827799901621 -0.0190625581526198 -0.00878943315173759 -0.0396333955490114 -0.0144583093099823 0.0181621286149519 0.0452872941801332 0.0702717379189144 0.0890352341227302 0.106191625371339 0.103340580462938 0.0845795740804439 0.086176933171104 0.109889085105947 0.0942025639266006 0.100981667165648 0.0927125632253478 0.0699300408523903 0.0470662458014073 0.0121027007454549 -0.0255208722570649 -0.0615488519675576 -0.0928523669462215 -0.0998334080005409 -0.121170586120118 -0.120151362798976 -0.113603597006953 -0.106507198100046 -0.0807875338457634 -0.05022724908368 -0.0201544349499513 -0.0158606554595607 -0.0105636164063876 0.0123951130576074 0.0287096898593596 0.0471027841216526 0.0471380342077427 0.044716121121619 0.0538869703314522 0.0569359720927526 0.0688434333010356 0.0666840315760524 0.0571922332192685 0.0297254998312169 0.0318072952470854 0.029261873311135 0.0363335358125284 0.0674626725317933 0.0714873903785943
-0.108999343421101 -0.0884141120864778 -0.076923729208668 -0.0640656157262468 -0.0518374696926719 -0.0274983234538855 0.00709527510452386 0.034386832453096 0.0479951858876665 0.0667925925817384 0.100538310979574 0.0702127632877445 0.0501173390703731 0.051113407411186 0.0733255862650039 0.0824145027273087 0.0741708076158739 0.0738257263222627 0.0836304395863844 0.0564034302498557 0.0105688764141218 -0.0126050045450092 -0.0416347739496968 -0.0681647510269336 -0.0717859509021791 -0.0912262092319276 -0.0780095386604849 -0.0719777327486921 -0.0548614623400719 -0.0342230916253759 -0.0342193944223677 -0.0155170660317928 -0.0201380489056118 -0.0101165093796109 0.00593306181110091 0.0145974076015005 0.0309955093118214 0.0317588352095502 0.0409276398214709 0.0630951244160517 0.0741831749473328 0.0952489512863647 0.0894868146872972 0.085221259520441 0.0738807585701282 0.0722959523361638 0.0756878771974052 0.0779383410886046 0.0932797398666136 0.0980879214776532
-0.123806525951628 -0.106751621984456 -0.0910054847222101 -0.0752015126660877 -0.0505686525357205 -0.0249679069265957 0.0135809880202287 0.0213062038192838 0.0294627999780917 0.0549552782390405 0.067296718748344 0.0553258168702628 0.0385564433106272 0.0421030926949732 0.0697584964124913 0.086112580776196 0.101320241554096 0.0902500061006734 0.0795981434501177 0.0543356199044404 0.0333811710639136 0.0130691136217566 -0.015957364884074 -0.0372623591573195 -0.0527549442321416 -0.0595408651916562 -0.0420064677284882 -0.0203562420562334 -0.0086727839766069 -0.00465297028350837 -0.0138839602928273 -0.00360032373471283 0.00172061834112976 0.0128903090613497 0.00554129104435404 0.0041683998857093 0.0132237966076058 0.030960532018409 0.0591440372306136 0.082980888244784 0.09059433896674 0.0917408995606859 0.105349498059679 0.106723220011548 0.101702210519311 0.0929706662597366 0.0815189129524891 0.0806105067166478 0.0619780731212811 0.0579413592986707
-0.139511174117619 -0.11482126998021 -0.101209741244397 -0.0798523480662916 -0.0578327589893776 -0.0245379116417432 -0.0187881097762312 -0.00990674516249041 0.0253735411131171 0.0418527679063833 0.0327102385768691 0.0335855315345123 0.017346691118854 0.0254168311483328 0.053781133811535 0.0874628383290782 0.101341699836175 0.0999934425154051 0.0833133017655954 0.0520517549957817 0.0266993150761664 0.000470309598375906 0.00253462735534496 -0.0114188422861311 -0.0374089312641394 -0.0342284647089137 -0.0107312389845004 0.0181037756345694 0.0244938986569882 0.0122832474600469 0.0162648477102508 0.0132245132350124 0.00865332725546621 0.0180638289280275 0.0123487208631448 0.00735069165294937 0.0185377171355466 0.0437762192578663 0.0646507386524458 0.0771084784340742 0.102330377656693 0.1055488337164 0.0736691329737729 0.044855015466425 0.038462578559939 0.0193210071187128 0.0155588380695287 0.0121028463515757 0.00958070890451495 0.0250278107995831
-0.140163731100859 -0.132373717954547 -0.110711583931168 -0.109252417025818 -0.0832757166864538 -0.0705932908606496 -0.0438906621600297 -0.0332772998879231 0.00401113389407331 0.0307206592602283 0.0270375525559719 0.0236939142168261 0.0139342103009841 0.0129904047527199 0.0390614716515102 0.071328848032566 0.0858628222851016 0.0744879339785876 0.0684202876424675 0.0581131934231353 0.0273351780718249 0.0220786442625667 0.0178884015006064 -0.000403416433160194 -0.00300243062980144 -0.00461853087675259 -0.00192970576618885 0.0318341948202474 0.0375613869352459 0.0304431804839968 0.0189858911335758 0.0118073319638778 0.02057856619292 0.0321434867386723 0.0411185993165289 0.0258902878854884 0.0174399523986829 0.0324886049412522 0.0506273498586982 0.0847356517819153 0.0950709923189083 0.070988474707519 0.0347439800508316 -0.00677586575029923 -0.0253651587720532 -0.0512979292506884 -0.0578324117992186 -0.0414640964570446 -0.010422666223463 -0.00319903908738105
