data/pcas/pca_proj/PC16.asc
NCOLS 494 
NROWS 529 
XLLCORNER -117.166666666667 
YLLCORNER -55.5 
CELLSIZE 0.166666666666667 
NODATA_value -3.4e+38 
[rows 308 to 329 of 529, columns 300 to 349 of 494]
0.0447537700856755 0.0520788180413884 0.0459559202996645 0.0386937664987465 0.0418904656881596 0.0670553760421077 0.0729543715849211 0.0522065713495247 0.0509120008610331 0.0362257656617768 0.0153889689275118 0.000325018423356603 -0.00726288597667514 -0.0103841878072767 -0.0115866896906645 0.00169591720746156 0.0110036087531308 -0.000647520394190053 -0.0145356784561427 -0.0236184738315623 -0.0132879083349238 0.0121977288652221 0.00828055226913768 0.0174366990663726 0.0264405131594037 0.0266309474925026 0.0270764222911914 0.0260275514588848 0.0275933341005978 0.0281984300984558 0.0205286797423435 0.0230144213031841 0.016518833050026 0.0128188836664055 0.00613492393373179 -0.00736966824191552 -0.00540868440837781 -0.00468961777468215 -0.00250631620819326 -0.0025540022213808 0.00195425183325497 0.00545788358232722 0.00687401160387069 0.00249579266986438 -0.000830397322193441 -0.00363488656167375 -0.00231251690840927 -0.00688891706497735 -0.00867553572371075 -0.00851006148678446
0.0572367393550517 0.0533513381902448 0.0490561288802927 0.0442648094505186 0.0358617082971931 0.0415483396694103 0.0600679707605443 0.0354839368999778 0.0388699015869568 0.0330573080468531 0.0160378675799384 0.0105241776493205 -0.000956328493038067 -0.00602974607721441 -0.00737029314573592 -0.00371831702593713 -0.000982955274515908 0.00807170377033233 0.00114990561591406 -0.00730116904482366 0.0140503332070505 0.00868630897021674 -0.000319001885090897 0.010915599265908 0.0187023548819676 0.0232698445749743 0.0195765761763446 0.023516421001492 0.0243123011407465 0.022958786485405 0.0179046423395325 0.0223410718336754 0.0150610580286269 0.00536702549519903 0.00575903085235277 0.00609362093769274 -0.000114120999956741 0.00836562403488597 0.00335141111788719 -0.00106350986959427 0.00185506027575106 0.00485899288505796 0.00683404860139865 0.00159215845302465 -0.00246958884556295 0.000615969980631226 0.000393082723360012 -0.00584176477684785 -0.00306961135371769 0.002048097425412
0.0651823411399608 0.0595583937115383 0.0556772228667145 0.0531505711724663 0.0487833673589951 0.042106014846226 0.0480423821382396 0.0513490360337337 0.0345585080450744 0.0246633357688431 0.014907351309404 0.0107192482071511 0.00264991795180458 0.00137186116387315 -0.00302064191871502 0.00988614887812964 0.00042823850645317 0.00750749928401935 0.00809131715014623 0.00608327534243056 0.0172465878610727 0.00474765208872777 0.00672971850157427 0.0132192192636565 0.0200548646172168 0.0261573546534238 0.0268840152032389 0.0229762375441407 0.023528309076051 0.0183634847075516 0.0165197029555535 0.0171229112546126 0.0155547583939395 0.00593312189507773 0.00434678440056796 0.00820858578707094 0.0111110048949008 0.0111959397000076 0.0152814393207278 0.00762564878366851 0.00840432514661475 0.0157703336712337 0.0161933272494093 0.0082044478549448 0.0064236535941846 0.00282803677964648 0.00406970170898704 0.000351357005653366 -0.00394662934429094 0.000312358015661797
0.0695753445691862 0.0748973076334086 0.0637605899194097 0.04665403226439 0.0520157963395035 0.046353142142653 0.0514888914467584 0.0405109415225335 0.032289742792 0.0195084259726457 0.00681073278193542 0.0128261935222854 0.0103054815414272 0.00527944120623035 -0.0030685916826694 -0.00175100461870605 0.0130635836630866 0.00449591220803916 0.0129191008260719 0.0135529280395125 0.015105718119342 0.0106962163203316 0.0109577583068391 0.00909671982020545 0.0131993271872426 0.0230424092178854 0.0287097551945383 0.0264534589138667 0.0224213239936387 0.0166851574826418 0.0172390837542502 0.0236958937962372 0.0210678709575003 0.015658627953322 0.00807874457265339 0.0122358976135754 0.0114502830617974 0.00876039216109647 0.0150713426634686 0.0149030605248878 0.0200089793743606 0.0150823743522078 0.0176791366192262 0.0140666234586259 0.0076479950874018 0.00161115437532878 0.00143656947436606 0.00501570078774013 0.0010047901560193 -0.00302034345743501
0.0708424583947306 0.0665208002205911 0.0590122182724358 0.0442926541954023 0.0452704586146463 0.0462162787112162 0.0562837607220919 0.0430920793949473 0.033661194479807 0.0269615331640776 0.0109588204530605 0.0063787727543743 0.00611881757815524 0.00920153928789457 0.00328970266022539 0.000639589380294866 0.011981821956953 0.0037449105481344 0.00751282902904076 0.0163487413878472 0.0194792011357242 0.021205671240626 0.0154959339932217 0.0111865204458324 0.016618967559175 0.0232073127729581 0.0307754827237401 0.0213362875873652 0.0242318278209381 0.0228231578225506 0.0250535925678196 0.0263690446687266 0.0284295888206089 0.0265903211549326 0.0208149025059182 0.0149376944761805 0.0136687790640303 0.0120264821655885 0.0106796304399015 0.0162490977701629 0.0186820568800561 0.0262742520818989 0.0174807965008829 0.0137208988028907 0.0110193408766895 0.00957440998103812 0.00690290867802159 0.00496967797190165 0.00197383587181525 -2.63581227888917e-05
0.0727052707757846 0.074203902069407 0.0711789446491134 0.0612841211693299 0.057935670832795 0.0535625388609981 0.0534935659054288 0.0506462898513365 0.0405600133851104 0.0248312663900002 0.00996495756841265 0.010304335709282 0.00573920602110538 0.00719586304755079 0.00631700663369692 -0.00239060558872307 0.00507754245909158 0.00648862046374656 0.0180178001321775 0.0185873875985277 0.0273455685756189 0.0205841915258591 0.015373108210157 0.0103359120020196 0.0177050167513182 0.0215242516587755 0.0229811152040216 0.0282187122984456 0.0333064015755263 0.032093666769682 0.0271230528877604 0.029555714940404 0.0286744985530446 0.0239320813500736 0.0251416507835242 0.0250160738554142 0.0239042199030627 0.0197131567676508 0.0137877237924679 0.017383742091691 0.0197664094546838 0.0170746222311633 0.0193794083908009 0.0176696950288587 0.01311778242034 0.00145587025765946 -0.00211137307778758 0.00514970971487756 0.00810169009899697 0.00564773238691616
0.0737124369944174 0.075427124935931 0.0797574217905563 0.0779525009487175 0.0682766108075342 0.0668029197327567 0.0600409673118473 0.0519951961949488 0.0417249573502137 0.0196703362205705 0.00705578712008075 0.00601214214499503 0.0125681931340289 0.0100600436598578 0.01469247978598 -0.0043537451069866 0.0114629432611465 0.0140069852319517 0.014336021481507 0.0234851107500348 0.0310470489863596 0.0250986986220572 0.0168289827627769 0.00853169916915266 0.0216732024092151 0.0211605463248022 0.0204894057099212 0.0264815941184939 0.0327173666288911 0.0318320175076897 0.0287524977096078 0.0305975307038688 0.0327075721366653 0.0268167684593198 0.0256352598283435 0.027269294389159 0.0284755028355177 0.0259792239850846 0.0301642284202514 0.0211306809090825 0.0256389834926437 0.0176629019808248 0.0235352391010613 0.0269013229522884 0.0233451541959212 0.00844841646268109 0.0041226223685898 0.00574014281962663 0.00618740915230569 0.00236412413093385
0.0738668347436634 0.0774659439635068 0.0767207677078646 0.0640130375844314 0.0795985864139591 0.0706561071798676 0.0604376729023346 0.044129121860569 0.0338522896078815 0.0249859144917388 0.0170688420552619 0.011811127919651 0.0148718940518487 0.0149097083811246 0.00465087743291821 0.005340258291565 -0.00174639486851011 6.30314648599408e-05 0.0174663269432906 0.0328572631219299 0.0254907500245987 0.0267440302027202 0.0229013715991907 0.0204073934014824 0.0198845757901983 0.0238123159814584 0.0266224502151721 0.0319014282837003 0.0297281706506152 0.0332305981176386 0.0383867529498116 0.0352512220259585 0.0343393112886316 0.0325946849295274 0.0293441947509126 0.0293640000849646 0.033097482031543 0.0302380959076313 0.0320545429764478 0.0284122272831119 0.0309603412828011 0.0260112616330059 0.0290278923494112 0.030956414398195 0.0243575001383919 0.0178413982268185 0.0074441146124286 0.0059277910538884 0.00947703765920072 0.00904112758439542
0.0649499765237593 0.0812667545470219 0.0761299000867175 0.0706406876131653 0.0695423722797336 0.0598263126180794 0.0489664350429864 0.0416683695569732 0.0232319412461477 0.0141777592059262 0.012242300267728 0.0148509701370142 0.0145416899816796 0.0108214202669474 -0.00491144571081922 -0.00101374963833292 0.000930536824943079 0.00454087526950434 0.00765240756208291 0.0181719602433063 0.0146469654108518 0.0203008671718972 0.0204262401520855 0.0176858241540206 0.0189804038534144 0.0217402597982238 0.0239222958515554 0.0280692239098778 0.0324643000882206 0.0327707212016487 0.0370121377025609 0.0413752966349184 0.0387449121258193 0.0367325865085956 0.0347355996559613 0.0317587761774036 0.0322267618592613 0.0357290433787971 0.0313839479333386 0.0353232305729682 0.0338753238117219 0.0350812970082516 0.0338761504802802 0.0361965697643667 0.0270486239100844 0.0243642337786912 0.0152402468194307 0.0167163763093386 0.00780950339231919 0.00825252971677894
0.0697542459039412 0.0795808079031002 0.0773829501367171 0.0686103363254064 0.0662976758821898 0.0557590297184313 0.0500131635926151 0.0425763085906325 0.019960178089923 0.00936260325495977 0.0145411817243904 0.0104133118628047 0.0181103485850399 0.0136861140745483 -0.00372578621784282 -0.00176595111927764 -0.00665109515077565 0.00797197896749734 0.015316001795124 0.018332751451558 0.0118741967353482 0.0144885337689299 0.0139073144386858 0.0169880963238751 0.0172179002241606 0.0281899307052228 0.0301865202239084 0.0345833408433811 0.0338726266898622 0.0373735789232785 0.034037245485382 0.0373648616887547 0.0370228724905673 0.0381132287902224 0.0371718171814194 0.0370008290577391 0.0359131418344751 0.0369203367010945 0.0405892644832684 0.037631553903967 0.0333072646492344 0.0392160707497751 0.0416122880391301 0.0377733560620098 0.0354001702264548 0.0325032947832156 0.0196945001275696 0.0138133650371388 0.013752251055582 0.00343410786246309
0.0740737756208925 0.0661380664400048 0.077274939220163 0.0730834995492167 0.0690656250707404 0.0587570556296669 0.0473256853557725 0.0403131539948613 0.0197296671404222 0.00791050958636513 0.0061086722342516 0.00696208406020895 0.0132005210989378 0.00691260336444196 -0.00425176979713772 0.00796757643647079 0.00145295414401288 0.00704783655320066 0.00661559049791356 0.0132499561678477 0.016795108112115 0.0149111860939068 0.0127300904091791 0.0163545820751318 0.0203856464169602 0.0285742735149358 0.0297537229818167 0.0343411400123146 0.0354593593056699 0.0381692382265992 0.0315362681737239 0.0294575388609113 0.02925882908487 0.0335554840340808 0.0362607051246451 0.0386916616234578 0.0384568122890948 0.0390259412788265 0.0417098302946533 0.0399793061930291 0.0407734952466111 0.0417054236441784 0.0466046356718022 0.0439630653024043 0.0381350924610179 0.0324940147284939 0.0309877460315259 0.0179200303665983 0.0184993123720149 0.00905244679799938
0.0655455021745377 0.0737206385793909 0.0705245044677278 0.0716961080161228 0.0691984426697396 0.0604108226413812 0.0463015926673753 0.0393058946357008 0.026560809442334 0.00801207076578436 0.00538605321651674 0.00369932455657036 0.0109196937397182 0.00679331377953867 -0.00522492062654246 -0.0114830968196403 -0.00638398835394339 0.0107743410717192 0.010988814212707 0.0106218294278281 0.0168112949982536 0.0225632917909635 0.0179695132187672 0.0186942814508235 0.0226996051461184 0.0222178584224455 0.028460203961373 0.033612129604224 0.0395008532170255 0.0354765352010347 0.0301961873772983 0.0291734139935116 0.0295164895968029 0.0344346204162986 0.0370072884153913 0.0357550689018594 0.039939602779223 0.038581773963523 0.0401771196587113 0.0420248433852391 0.0404359659370699 0.0462951779301499 0.0486811480429021 0.0434880603392859 0.0373177273613875 0.0323651731991109 0.0245934236357335 0.0207376862825161 0.0124740889605889 0.00661207394709044
0.0703679698551075 0.0731480643682674 0.073389249401729 0.0722745687322736 0.0700281239920008 0.0618788512118437 0.0456997910071138 0.0373258123093431 0.0218156342356714 0.007185760362853 0.0104882813082559 0.0102698977062444 0.0067803581193538 0.00362107174986824 -0.0107909517329246 -0.0163392478859458 -0.00477134829066534 0.00550938493687332 0.00956125886109546 0.00927836062079006 0.0163604591928382 0.0186086273697217 0.0152478709290735 0.0172091722259258 0.0130766283384533 0.0189263647131322 0.0226996222674794 0.026878139983202 0.0364947326929778 0.032959790249892 0.0266750207248258 0.0278762571987208 0.0300424642044105 0.0405665147415152 0.0362908105790886 0.0390084091564774 0.0365492396367021 0.0395803884475156 0.0416076971088972 0.0378010952557135 0.0399927858605999 0.0426094887443666 0.0441834094433491 0.0347152689362184 0.0360132650600948 0.0307898902191384 0.0279556567376871 0.0232796949286696 0.0153176001778846 0.0118828896995382
0.0752187003917528 0.0720309364280521 0.0759167924299735 0.072142460832456 0.070685274329572 0.0620662313153103 0.0499277021914807 0.0363544101115454 0.0203781032789414 0.0141908577747373 0.00900262851649766 0.00825655632376885 0.0142971982862536 0.00617417058911227 -0.00680249385725033 -0.00585850266735991 -0.00535038434304295 0.00525171653787169 0.00156151450378081 0.00607756826968923 0.00945370827734989 0.0132924488954621 0.0149765174490408 0.0203456371634508 0.0184638791708863 0.0176154874431752 0.0212744777271052 0.0277002118622596 0.0325445945675592 0.0310707010527134 0.026378486633238 0.0289362902040292 0.0339712021589113 0.0332132608300226 0.0402608438499723 0.0365187028893083 0.0379652747097308 0.0475367491112765 0.0456057540511864 0.0404181055918237 0.0419191438484162 0.0418237944547979 0.0467436987421784 0.0381465392736077 0.0358524920944021 0.0364443173512456 0.0260593662974495 0.0226751209803091 0.0136602642331557 0.0106839937697975
0.0725755689138847 0.0750141518619828 0.0735730522101557 0.0706001601620656 0.0693480526629927 0.0616666503098904 0.0518717594724107 0.040433949974443 0.021118755490714 0.0134461048764696 0.00897939836246987 0.0118389762654937 0.0132187947777417 0.00603938601535883 -0.0105462042389354 -0.00718391504556891 0.000803046607362272 0.0163830594163677 0.00811358647699257 0.0100429201709228 0.00964683818269244 0.0118980179683525 0.0134346381414268 0.0166151004144048 0.0173599311578374 0.0213516309085465 0.0159815884353726 0.0271560128930281 0.0346759635310364 0.0310487007430936 0.0339038403397953 0.0325840788020154 0.0363346969051462 0.035268872677455 0.0389751529089625 0.040882516121087 0.0410662743523431 0.0409755660065916 0.0464891048672895 0.0474373267862328 0.0415791163309766 0.0419384140953565 0.0413293276289644 0.0359218248933487 0.0355451711227526 0.0298380419135751 0.0316365979572426 0.020713222952723 0.0173724453424056 0.0193611825339347
0.0716501053734026 0.0762579364740183 0.074491407505392 0.0717986599919658 0.0712215161228557 0.0591263934428787 0.0442421889459774 0.0328902921858451 0.0188023916374015 0.0165333616574378 0.00847055674943998 0.0124575462090906 0.00589469627195039 -0.00215625095392771 -0.0109381347801831 -0.0205127947100784 -0.016771451628575 0.0105005212724577 0.0117855257812323 0.0111436501652643 0.0115450154264915 0.00870389151623621 0.017575005949159 0.0167882545553201 0.0179573689333138 0.0171377240052182 0.0141953534998041 0.0254730712529928 0.0311207433303791 0.0289649940742535 0.0332470425206566 0.0360627949541928 0.0366589395105954 0.0327081569969745 0.0382297912517552 0.0367331910409551 0.0414271370090127 0.0426055866194893 0.0449993649219322 0.040580078055794 0.0409400683055878 0.030845187864109 0.0389061673897487 0.0329774441371675 0.0393609702954597 0.0366050627390084 0.0339032278892263 0.0233721687768048 0.0158702090855054 0.0158266413422838
0.0781383373822137 0.0797810156267036 0.0774061173256753 0.0742985059723203 0.0664717798705675 0.0579304759240321 0.0485912179326409 0.0316740494138776 0.0125642655598739 0.00973603719736581 0.00864554446481342 0.00290906263072325 0.00615212660635391 -0.0100138637537339 -0.0095847581000397 -0.00934664188326399 -0.0174984274586092 0.0101186142539996 0.0275807043455616 0.0335828370790499 0.0268438057645982 0.0248950160193776 0.0125409244226581 0.010203210941689 0.0122504072128703 0.0119454074280241 0.0110460106285031 0.0216632763536768 0.0218624415551524 0.0230554117074231 0.0300531690985571 0.0345812828834795 0.0307830537214457 0.0311278685261411 0.0394387565881141 0.0388741995687245 0.0422580127969054 0.0394189456323171 0.0399342535490127 0.0393589157120898 0.0366390785424805 0.0363451053373227 0.035858765034991 0.0312049562693385 0.0334523266229612 0.0375581481147562 0.0317036362204725 0.0256095338381869 0.0188355171507311 0.017957722399317
0.0803758094540108 0.0772772137773072 0.0753496398286192 0.0744541266369775 0.0605203117229497 0.0489710941843013 0.0446275361754761 0.025527239577147 0.0120281364502496 0.00663782840161568 0.00456768550589238 0.00370949129717078 -0.00313568688293081 -0.00932598423719704 0.00460869976195816 -0.00171278168896782 -0.0140112190331037 0.0123589561426227 0.0334632436946224 0.0420097482641231 0.046957676586961 0.0347424870521367 0.0144021022015783 0.0142199785672892 0.0120236222809362 0.00906398287980766 0.00928357893120685 0.0130702155936965 0.0197264733545604 0.0226772198591026 0.0245155968740683 0.0323428204619016 0.0281818266601626 0.0320492141174488 0.0332046246087865 0.0334416971720852 0.0341740773207746 0.0365010762010227 0.0394683476082958 0.0423407784876417 0.0458508325349343 0.0440583446989062 0.0424203221030586 0.034120619874494 0.0335156515272741 0.0311751858412941 0.0346569801013866 0.0285888588729347 0.0186920246208773 0.0177752332337512
0.0765192256103808 0.0757299190251925 0.074469948526451 0.0638652873038514 0.0537508262400429 0.0384816396958756 0.0394431698251369 0.0253753832428693 0.0126296744668322 0.00809937971896197 0.00680596050064416 4.56379092955506e-05 -0.000687867176328486 -0.0110576735146593 -0.00225333808001327 -0.00408063684033105 -0.00233518948304469 0.0158890143764984 0.0304349509695824 0.0363763632070655 0.0466903384358571 0.0237130914863776 0.00914669619472303 0.00690868233344797 0.00514149180430493 0.000778815673232057 0.00181332819705624 0.0081511053339264 0.0144416421828681 0.0189657975174996 0.018241630464006 0.0265411670536399 0.0305441921560421 0.0315730485350085 0.0310251682619028 0.0334782141840235 0.0324830360508405 0.0391209070996423 0.0418876403527579 0.048554496652724 0.0510225699087193 0.0535122785681492 0.0376202878883747 0.0292528775065985 0.0341559847677487 0.0278152620540227 0.028333638455928 0.0293511677690416 0.0284180563963955 0.02017183878393
0.0730112870671408 0.0647896749202259 0.0659544917410648 0.0583161854913594 0.0484380701225272 0.0386758578739507 0.0403419028818603 0.0319735950079575 0.0157202347063066 0.012227210243297 0.00469590510004951 -0.00137594028334011 -0.000166340515076962 -0.0117780330867775 -0.0116269368726572 -0.0137470230068569 -0.00330434813518371 0.0183284051741002 0.0202293378562662 0.021438774601371 0.0234722287971114 0.0118940892100914 0.00194110836431955 0.000729439271902986 0.00374157273292461 -0.00065900333793412 -0.000467006666130338 0.00634840417801896 0.0109393641100782 0.0177871171413774 0.0167519585035828 0.0247996426371821 0.0271369387955077 0.030908089563741 0.0306561269667561 0.0327332493743906 0.0334905914399492 0.0323078975537117 0.0377920760029965 0.0451209698068545 0.0524197023702689 0.0535638514316826 0.0366426054974222 0.028177963891644 0.0310286331421881 0.0288801497129095 0.0236882023889375 0.0240809249241741 0.0315072632267703 0.0271529497718861
0.0714772339207243 0.0699272273435847 0.06420967982937 0.0582463333343839 0.0465925607141341 0.0372577602560362 0.0399728062955106 0.0269630958481164 0.0182961567498054 0.0111636901566971 0.00348803538345864 0.00389700095449755 -0.00670066744368059 -0.0197157749110189 -0.00859024488708657 -0.0101673684227375 -0.00193382133424687 -0.00271323280383857 0.0052531572052399 -0.00396521553121308 -0.00161958300345673 0.00535649500756652 0.00141054486086833 -0.00382493512904318 -0.0115932452586341 -0.0063348644494491 -0.00398106851778745 0.00129831391714253 0.00237534586591638 0.0106352099191229 0.0123035684922362 0.0233984833334779 0.0239163560097629 0.0299420601518828 0.0300960362769526 0.0340980989827224 0.0348382268822216 0.0327515912562864 0.0357879648580584 0.0469300662571669 0.0542302437983538 0.0428791015173696 0.0296799151167188 0.0228809923492802 0.0221558437223587 0.0172247578754972 0.0235195484529726 0.0230536651946244 0.0302366059156744 0.0288580043360694
0.0678241052329698 0.065471530583734 0.0574187950864306 0.0513698880139721 0.0398477956851719 0.0406532693493825 0.0329904359006452 0.0261946476851932 0.0173942767449072 0.0109694354365905 0.00657359135229412 0.00468691147767373 -0.00863815103443261 -0.0100871908728262 -0.00703407394557592 -0.016934533758608 -0.00824200335645106 -0.0093286822256547 -0.012245717379774 -0.0067346533507535 -0.00329102898931138 -0.00305193050405148 -0.00867453599228149 -0.00864642735792158 -0.0128496425686455 -0.0148248208314746 -0.0129010352652822 -0.0124710349879456 -0.00571025434052574 0.00310465073781859 0.00744628827353701 0.0211536368195565 0.0230438402440348 0.024916816603459 0.0322418695850303 0.0331566332072109 0.0360441699318961 0.0440089445618473 0.0448850375982023 0.0568028529969075 0.0458231929283021 0.0295313235971531 0.0133227527574249 0.00567265442117997 0.00906827342573042 0.0155367458862914 0.0147854099171069 0.0223006036698262 0.0425659437615605 0.0374639433112544
