data/pcas/pca_proj/PC17.asc
NCOLS 494 
NROWS 529 
XLLCORNER -117.166666666667 
YLLCORNER -55.5 
CELLSIZE 0.166666666666667 
NODATA_value -3.4e+38 
[rows 462 to 483 of 529, columns 250 to 299 of 494]
-3.4e+38 -3.4e+38 -3.4e+38 -3.4e+38 -3.4e+38 -0.00489505982919284 -0.00521621817423549 -0.00334818231027352 -0.00463219811378887 -0.00263476542881599 -0.003095005893871 -0.00515141349573037 -3.4e+38 -0.00202338193636434 -0.000340394516265814 0.00114852680595637 0.00438663169296401 0.00611247996914822 0.0110416901767666 0.0132438083922106 0.0139235737736575 0.0150380140310622 0.0173200840347817 0.0220201720633914 0.0242396743744116 0.0247631644772619 0.0270565050985358 0.0235325095485761 0.0224133425638168 0.0246700917103387 0.0245750594317003 0.024560858189591 0.0233565008404689 0.0236150135831195 0.0234182519726687 0.0212475634849571 0.0202968264361006 0.0205107220124582 0.0226035184063597 0.0231367038634747 0.0200552045972777 0.0175189329539802 0.0164728263282475 0.0177636738585808 0.0177995001056441 0.0166186406412478 0.0165953383262139 0.0165241247126711 0.0142030903272847 0.0107595661480541
-3.4e+38 -3.4e+38 -3.4e+38 -3.4e+38 -0.00679377366611034 -0.00464812596085783 -0.00448410758841392 -0.00347702923121426 -0.00241663204868718 -0.00288883210109552 -0.00293974705700077 -0.00209973001608795 -0.00341800734555669 -0.00181564752916348 0.00148183799299618 0.00180682300852946 0.00345541417960969 0.00447636320288166 0.00917316867955835 0.0111127496346842 0.0118406191923633 0.0140219248025892 0.0177877432312569 0.0184846220385202 0.0204158578005863 0.0215148431670985 0.0223856176710762 0.0210657336808232 0.0215251284627369 0.0241999220775139 0.0246060708360239 0.0246942816735393 0.0239350040437675 0.0252407751445322 0.0247022113513759 0.0221002687674275 0.0199522581705242 0.0206648408753185 0.0234512069351379 0.023207828946852 0.019871090057047 0.0177937734187119 0.0164236303437325 0.0154723336617247 0.0166946729616218 0.0167137074848074 0.016572854591405 0.0155860045737564 0.0131424919404126 0.0106240725359934
-3.4e+38 -0.00729817816454952 -0.00725077485688235 -3.4e+38 -0.00842744008995666 -0.00558232971666973 -0.00494681252337072 -0.00310583639982823 -0.00200408602674332 -0.00158521447884839 -0.00353237398915302 -0.00235357497521138 -0.00412986473146571 -0.00195036240682584 0.000719549945816245 0.000584424270810113 0.00093335603338316 0.00495198282333463 0.00792893712047891 0.00743053948117993 0.0089066232281268 0.0114101242460706 0.0154353195566132 0.0187904500078362 0.0196302308627218 0.0201457896986545 0.0215393777630767 0.0217599229985666 0.0227133806334917 0.0230158367939008 0.0225830963768652 0.0240116788481739 0.0231716959328019 0.0250822669559477 0.0229936720263779 0.0217342226140353 0.0202179531476903 0.0225428203763125 0.023908772075515 0.0232043799130505 0.0216492690977257 0.0216474395631241 0.0187239546057471 0.0191502288495485 0.0182999958069035 0.0176326377846491 0.0162538473555955 0.0135696561757914 0.0130113342259042 0.0107277249748249
-3.4e+38 -0.00701904540186254 -0.00719251218829468 -3.4e+38 -3.4e+38 -0.00965880278324716 -0.00453688264677594 -0.00316200024040422 -0.00217320983574592 -0.00214182396601102 -0.00358146542109574 -0.00485547962466834 -0.00575329061199308 -0.00324264268668217 -0.000922857323869948 0.000706379796087906 0.0045385946109244 0.00427900382404009 0.00448593220976624 0.00550637439880823 0.00892090002404642 0.00967026964283105 0.0110392451380128 0.0146444020046614 0.0142939856247791 0.0180320065915503 0.0193160178737467 0.0203578074152711 0.0211494773105053 0.0209785200885639 0.0206735292718203 0.0217988476660365 0.0213832710490489 0.021133463710894 0.0210607917700698 0.0208922124477937 0.0203062098307169 0.0213897534096407 0.0236857524634338 0.0235042387245793 0.023647460277135 0.0233236535065082 0.0202204798902605 0.019648272948745 0.0191106460024362 0.0173793153480087 0.0150322700955938 0.0134444921900231 0.0125146735926633 0.0106526279463157
-3.4e+38 -3.4e+38 -3.4e+38 -3.4e+38 -3.4e+38 -0.00798437311048577 -0.00597674946882792 -0.00454257976860887 -0.00148908240469121 -0.000433416325774454 -0.00111484641803276 -0.00537621598474521 -0.00413700198389135 -0.000597403714602139 0.0035015985550607 0.000927156169471941 0.00364456380933632 0.00278840348226148 0.00440606235385094 0.00537243775390875 0.00700597582598747 0.0108343018276222 0.0113734270046322 0.0158676942515297 0.0195225356460583 0.0193905071700631 0.0193445931485482 0.019597556485617 0.0193641854139048 0.020054962124257 0.0209099459095681 0.0221683632777424 0.0205131497584218 0.0215987284904987 0.0195182218716237 0.0174804133636603 0.0186935444886753 0.0210687673056973 0.0244089438133086 0.023264961847857 0.0209379525292261 0.0205415982410878 0.0201818834513647 0.0188605627686147 0.0165103984130789 0.0153480115073026 0.0139143237274698 0.0144034722913732 0.013420670875296 0.00759925561940345
-3.4e+38 -3.4e+38 -3.4e+38 -3.4e+38 -3.4e+38 -0.00761001198273511 -0.00401375805632971 -0.00295580742020055 -0.00162108224132516 -0.00055579582706711 -0.00123087102718355 -0.0058546351570058 -0.00484232718508353 -0.00116200211964661 0.000207440434223353 0.000714395555863777 0.00174362612498567 0.00243523659636946 0.00326724250457209 0.00468309929880495 0.00705305814474236 0.00888523223241482 0.0109233612326929 0.0149381920467759 0.0175573648930893 0.0179525387089244 0.0199964829917611 0.0204330993255267 0.0203876833543831 0.0203851968586581 0.0193710370152076 0.0197806313957902 0.0189007119094422 0.0193748229419505 0.0188154673115038 0.0187199144030934 0.020507605245346 0.0221469034367942 0.0223744557556952 0.0235992468708434 0.0216685941568659 0.0200650280514302 0.0212323971027909 0.0200120068028535 0.0173418948174406 0.0154234901054676 0.0153534481150009 0.0138553043228752 0.0119416012533896 0.00601730878000073
-3.4e+38 -3.4e+38 -3.4e+38 -3.4e+38 -3.4e+38 -0.0080298553628918 -0.00475622874254086 -0.00376707297068159 -0.00392883481118784 -0.00266248084653124 -0.00458101248441 -0.00386534077537211 -0.00414024148155651 4.96975602343044e-05 0.000120563070149965 -0.000442045015651943 0.000949645863637967 0.00184150818843462 0.00118831050636998 0.00274271716580826 0.00688689596109453 0.0104264764524186 0.0130615981309223 0.0170528806110077 0.0188133114038868 0.0180414208194084 0.0182240293117271 0.0189266136988849 0.0186227502031347 0.018542962222144 0.0178282999410294 0.0176660308054616 0.017835675242942 0.0187215245113835 0.0187199880795535 0.0185330889175834 0.0200752026953895 0.0200217105247217 0.0206062268554271 0.0233242275066487 0.0188630237456393 0.0220916246487826 0.0212773989946274 0.0189497550662175 0.0177086389584377 0.0154699689029891 0.0139347933147424 0.0128592860736812 0.00888070786090315 0.00564671574220338
-3.4e+38 -3.4e+38 -3.4e+38 -0.00975666680574441 -0.00851171679443498 -0.00760291980000826 -0.0056184808080766 -0.00492883879050718 -0.00555103463846377 -0.00238590951299182 -0.00389212478070317 -0.00386483066859876 -0.00456350675393163 -0.00111277456358529 -0.000859772179477952 0.00150454000821498 0.00254174301514013 0.00104641753017207 0.00171774544271938 0.00416035118177025 0.00712014724817256 0.0107281977080825 0.0137642164425563 0.0169019584218532 0.017277712743599 0.0181407493916306 0.0167655597427107 0.0173936215500476 0.0155655957995871 0.0155541365401466 0.0146942399427515 0.0145354861725043 0.016445925370895 0.0146485919299257 0.0181071852120491 0.0158379359608097 0.0174516357340665 0.0194792933938703 0.0215939895802621 0.021233623655315 0.0162311435065424 0.0207001517326521 0.0202180256990463 0.0181319282385144 0.0149175212840357 0.0144622736334198 0.0121142764182285 0.0102140454995771 0.00630685146201484 0.00600596548777619
-3.4e+38 -3.4e+38 -3.4e+38 -0.0100634980465535 -0.00984215438089592 -0.00775813529130638 -0.00636091034334915 -0.00509193356288061 -0.00520996085015123 -0.00285018987044786 -0.00466848543745656 -0.0058370752461287 -0.00369310373172948 -0.00244469423218104 -7.4708193327591e-05 0.000748598191701086 0.00260478277533427 0.00271643626381818 0.00376582277362815 0.00437556407769629 0.0101699496200208 0.0145578137824159 0.0132803463576532 0.0152184342072971 0.0163176675750036 0.0164510294259847 0.0139976787844618 0.0147973698878077 0.0148948216897469 0.0143001519460256 0.0136006018935321 0.0133676039097707 0.0127776685536287 0.0149120816520736 0.0148474239489548 0.0148013275076132 0.0138128106338787 0.0193304595304455 0.0212394954532033 0.0223499632765511 0.0223991903768407 0.0213017132087183 0.0192235187634894 0.0162838747077081 0.0142032201628204 0.0121736503589767 0.0106164449642563 0.010070253168511 0.00910777184321639 -3.4e+38
-3.4e+38 -3.4e+38 -0.0103822046064036 -0.00930460207801505 -0.00914146821942257 -0.00840486506334337 -0.00746436246740019 -0.00525642144930118 -0.00493727111298231 -0.00427595071761497 -0.00489935932385033 -0.00497942225349573 -0.00153352767298312 -0.00016306542313523 0.00083937630509167 0.00586620848950389 0.00548862803740282 0.00692683340988434 0.00870756498821368 0.00904384634475331 0.00983370213911976 0.014652806620588 0.0197978748714872 0.0175141105792602 0.0141434588623494 0.0121515975221514 0.0133901286133965 0.0145418754927096 0.0132890473002487 0.0139024085889147 0.0129849754698919 0.0122374928486515 0.0114310495060546 0.0103150026176139 0.0131512250669787 0.0133504326202065 0.0137916988061625 0.0159186915437232 0.0178473019783883 0.0197252966747613 0.01844983304767 0.0179247333268318 0.0163125484535698 0.01476630703681 0.0129995791276388 0.010965507475995 0.011051454983137 0.00941121817674742 0.00644531965184988 -3.4e+38
-3.4e+38 -3.4e+38 -0.0104412495118578 -0.00932647194219575 -0.00948706991079949 -0.00670617010028778 -0.00612695259055426 -0.00490682955342679 -0.00378258837373956 -0.00416125694424991 -0.00427578523794227 -0.0049705197599176 -0.0030781271927806 0.00172164536085467 0.00259262648529643 0.00626514127061562 0.0087752859447509 0.00828637422657282 0.00825125284856682 0.00898937646579287 0.0130067520692535 0.0158519218769546 0.0185391583277285 0.0211587340914845 0.0202349299123548 0.015615971122032 0.0147484149002697 0.0149807955730291 0.0138943565963391 0.0138176402091308 0.0125384558535542 0.010951045245052 0.00898497572642824 0.0083893327469567 0.00979974747155084 0.0106320944227734 0.0108502608892177 0.0126297361990151 0.0138461862488274 0.0153600943419851 0.0145492429576973 0.0143750449005914 0.0142854818965993 0.0135084657675722 0.0144754748543695 0.0125151419174776 0.0124203991273607 0.0125482856268032 -3.4e+38 -3.4e+38
-3.4e+38 -0.0139155548749561 -0.0119274523341263 -0.0110262887909296 -0.00920184615766024 -0.0078411757159972 -0.00636881442947943 -0.00450792967686642 -0.00399849264776532 -0.0071052551855058 -0.00647439065532553 -0.00438297079652102 -0.00105302672514391 0.00195680583960311 0.00306415933689301 0.00320915045731307 0.00598917454301757 0.0098936483614648 0.0117499562139787 0.00950143426837254 0.0096557551642723 0.0118642472772645 0.0151568022262876 0.0168761554991057 0.0163302253496193 0.0159426880684787 0.0162652177816595 0.0150968028032863 0.0135081496909866 0.0119711687002569 0.0100753602932957 0.00818700491698368 0.00628670258705883 0.00580392549227334 0.00699439962732942 0.0071485768676979 0.00761561807710555 0.00842059038357981 0.0102110739505836 0.0120904004758225 0.0116076290519692 0.012394387287861 0.014038808730125 0.015472214122036 0.0155669718993195 0.014677603064887 0.0135153274939507 0.0134879714977551 -3.4e+38 -3.4e+38
-0.0135098955090628 -0.0115071351238733 -0.0131894117262822 -0.0137408213395703 -0.0121579819634352 -0.0117398326843843 -0.0125025466429536 -0.00965065378005437 -0.00770023394669587 -0.00637291300471173 -0.00515331995534026 -0.00587440525135354 5.25339315055054e-05 0.00364770524863774 0.00185251032724003 0.00210688903282252 0.00649414756317577 0.00717499954936781 0.0105756497903332 0.0120956588641062 0.0120869398698765 0.0105332654222299 0.00952300853641808 0.00710369165389587 0.00690709203840024 0.00829307432105949 0.0113356333943447 0.0110755427522031 0.00858103048063045 0.00741202265855971 0.00688736761899985 0.00565517896738128 0.00807802397754064 0.00782176170609778 0.00369949223157799 0.00333479981715321 0.00391026565721917 0.00526506783187816 0.00732026754975161 0.00832015638923253 0.0108121270918825 0.0116688097517143 0.0131994401359794 0.014610688742164 0.0153868355196542 0.0143047636439301 0.0125991302691582 0.0125295167761933 0.0131899017200086 -3.4e+38
-0.0179539009172175 -0.0142940803394532 -0.0156683795597415 -0.0151121983911805 -0.0146777973228765 -0.0128694188378223 -0.0133427547193474 -0.0108663459889299 -0.00685062488123219 -0.00655722711178061 -0.00573736334952841 -0.000504384062705193 -0.000528671813310449 -0.000169926897441957 -0.000209998517730696 0.003065096572547 0.00733368693241523 0.00602589206069203 0.00741810985497457 0.00882495500498969 0.012515888563974 0.0156426351758716 0.0200589919460374 0.0166517838151874 0.00966488399963174 0.00652857486188766 0.0106317588435675 0.0111010261158807 0.00806968778829256 0.00618251907629929 0.0056297695397408 0.00792695954374837 0.00674656966519197 0.00559451083329469 0.00454759132650763 0.00294461170247202 0.0027527716416346 0.00258002800338554 0.00434011736075733 0.007378741040092 0.00986322534221448 0.0126194167176544 0.0141386352023321 0.0148221698334517 0.0140861172862285 0.0140993153103342 0.013467877765693 0.0112682009618217 0.011434660129207 0.0118203947327887
-0.0221759099945499 -0.0213005417999254 -0.0214701316842297 -0.0158276057249374 -0.0164413344923471 -0.0151966571221216 -0.0133855400002218 -0.0104712931274696 -0.00640709697483861 -0.00499067622478871 -0.00333129284126183 0.00211630203952933 0.00235706723872441 -0.000841720247682015 0.0011177900788981 0.00779169186989121 0.00751979994441935 0.0070198322763716 0.00794667463672518 0.00946216065567034 0.0145397594361839 0.0209910734369159 0.0227970828640526 0.0185816958372529 0.0190169043863033 0.0160077691325924 0.0116365326451085 0.0114448637213671 0.0109906070318171 0.00865920024436115 0.00929227784379928 0.00869909760118739 0.00364086292476893 0.0063665109536929 0.00390686395977227 9.87955572801527e-05 0.000593583025204873 -0.000566891110968517 0.00289204754930507 0.00658427020656075 0.0092913026374683 0.0117071056907731 0.0140519115096278 0.0146929028996343 0.0144847266931542 0.0146965445166666 0.0156911863590723 0.0127162600142537 0.0127246232831342 0.0120337059615169
-0.0231988295946083 -0.0227139703627372 -3.4e+38 -3.4e+38 -0.0212669164199574 -0.0165733088849395 -0.0142605590428754 -0.0115400770551877 -0.00702486628719865 0.000285444159246724 0.00716624976704789 0.00632522260257334 0.00607728666278016 0.000893762653752292 0.00338598391036443 0.00615967119596197 0.00938798181857702 0.00935612269817309 0.00998983163439901 0.0121432450624795 0.0156993584844274 0.0178500609668562 0.0186571927947611 0.0178793782022995 0.0212345231163203 0.0202993043156252 0.0191620108873962 0.0142553857568968 0.0127475051235161 0.0109287368178538 0.011329292354968 0.0077315012915194 0.00792569760010416 0.00425801246710768 0.00614938052339296 0.00672780236256108 0.00297256562001965 0.00292140683234248 0.00216155527161347 0.00566610449324755 0.0101017608303294 0.0128152219106379 0.013489660058623 0.0150055596917554 0.0163718061765858 0.0172611357942642 0.0177964001332171 0.0157707383471636 0.0155859949730626 0.0148143952677797
-3.4e+38 -3.4e+38 -3.4e+38 -3.4e+38 -3.4e+38 -3.4e+38 -0.017773402415105 -0.0154212440917708 -0.0113255840319924 -0.000113884653827072 0.006783082362197 0.0037795339870174 0.00493142280819911 0.0100137598451526 0.00874628046795501 0.00969661632801392 0.0131576385647529 0.015233517752472 0.0130427648591072 0.0155899155371992 0.0163747482148553 0.0172400153051141 0.0198946805456537 0.0189015564509112 0.024676406574837 0.0227388668474732 0.0172353353916104 0.015135826507877 0.0141707509873385 0.0153012135347994 0.0125997944795499 0.01089538736432 0.0117910827150609 0.0078054732811982 0.00632410375471798 0.0108151272670088 0.00685844448877179 0.00793413618579213 0.00616802179249134 0.00672846872120241 0.00830054600472705 0.0118915980755394 0.0145313717147416 0.0159674245117311 0.0171787515422838 0.019088112962254 0.0190098075038364 0.01729506436621 0.0179223717626449 0.0176615221902121
-3.4e+38 -3.4e+38 -3.4e+38 -3.4e+38 -3.4e+38 -3.4e+38 -0.0179709184679324 -0.0159934651686192 -0.0144925387758103 -0.00455469590612049 0.00529078425780936 0.00534124539451011 0.00273432701351275 0.00640452431902208 0.00511728967285278 0.0109266385013299 0.0121328790789835 0.0169234933914436 0.0139120974002034 0.0143466236820685 0.0139427209045759 0.0150867021289469 0.0192604655148492 0.0185432158330362 0.0197660103768989 0.0214028797700971 0.0207191807500994 0.0202283059609586 0.0188764671309752 0.0174629969809976 0.0145142038212484 0.0126355801792882 0.0166331847091098 0.0143922708591463 0.00920725129908022 0.00858467485723372 0.0091025877013716 0.00950034867109775 0.0104246907623536 0.0101922636164227 0.00967522151911607 0.0133857067717216 0.0162561016298462 0.0173467571636956 0.0172552024911994 0.01874688796259 0.0191921269639065 0.0185249149856573 0.0191954710101793 0.019646958830755
-3.4e+38 -3.4e+38 -3.4e+38 -3.4e+38 -3.4e+38 -0.0229378437753388 -0.0184494446988319 -0.014246972080529 -0.00608026622341742 0.000115372955019293 0.00379814397119274 0.00695336157675192 0.00469033612883656 0.00442849185776937 0.00176385728994806 0.0110229665910779 0.012156145334582 0.0132924179853261 0.0152487090636224 0.0159467903424753 0.0154258483933365 0.0161465730149677 0.0178056091224256 0.0192151096570013 0.0222434736385571 0.0227948497612114 0.0229529636714971 0.0207708852109624 0.0209998894696441 0.0191131713122343 0.0182708677330534 0.0190178026480271 0.0139735597365392 0.0135358107930717 0.0132859115589811 0.0123482708657915 0.0122637017933189 0.012867717536306 0.0136106324800112 0.012393683479085 0.0108830752296255 0.0131347735708884 0.0164498486110301 0.0172530299930246 0.0183576105813351 0.0194131472525405 0.0190649492872499 0.0194724579055407 0.0199667255544969 0.020955761722518
-3.4e+38 -3.4e+38 -0.0196038146166908 -3.4e+38 -0.0224929449143127 -0.0102176105540566 -0.00677084989111145 -0.0035276827957451 -0.000652957175100715 0.00282083908071581 0.00472212481776146 0.0113312848604362 0.00562717217373696 0.000108576146643872 0.00575394262016184 0.00648606761605571 0.00849028121321196 0.01015425617595 0.00760140446213114 0.0147348393769012 0.0197964014760902 0.0258308070017806 0.0230320063110396 0.0224149911273517 0.0230463082433613 0.0229312518800418 0.0226714127979243 0.0221565569535995 0.0216551491370851 0.019777943709139 0.0190605625298253 0.020142631191568 0.0212483559528175 0.0162691505550557 0.0145856882919892 0.0146939839229466 0.0142934889127424 0.0134068354511947 0.0145845018816643 0.0128959088611983 0.0129846888597655 0.0145051714668177 0.0165630602649761 0.0178700743781584 0.0193716109148911 0.0208362911533129 0.0226020689330678 0.0215569322333502 0.0216199224757309 0.0224165771735583
-0.0213214000269663 -0.0169008434755823 -0.0152396341779928 -0.0171445016592081 -0.0200441397610306 -0.0132277239781325 -0.00801347545261175 -0.013325161414388 -0.0123881517430543 0.00212453334492118 0.00245182389584884 0.00416581491707056 0.00275318790168595 -0.00112524258459453 0.00283958467777966 0.00366451939730181 0.00734568482563597 0.00573781946582634 0.00831143892987251 0.0155024263047884 0.0262127454216193 0.0248590167219148 0.0212200348417294 0.025098510485378 0.0275785413764441 0.028145317776141 0.0252535946405957 0.0262722058661848 0.0246098598482711 0.0229384571077564 0.0221471639635499 0.0210690280652834 0.0218212792462648 0.0225442478921417 0.0181133285304963 0.0156008682539581 0.0152939506635088 0.0160825246198222 0.0162006379291804 0.0153867622329265 0.0159025466647321 0.0165649072253035 0.0187327976219567 0.0194821629360039 0.0221992742171499 0.0239265989975096 0.0229176373956295 0.0237060611773415 0.0220691344392885 0.023129656601978
-0.0279213595008577 -0.0194694346470507 -0.0142502177318002 -0.0149195191367045 -0.0152135518174485 -0.0129149731190459 -0.00755209894474479 -0.00977627722174514 -0.012214235720167 -0.000787333537584226 0.00469939438729189 -0.00187690402042286 -0.00416811215354734 -0.000204486767967754 0.0020517865411978 0.00512924975623034 0.00464249717712282 0.00957931998323608 0.0086701982832676 0.011138952879499 0.0167694175304915 0.0288519836770188 0.0253978987848576 0.0268100869935679 0.0272264205548745 0.029871278027625 0.0289026480068377 0.0283084959178197 0.0279877623617564 0.0268988481203354 0.0253413113792297 0.0241682456922983 0.025624918163438 0.026323429390842 0.0213683205710379 0.0202327159780462 0.0204330271667619 0.020491143016275 0.0187950279143246 0.0169052829274276 0.0171842737274936 0.019672705349344 0.0208533986221998 0.0227461848738279 0.023973989649078 0.0243501699781847 0.0255225782958171 0.0243345378047066 0.0246633963191819 0.0249181637838753
