data/pcas/pca_proj/PC17.asc
NCOLS 494 
NROWS 529 
XLLCORNER -117.166666666667 
YLLCORNER -55.5 
CELLSIZE 0.166666666666667 
NODATA_value -3.4e+38 
[rows 374 to 395 of 529, columns 300 to 349 of 494]
0.00738636570520802 0.0284633729198865 0.035162815772704 0.0393110872124143 0.0428853185561056 0.0441082473483108 0.0438686977862621 0.0382757422712046 0.0359432609836329 0.0334047336706162 0.027730499518392 0.020577202580511 0.0140360145239867 0.00675638169579628 0.00489727523292442 -0.00137940338874877 -0.00396272869062831 -0.00971853929509909 -0.0164862958235438 -0.0189725467995383 -0.0175869752465377 -0.0160598992780931 -0.0140453383633257 -0.011179314473821 -0.0094045654041182 -0.00770078634095911 -0.00707804435719983 -0.00654718231482223 -0.00385526973637584 -0.00499083141950137 -0.0101761419731033 -0.0121177791807963 -0.014794954710129 -0.0170074482156471 -0.0183670005417075 -0.0208727212765392 -0.0243708195228072 -0.0263865576142937 -0.0285198429917348 -0.03027101788097 -0.0325149296476073 -0.0331468801987543 -0.0323509346293646 -0.0321881140061609 -0.0310438804044043 -0.0299065113269723 -0.0302860744875837 -0.0291792953388384 -0.0283780615589224 -0.0271830668369856
0.0213445945989551 0.0294283196841017 0.0356314127699887 0.0391469821540449 0.043616079965863 0.0440788740471179 0.0435864722275265 0.0384681975476112 0.0344109771524254 0.0296740356249364 0.0236959617074333 0.016688972998664 0.00836306948790405 0.00260232760428706 0.00382565315125529 -0.0037974507895746 -0.0106058925578747 -0.0172775229281087 -0.0219462535227956 -0.0220907917675934 -0.0180508590511506 -0.0162185902384553 -0.0153817681502437 -0.0108429052302139 -0.00995012035900492 -0.0080216498541199 -0.00692600925739799 -0.00780251634431979 -0.0044632109432665 -0.00644082132290863 -0.0101528019139831 -0.0114331150298103 -0.013512474284363 -0.016351671185729 -0.0188237644268203 -0.0206575598898883 -0.0241545953002754 -0.026063986027464 -0.0291359698603643 -0.0303443560880138 -0.031687230725416 -0.0322107589784002 -0.0319246919095964 -0.0316192850018431 -0.0314151506706745 -0.0307908880520243 -0.0303356060836283 -0.0293554598526647 -0.0274319211075459 -0.0260499451003815
0.0247215546937495 0.0304802871867274 0.036001340252654 0.0404451612045823 0.041219312095452 0.0417813971243102 0.0410808480016881 0.0368085885825973 0.0324029221252195 0.0238040385203874 0.015262463018731 0.0116484313929565 0.00654981351179377 0.00250962033522867 -0.00353000845115904 -0.00977788066725707 -0.0173987350793684 -0.0234170851680764 -0.0265929036665744 -0.0243472583417571 -0.0203637991275103 -0.0188177143716808 -0.0165472755056387 -0.0117974058485401 -0.0116256546753372 -0.010104350305865 -0.00712950938991209 -0.00904587472702477 -0.00734323836569745 -0.00841184698634955 -0.0122519183196684 -0.0141773040586819 -0.0159475517596282 -0.018057176082436 -0.0194740577380889 -0.0205234049610863 -0.0243773635301564 -0.0261487501441343 -0.0286159827964035 -0.030114573236477 -0.0299936914156487 -0.030713203355263 -0.0300286433645483 -0.0308186948051046 -0.0306849944040018 -0.0306979733232008 -0.0301979746098496 -0.0288995788394374 -0.0265333412681098 -0.0257050644658006
0.0247087808377596 0.0308087729031023 0.0360867594434774 0.0388079064266653 0.0376252614773271 0.0386834753453499 0.0370932628765439 0.0351751893461976 0.0311395619828076 0.0240176351155134 0.014720737993242 0.00953821278536308 0.0047975859714022 -0.00199549334847468 -0.00828477954067525 -0.0154483083326073 -0.0222809440337921 -0.0277337545655046 -0.0296246921536093 -0.0268132664436702 -0.0216342269384503 -0.0194576750957683 -0.016304223576732 -0.0116646191345612 -0.0125705065972255 -0.0113504323463462 -0.00836151271685099 -0.00785498093133069 -0.0070430277023786 -0.0083290499991167 -0.0142666492308968 -0.0152396223303023 -0.0174339447073321 -0.0188747978551503 -0.020795556320882 -0.0224882981458126 -0.02343656223268 -0.0250035908895476 -0.0273125915119879 -0.0280667315080959 -0.0292853596278213 -0.0288162310814669 -0.029192364425474 -0.0302004464078231 -0.0291456809406928 -0.0295271633374856 -0.0290129639835806 -0.0262290253271885 -0.0257549882766242 -0.0237489398572873
0.0254471470605369 0.0303997232794803 0.035961537886466 0.0357916759445066 0.0248774726856733 0.0343556974890175 0.0339997139009066 0.031371447961522 0.0277392137384786 0.0198862411699702 0.0131727069393381 0.00721609636879136 0.00102956039178676 -0.00717734050581817 -0.0126482308683602 -0.0207720578788105 -0.027985625395568 -0.0325000621690799 -0.0332767761444665 -0.0292101555333732 -0.0246962769603351 -0.0209851924379741 -0.0166775862966833 -0.0100651311735017 -0.0104223731602272 -0.0103495984879162 -0.0108604583570464 -0.0116821338570193 -0.0123664403387632 -0.0121360127479034 -0.0150525907629537 -0.0166183042819437 -0.0181500839040394 -0.0195842800279724 -0.0212886697961256 -0.0223976239849599 -0.0223938285056333 -0.0238145984221185 -0.0262888924263467 -0.0270623047554235 -0.0281696260329755 -0.0279492260221981 -0.0277875039252386 -0.0286710896528403 -0.027371702487983 -0.0276692376295114 -0.0280715033630647 -0.0255620264224472 -0.0241843365907849 -0.0231732889734815
0.0270588514658059 0.0302939002413445 0.034044536636101 0.0306614489267266 0.0198614049749601 0.029586575075447 0.0309103971200942 0.0282060907415994 0.0244997304377939 0.0196045573939823 0.0135028482789763 0.00510168435034309 -0.00194793549337973 -0.0104114125834213 -0.0171724480778881 -0.0259044969708497 -0.0334589262002821 -0.0358739850618088 -0.0345782132959389 -0.0288017777935232 -0.0257676298896145 -0.0224571038113118 -0.0198500712250889 -0.016088777800505 -0.01225106430035 -0.0128371801635434 -0.0144642544241286 -0.0151810256330856 -0.0156315163429486 -0.015810425044055 -0.0177521693962503 -0.0180202076465697 -0.0193381686977522 -0.020066715043674 -0.0210356359368708 -0.0215850631928997 -0.0223681705087417 -0.0230458850847794 -0.0243756225200677 -0.0255338462598286 -0.0270996754644175 -0.026060614147742 -0.0253729075554457 -0.0264289819873418 -0.0254858133265369 -0.0255446743099454 -0.0249495675740477 -0.0240827188708336 -0.0237827063492691 -0.0223826312004423
0.0301012789504159 0.0310133026617816 0.0319250805171414 0.0201578797966591 0.02664202298877 0.0280090717809268 0.0286199964857512 0.0261960904377448 0.0231196822201481 0.0199098452554231 0.0137022222694107 0.00224442337336657 -0.00497858960170483 -0.0130575450812402 -0.0190851195344389 -0.0285046420349162 -0.0331396294430988 -0.0382447676757653 -0.0365455207020184 -0.0276179719020712 -0.0256537442290904 -0.0222210467434459 -0.0211456370867654 -0.019877303291747 -0.0186920983955823 -0.0162744086095574 -0.0166754442176632 -0.0159212073569015 -0.0170364437515963 -0.0175568728330555 -0.0200166499555483 -0.0204481267372638 -0.02082907403691 -0.0204850826771733 -0.0203650704340045 -0.0211723500649811 -0.0220285091474149 -0.021981160237507 -0.0233052842975002 -0.0234664770483192 -0.0246295967149489 -0.0250051273931269 -0.0258416823909405 -0.0253057823686823 -0.0242711183111481 -0.0245988071308743 -0.0243165179155774 -0.0236170466653358 -0.0224344082733705 -0.0202496354802004
0.0331049374737456 0.0331605239364605 0.0310046072006134 0.0149914786997016 0.0217903799430147 0.0286751499557725 0.0272288246433697 0.0251960432047419 0.021692387181543 0.0177508060686796 0.0109400230533532 -0.00140853969291454 -0.00697210609486602 -0.0164727833008978 -0.0241772792380893 -0.029137643540892 -0.032763068759562 -0.0409818853232316 -0.0354895554111474 -0.0272769024064133 -0.0241216819388585 -0.021488088939868 -0.0208559119803082 -0.0209453507428147 -0.0208834700875745 -0.0195434101932849 -0.0183138685213668 -0.0204317214922304 -0.020364296247608 -0.0219427395794695 -0.0231160323272854 -0.0213391722738105 -0.0198439597723704 -0.0194485287065253 -0.0191253365531603 -0.0207169559292397 -0.0219025747688377 -0.0225159030822293 -0.0222010789246323 -0.022673882357788 -0.0221561655755627 -0.0226111122018408 -0.0235656143784454 -0.0229660774318539 -0.0237117754640887 -0.0237637759901115 -0.0226098531863993 -0.0211670372318733 -0.0202082410147873 -0.0185826005424772
0.0365016731694347 0.0365502190046273 0.0306483944184737 0.0197822905307935 0.0255122032040643 0.0284999697204975 0.0263560597925118 0.0239773411078968 0.0207548982942311 0.0171132090805434 0.00650519480602088 -0.00483593635879925 -0.00893032766372549 -0.0198999536400431 -0.0267502311775575 -0.0295809493178864 -0.0323444511795176 -0.0388524802039383 -0.0331558509330841 -0.0273672272533645 -0.0223266284450169 -0.0207629251227103 -0.0207286814207861 -0.0208303393780342 -0.0209432133838746 -0.0219397454127853 -0.0218657603184849 -0.0226187603695953 -0.0245970029646742 -0.0257421239719114 -0.0253644205735547 -0.0236335571559739 -0.0206033093756908 -0.0186494385436883 -0.0190963980658008 -0.0202152607200031 -0.0211753038516149 -0.0215136739563026 -0.021189178827401 -0.0209163707789898 -0.0199509741988898 -0.0209353805825129 -0.0215353885806135 -0.0218330159215524 -0.02258709672346 -0.0220629661690045 -0.0214931750867742 -0.0198525968527754 -0.0193325227861426 -0.017867480408794
0.0378733327881002 0.0385363350036289 0.0371679113678808 0.0332708878063067 0.0312224214533712 0.028817048104835 0.0259519532961434 0.0224817949135417 0.0187209090746661 0.0154142055161299 0.00574761234005221 -0.00675451465882528 -0.0106504733999641 -0.0223563582310348 -0.0269346662050525 -0.0271026397120325 -0.0286153851336528 -0.0281025341651169 -0.0266407541305245 -0.0234564249765047 -0.0209967899633795 -0.0197348425382509 -0.0194962273650523 -0.0195001690185454 -0.0204336896845708 -0.0215850851476195 -0.0222573810173338 -0.023582331092353 -0.0254027426763807 -0.0270257812208366 -0.0277874183337414 -0.0257892284247624 -0.0217813642666857 -0.0181348597328133 -0.0189972208187221 -0.0203653688642519 -0.0212425625909963 -0.020671736708557 -0.021060286572628 -0.0196907366808384 -0.0177809603001899 -0.0192111021290735 -0.019898639038884 -0.0202702781570203 -0.0201328979715952 -0.0205974205936584 -0.0200368258837127 -0.0187293242148226 -0.0181784658986257 -0.0164809429283919
0.033550644125267 0.0389031933726874 0.0391189367334031 0.0374790261517829 0.0326966454218192 0.0284849168621166 0.0257353633029013 0.0215657201248698 0.0174082518837894 0.0152787467007119 0.00740185894186141 -0.0071514573381225 -0.0127436630949172 -0.0241777702697203 -0.0265691196584866 -0.0246633107099356 -0.0243217116078564 -0.0206500234359213 -0.0195317070226599 -0.0190756519874608 -0.0188828773539704 -0.0183347641321058 -0.0185709243121551 -0.0187560289962621 -0.0190048272519935 -0.0205978536223138 -0.0219459270929839 -0.023143160535453 -0.0243277909362187 -0.0274371332945259 -0.0293694333189485 -0.0265995572146233 -0.0226076955963281 -0.0192535640234574 -0.0187895832818372 -0.0180374292095232 -0.0191889266428521 -0.0200572666566753 -0.0187149832327177 -0.016664625957331 -0.0156298098700272 -0.0173952231717305 -0.0183382368316085 -0.0180863904744273 -0.0178221525912527 -0.018709889779832 -0.0193640926570433 -0.0183584647970804 -0.0169773005262889 -0.015084815924372
0.0305907221876655 0.0364307127847154 0.0369852439848959 0.0341288668522669 0.0298244691109363 0.0242392903463862 0.0219866960666221 0.0190965726414064 0.0162514760461591 0.0137562738922449 0.010425857341539 -0.00693925642492192 -0.012132997216326 -0.0223995095994623 -0.0286592762149672 -0.0252789075545278 -0.0230708324315967 -0.0207970392411173 -0.0182320233101195 -0.0159546692962288 -0.015868730889379 -0.0169692308019784 -0.0186756110958774 -0.0193210578316624 -0.0196131363319109 -0.0203030429204676 -0.0211860561471326 -0.0225177858847153 -0.0239558983306002 -0.0251141938577522 -0.0260682333358147 -0.0252940212878423 -0.0224001231038205 -0.0194410326880944 -0.0179197889262793 -0.0166015869932591 -0.0161947353136946 -0.0154410695241213 -0.0139484633431704 -0.0132887624773752 -0.0146292106092649 -0.0151073887561997 -0.0151363266794629 -0.0154459947291806 -0.0156456055922135 -0.0169319989465285 -0.0177423359355161 -0.0172395238972938 -0.0147342037350616 -0.0136489460336169
0.0296249315677506 0.0285229569926422 0.0310375652158677 0.0311342334581668 0.0261017758615847 0.0209092368392179 0.018307782037733 0.0157072136151908 0.0137052577846057 0.0117429729799476 0.00814035366273661 0.00486719879153807 -0.00738256524839003 -0.0175034453048899 -0.0270632845753346 -0.0232371348415131 -0.0207897146472681 -0.0209360034752839 -0.0188696220106281 -0.015949589894485 -0.014423548890805 -0.0164291085503382 -0.0187514402180271 -0.0201326292305954 -0.0204785525922739 -0.0196697179772525 -0.0205558436890117 -0.0217483748700037 -0.0224238622285329 -0.0233313811416719 -0.0233915170459701 -0.022258281752388 -0.0210859183185889 -0.0187180198727388 -0.0167219162814525 -0.0144816632867369 -0.0134707637599773 -0.0102637838803696 -0.00954235839124633 -0.0102184659084944 -0.0111555593175343 -0.0123451989486093 -0.0127158018051636 -0.0137060831716621 -0.0145011765604841 -0.0152159537273247 -0.0152848667859243 -0.0148562693188536 -0.013558608408165 -0.0116487877324839
0.0264821859982427 0.0277885418236104 0.0245075121782672 0.0222242514019247 0.0214024197514281 0.0181578281180884 0.0158255238422142 0.0122927804978609 0.010030935942303 0.00805388444815509 0.006379679417298 0.00741888480061823 -0.000395131406448868 -0.0221091031534622 -0.022191021718935 -0.0224100387557022 -0.0231764122956249 -0.0237446125865327 -0.0203638527040902 -0.0176779916521684 -0.0162461433650858 -0.0172791690356686 -0.0193615901908996 -0.0196108400159903 -0.0201395116708198 -0.0192614981051925 -0.0198134504588366 -0.0195164730539466 -0.0211602788000103 -0.0201605698824745 -0.0206722774998836 -0.0196184148208075 -0.0183951964451275 -0.0162871362998242 -0.0137775010509206 -0.0125430347705606 -0.0111941984782546 -0.00921260165878264 -0.00889754337321159 -0.00899907409155466 -0.00955664592120014 -0.0107634151972178 -0.0117389037504013 -0.0123474107596099 -0.0127553550037854 -0.0133728240098756 -0.0138339304636868 -0.0130756064968404 -0.0117501751650211 -0.00966642965206304
0.0212953204742524 0.0222416941114608 0.0190747531012683 0.0170779332208887 0.0154051564657192 0.0114718522259231 0.00999573467039322 0.00672493254533471 0.00544574092132292 0.00528212219261885 0.00489349979652034 0.00485006156162625 -0.00113374507643938 -0.0231023724254887 -0.0202847957460721 -0.0211328308040919 -0.024718643775415 -0.023262749814125 -0.0190427859282189 -0.018912748668617 -0.0176166705596745 -0.0172337013749357 -0.0178612339756609 -0.0178881148493285 -0.0180253812371245 -0.0185130856796364 -0.019167812636785 -0.0192827538926669 -0.0192450230128341 -0.0177593041731701 -0.0172375825332032 -0.0174221363056889 -0.015958539981201 -0.0139217578856442 -0.0118346905691959 -0.0112142593042268 -0.00931856366164329 -0.00856505126974692 -0.00838665341358307 -0.00809332103195521 -0.00887808765362567 -0.00982082021277784 -0.0106926100083248 -0.0117963843437638 -0.012407242222382 -0.0119366737635522 -0.0118361793245138 -0.0114915573577498 -0.009480267263988 -0.00658718251267101
0.0193177121844434 0.0175671020152488 0.0166125057113872 0.0137266626459564 0.00851335143889793 0.00388779550112627 0.00179857159948094 0.000215243816135916 0.000825821126520266 0.00112778219890681 -1.44518671515138e-05 9.84890844165746e-05 -0.00529031314256021 -0.0237036064920302 -0.0210744350221418 -0.0214285263535919 -0.0249240681021064 -0.0237822755479832 -0.019822762482492 -0.01832910853409 -0.0176044766490665 -0.0162954222198762 -0.0164230572798799 -0.016260104255006 -0.0170394782657377 -0.0178378217279784 -0.0183137231317053 -0.0188692944726715 -0.0181690056183216 -0.015882720314314 -0.0138519969865472 -0.0137300892612516 -0.0134314746768993 -0.0120935876387836 -0.0102229066775681 -0.00873587055195328 -0.007890920229821 -0.00776016222054878 -0.00858020090090792 -0.00811949362345995 -0.00915334904683674 -0.0103264564229555 -0.0106190128952427 -0.0106372429227419 -0.0106698952164917 -0.0106643523272532 -0.0103384476125496 -0.00907913363693174 -0.0074044896028904 -0.00587379801842789
0.0167163817207328 0.0122976943211997 0.0109692062246144 0.00829080165135952 0.00165578273815733 -0.00341626777145593 -0.00478264169807759 -0.00693513170728502 -0.00716560795030536 -0.00782336338930429 -0.00494844836983713 -0.00491194735005545 -0.0104766425224452 -0.0222623588680993 -0.0222705812753092 -0.0222208634153139 -0.0257032998153054 -0.0241830349770864 -0.0218598476257101 -0.0197475525080385 -0.0190074204063987 -0.0171511622203405 -0.0161558426445567 -0.0161196732113829 -0.0177146522503414 -0.0176207381851725 -0.0183595162074335 -0.0184030498446339 -0.0158902893308776 -0.0136704380179376 -0.01204880262865 -0.0117010875924233 -0.0117062391241942 -0.0104650750792164 -0.00890624284393212 -0.00800728133296321 -0.00732467693579679 -0.00724754856365857 -0.00793022538714828 -0.00893943350425849 -0.00971984947066653 -0.0108719302754086 -0.0105842320434655 -0.00971792087994358 -0.00923374218915115 -0.0085626037975111 -0.00754578849954966 -0.00681606787896809 -0.00580572329399833 -0.00437923081095062
0.0135025529633725 0.00748879803117518 0.00622561447252211 0.00347264846817322 -0.00336664613609979 -0.00799753778305701 -0.00979273672412553 -0.0112743710234915 -0.00994981845185749 -0.0093014230966733 -0.00809732335552984 -0.00864308920677843 -0.0126603710025245 -0.0193998689189757 -0.0208556932340566 -0.0224071662711947 -0.0235191383692749 -0.0221250808712856 -0.0208312527757174 -0.0196248187312623 -0.0188454875386193 -0.0173159028833192 -0.0168042112590525 -0.0160285328697536 -0.0179166261015189 -0.0186617757046099 -0.0186156817490053 -0.0171027259271242 -0.0142828802072833 -0.0114952218890984 -0.00977548581369621 -0.00890091450074215 -0.00881719805129226 -0.0092679540905849 -0.00891562268214303 -0.00767913824921549 -0.00677278958019707 -0.00760284368711438 -0.00863282150992066 -0.00961714409192265 -0.0113671533189126 -0.0117024681964707 -0.0110793050833752 -0.00950688685660438 -0.00866319876435664 -0.00743057684862028 -0.00636614555814938 -0.00542492574998101 -0.00465004354979883 -0.00325454488239264
0.0135551951870185 0.00811562874078061 0.00357894036238886 0.000754503483119199 -0.00480503846073734 -0.0100921893671047 -0.0131233357539423 -0.0124989871166894 -0.0113283130322561 -0.0106499074646504 -0.0109500268954294 -0.012726080984945 -0.0153288938166754 -0.0204216448209004 -0.0199114018108479 -0.0221200267090944 -0.021169785678964 -0.020630842182644 -0.0194342544614705 -0.0186655344697804 -0.0182784257042385 -0.0170620263602068 -0.0156883829792369 -0.0163364657445515 -0.0173437638814497 -0.018617483288054 -0.0183889305731423 -0.0170497868655063 -0.0133947287978345 -0.0103756318026916 -0.00865555861126013 -0.00862978037868306 -0.00823882349567507 -0.00885429976284656 -0.00858872116527738 -0.00810435437620621 -0.00735524255212454 -0.0080376499718245 -0.00884090718553327 -0.0103017140812993 -0.0111902261071493 -0.0123413017544525 -0.0110047956178498 -0.00866927514976164 -0.00707680467795809 -0.00512033515102165 -0.00360595374530379 -0.00289038047682785 -0.00324796419483961 -0.00271200759035035
0.0117656869072111 0.00737591456881904 0.00302216559255424 0.000650410518838869 -0.00347076683062654 -0.00963781459523816 -0.0119240688118887 -0.010826372887794 -0.011487590398204 -0.0115134379412693 -0.0134797804468964 -0.0152794095916389 -0.0171816380408962 -0.0180014820624906 -0.0195299683987261 -0.0198960478909243 -0.0185686817376245 -0.017690331048956 -0.0178306408300334 -0.0181182533870289 -0.018325145443052 -0.0165808734416989 -0.0165185462782954 -0.0164342277258537 -0.0165438010291901 -0.0169169677222247 -0.0175743733167485 -0.016819834665226 -0.0132473107406043 -0.00974645958328594 -0.00891367387606314 -0.00838677440381188 -0.00804559460040326 -0.00767911398152039 -0.00833073481949365 -0.00807735401138984 -0.00793562104980489 -0.00924723007745207 -0.008537230398028 -0.00966179554769708 -0.00948199492996133 -0.00938282867205204 -0.00783437969936596 -0.00519585380925576 -0.00304365273639681 -0.00203201882702404 -0.000612901586603807 -0.000215009812367627 -0.00147581954400038 -0.0021001039355685
0.0115675112885937 0.00903269152958158 0.004866051815698 0.0028507202355797 -0.000923586176130606 -0.00916012855920898 -0.0110169212468695 -0.0100510833489644 -0.0105985042116482 -0.0118108771510086 -0.0148179498419051 -0.016915076667429 -0.0162893551983219 -0.017111078759326 -0.0180973349637771 -0.0175028233003165 -0.0166267144573311 -0.0160424349417839 -0.016303322713337 -0.0164438571762362 -0.0163497924276869 -0.0158723627878452 -0.0162608049416471 -0.0161700334331344 -0.0160154683873308 -0.0156631628558101 -0.0152099942319859 -0.0146977096580796 -0.0117519730283517 -0.0102344865998262 -0.00848643530201475 -0.00792673245815755 -0.00799779452834104 -0.00855079794220469 -0.00830627531329543 -0.00848107088450853 -0.00808395016932078 -0.00873175983741951 -0.00859921211011573 -0.0075933481663897 -0.00742051054626696 -0.00808328303261976 -0.00667959164200055 -0.00299718532653004 -3.10858853534164e-05 0.000595236051456729 0.00138536574910929 0.00205746843030177 0.000825872045511781 -0.000888421695565225
0.0122792971239899 0.00853183630156649 0.00700783886796638 0.00546945187945955 0.00143468401222782 -0.00482755265709402 -0.010222241691565 -0.00850107216746361 -0.00975114545176137 -0.0110209421376105 -0.0138003190040683 -0.0151559534370943 -0.0151433917613916 -0.0167450901984827 -0.0171999114176171 -0.0165736375676995 -0.0160073183193134 -0.0151238433246301 -0.0155855483140977 -0.0147832735237339 -0.015481996738925 -0.0160382912549837 -0.0166171679301858 -0.0162089367369426 -0.0152539076065191 -0.014010586727448 -0.0138524874408373 -0.0133743219720881 -0.0113557894109213 -0.0106085152799225 -0.0100175753599941 -0.00928042599647713 -0.00915372001548859 -0.00843209270681958 -0.00831700138676124 -0.00789470709154485 -0.00836317779699806 -0.00806764290212955 -0.00749742957661973 -0.00688048254806358 -0.00521839236582576 -0.00574862400297184 -0.00443023617609763 -0.00123816060368867 0.000873352103294449 0.00203451437838496 0.00392027037067891 0.00486952022023551 0.00423262139720716 0.00145412811735464
