data/pcas/pca_proj/PC17.asc
NCOLS 494 
NROWS 529 
XLLCORNER -117.166666666667 
YLLCORNER -55.5 
CELLSIZE 0.166666666666667 
NODATA_value -3.4e+38 
[rows 198 to 219 of 529, columns 350 to 399 of 494]
-0.0179412559841902 -0.0181367656256452 -0.0195708818012586 -0.020338346331383 -0.0207220565720815 -0.0200183424946293 -0.0195268626905341 -0.0199745129903768 -0.0198350035237515 -0.0195263971549619 -0.0195072076568564 -0.0189538853824833 -0.0183206085120573 -0.0166367876217492 -0.0160885255031073 -0.0149501847352095 -0.0133727093049434 -0.0114487746097593 -0.00998358352118365 -0.00986959879370747 -0.0091275062286028 -0.00607166535730037 -0.00476925650926683 -0.00251974772583329 -0.00146103637627673 -0.00129721926319518 -0.000259280211493499 0.000337272116185137 0.000985755067041623 0.00115780903449312 0.00214340242914547 0.00275388166583015 0.0031754886539641 0.00432756356935478 0.00542489363349728 0.00588532899872153 0.00668996698205329 0.00733812647884743 0.00821850897111814 0.00863990948705766 0.00643332254914102 0.00716901663622191 0.0083248043113094 0.0121514398335226 0.0113781126601164 0.0114744039446886 0.0115633933212747 0.0101781268828055 0.0103567473624204 0.0103870557336584
-0.0182561298176826 -0.0188031145166442 -0.0196609005019277 -0.0201470809981545 -0.020789500781382 -0.0210084616511156 -0.0203930271158831 -0.020640948632202 -0.0205026829371913 -0.0202763923027207 -0.0202116764478184 -0.0201553383554497 -0.0192075458347571 -0.0181820718955836 -0.0161936178102768 -0.0159411248081876 -0.0144221527595835 -0.013301842049532 -0.0108281092963099 -0.0109069161728318 -0.0106889182378897 -0.00868314741286229 -0.00675449791070318 -0.00476065254119873 -0.00332864332741311 -0.00307009374048644 -0.0018419916812369 -0.000557527145457061 0.000416097215664935 0.000356590344222717 0.000724979745867472 0.00103632132980424 0.00186376764556724 0.0033728378937719 0.00598312015760621 0.00586552579804396 0.00518599316837726 0.0045346952362445 0.00565656149477771 0.00619204396319334 0.00649651108914414 0.00704742548608964 0.0101923546529133 0.0102742098339347 0.011804086108167 0.0114442624301105 0.0104899861153617 0.00924107103682748 0.010221834223879 0.00979433171237471
-0.018701913861752 -0.0196451616018767 -0.0201830879114507 -0.0204604081237446 -0.0202373237513561 -0.0211891659237987 -0.0205044931646713 -0.0205722470891649 -0.0204761560915057 -0.0203658710956968 -0.0204698368551659 -0.0203848088033887 -0.0196304896491297 -0.0191834031970249 -0.0178824969718998 -0.0167988491243668 -0.016391997201327 -0.0150632351563411 -0.013199581200537 -0.0119687864986758 -0.0110492437165156 -0.0106084813745061 -0.00858441188030281 -0.00690731876245407 -0.00510637228229581 -0.00454913304410378 -0.00455555198804827 -0.0037013287472445 -0.00164927935652513 -0.00163703792824909 -0.00112707456242319 -0.000268377106810703 0.00140017661596151 0.0025506414120101 0.00270557385870293 0.00219050106421137 0.00273873355665732 0.00269389189986936 0.00392422584439188 0.00451741244698124 0.00574505153955841 0.00766100519516244 0.00848248191827095 0.0106017804242335 0.0105136094548503 0.0100764425967016 0.0101713168299405 0.008689359150847 0.0086812809086254 0.00871313276264165
-0.0196728420362066 -0.020653717372979 -0.0203913450643099 -0.020856436245124 -0.0207762595263335 -0.0197822008924886 -0.0199164538557234 -0.0201596884175704 -0.0196586516521546 -0.0207516438041854 -0.020791860326624 -0.0204248042135182 -0.0190852169919583 -0.0193258595763752 -0.0177607509613586 -0.0174536860397258 -0.0174775243075135 -0.0158315932890686 -0.0138476493136294 -0.0126303296237339 -0.0121953888908604 -0.0115253825702377 -0.010702437428905 -0.00979330973019291 -0.00756901488420686 -0.00637505940725329 -0.00603427515934666 -0.00568982505171638 -0.00395892674616483 -0.00216520819993076 -0.00169634981123539 -0.00122307146924023 -0.000617936769875167 -5.67474355357589e-05 0.000478145176905261 0.000517217772652128 0.0011862775609224 0.00204152174398711 0.00292759913846789 0.00357327036149586 0.00563156571562823 0.00748780922228529 0.00855142821472035 0.00901341901547851 0.00891291482550105 0.00888044108555601 0.0092580343886004 0.00766897041897761 0.0074720771038124 0.00734809154551954
-0.0198634553991034 -0.0208498582230251 -0.0202477292825607 -0.0205454573561306 -0.0210322246411347 -0.020200538287384 -0.0192465159549922 -0.0187948609092293 -0.0191886238239904 -0.0204845515507909 -0.0207389284047483 -0.0202305477211284 -0.0192782220515124 -0.0190107277968283 -0.0186210576760564 -0.0177858244293394 -0.0180594010875617 -0.0166569344237848 -0.0153059555528736 -0.0138263288688329 -0.0134416097873293 -0.0128394962645168 -0.0120538368594222 -0.0118482982079594 -0.00851198570834269 -0.00762421538099787 -0.00735574386190165 -0.00631054656649168 -0.00595707530320304 -0.00352221646129301 -0.00442547092709543 -0.00439813671244026 -0.00217629101764243 -0.00163359454671601 -0.00111043831702652 -0.00104900983645733 -2.29978648918523e-05 0.00137162205501766 0.00180626876514068 0.00230760013016463 0.00444499724416242 0.00705994385340868 0.00810796926119874 0.00821740289833137 0.00785875951854027 0.00813089876927758 0.00753400257375199 0.0062545380558543 0.00585080253435425 0.00484093759524611
-0.0208638690750532 -0.0211205774427338 -0.0206226981006841 -0.0200881408186336 -0.0201853732388475 -0.0204853311798943 -0.0197819229082421 -0.0195584347324374 -0.0193590434517388 -0.0196706894788089 -0.0196967109994799 -0.0194403249388251 -0.0188442611193382 -0.0183551661212401 -0.0184098263911098 -0.0176783732298743 -0.0172609126182652 -0.0170284904433273 -0.0170708188583012 -0.0160558433088507 -0.0145546507347823 -0.0143056527668472 -0.0133349817982264 -0.0108975999138039 -0.00873004201114151 -0.00775473068103293 -0.00788952694646558 -0.00627555042988313 -0.00709985774204146 -0.00863517966812591 -0.00820603978652358 -0.00638944023885134 -0.00378832690267734 -0.0025175192210958 -0.00168535479409523 -0.00116846211450519 -0.00182917180743438 -0.000301411335632495 -0.000350063407550632 0.00244086153942893 0.0050112715493853 0.00550828428222137 0.00732838309030255 0.00693047466730133 0.00698449345912358 0.00653982010233428 0.00626409862897259 0.00568428914179371 0.00357435980880054 0.00203035316002219
-0.020471059228986 -0.0202301492503087 -0.0200046391937629 -0.0196709366512687 -0.0201845833679872 -0.0207870762658175 -0.020153845918728 -0.0195033753905045 -0.018687432526206 -0.0181114567750709 -0.0187212431964139 -0.0189190026287878 -0.0185479575799325 -0.017836801434469 -0.0175858245394296 -0.0170957500391615 -0.0158926679264438 -0.0157151850368241 -0.0168583049744474 -0.015860141816585 -0.0148282190129378 -0.0143031872310072 -0.0139342748779833 -0.0129224562467093 -0.0111457158366843 -0.00871924815600727 -0.00911942160771902 -0.00940783168574715 -0.0104143749885509 -0.00974135526885694 -0.00924440544794789 -0.00771349843381607 -0.00582461664409954 -0.00405297899178509 -0.00379817479765671 -0.00249638347320518 -0.00199617660227493 -0.00146186340640139 0.000927480695425767 0.00225642373463625 0.00316561806538534 0.00483832100836455 0.00655490208657217 0.00701972064913808 0.00602391726212171 0.00499865875472006 0.0050629780244408 0.00393588329891101 0.00172854272480983 -4.20904674167458e-06
-0.0201832970194894 -0.020195030503632 -0.0202573653157906 -0.0197290057131911 -0.019512241012456 -0.0195931370877675 -0.0194410295851373 -0.0192014412027636 -0.019034308990062 -0.0187603874653049 -0.0185104341299326 -0.0181651473198328 -0.017866026468347 -0.0175612535648126 -0.0173075296776928 -0.0162787706426515 -0.0159177878388174 -0.0156888523194467 -0.0158004291221032 -0.015414542105669 -0.0145926822269268 -0.0138585026499032 -0.0133915804964078 -0.0132140793612832 -0.0123132910440498 -0.0113403827951469 -0.0109035719972433 -0.0105374744388538 -0.00974915439723871 -0.00915097050354796 -0.00967127240000654 -0.00838206068585622 -0.00715182031932315 -0.0062921464374964 -0.00472357579966425 -0.00398336276236662 -0.00240097197404637 -0.000374100845005639 0.000118582313541342 0.00131354519464678 0.00211505466345864 0.00406965229022819 0.00561666409628031 0.00615831986576065 0.0053277541833721 0.00429753078346186 0.00477044988422164 0.00277772851287309 0.000635415529096068 -0.00160422841367512
-0.0194808346048428 -0.020387513074152 -0.0206764069489259 -0.0202950342222202 -0.0191554070592965 -0.0179699691277072 -0.0183582776484559 -0.0185161469209723 -0.018691865588311 -0.01850356521387 -0.0183758663492591 -0.0185869380010462 -0.0179761619719925 -0.0176318702268958 -0.01693553011844 -0.0163839391396975 -0.0138851430201458 -0.0137422103308891 -0.0163231663503093 -0.0156340257041879 -0.015092420279661 -0.0140060178725569 -0.0123563286423365 -0.0118979885010363 -0.0127089479640662 -0.0113587689146723 -0.010966801801558 -0.0104789977509633 -0.0104594917998469 -0.0107513968774552 -0.00937124104229514 -0.00806038885138081 -0.00720154634674631 -0.00554249932621733 -0.00420529278675648 -0.00119774292748487 0.000400449642614607 0.00265305314642729 0.00362515958167792 0.00094321548945991 -0.000507519907777576 0.00158595801065018 0.00459798757495228 0.00523830416140627 0.00541013376108319 0.00559834889497376 0.00434802658138485 0.0036532450446863 0.000162282015852632 -0.00179915541786136
-0.0187518023683743 -0.0195795051202748 -0.0199316519195864 -0.0194719609901864 -0.018663029982593 -0.018085407674498 -0.0179318125900447 -0.0183033223924696 -0.0182539738345411 -0.0187225512952851 -0.0182667533226227 -0.0177503701769875 -0.0183402485906515 -0.0182377085730757 -0.0169673382293372 -0.0120161250262701 -0.0107103438218047 -0.0107033665956483 -0.0109935795401389 -0.0125889166915245 -0.0129273170522627 -0.0123395214520584 -0.0079204117834978 -0.00604298534094494 -0.00888416559037502 -0.0109959903537054 -0.0113108892046249 -0.0114769583305723 -0.0113675240840707 -0.00881832070222422 -0.00912185244933111 -0.0077414846409148 -0.00585343821440477 -0.00417314885166633 -0.00226424574251509 -0.00142927156313262 -0.00136539135400264 -0.0010143249712739 -0.00230765499204208 0.000776447243386648 -0.00189541171373921 0.000338619851832485 0.00301073232459888 0.00427372738598736 0.00472531143621015 0.0035648084020318 0.00356125886942784 0.0027690451557822 0.000245441712289292 -0.000304610124497706
-0.0187624491813849 -0.0184669842528849 -0.0186638121925813 -0.0186556196916336 -0.0185162299072386 -0.0184545689311996 -0.0181122348845075 -0.0182512757454443 -0.0186308580178336 -0.0184779673745852 -0.0179240013643994 -0.0175222745482797 -0.0173290088752817 -0.0166126820179185 -0.0134233396915112 -0.0115668587948493 -0.0137266572782738 -0.0110043935262006 -0.00909266995702985 -0.00802846553355721 -0.00820726566064277 -0.00825888319161069 -0.00750850338454739 -0.00602513231981323 -0.00608621923066663 -0.00826854692938271 -0.0116353168898169 -0.00929643695095844 -0.0105469171693969 -0.0102284179695002 -0.00900439051192413 -0.00856648803168074 -0.00798679682068698 -0.00694753400047209 -0.00712833223155273 -0.00733343876745042 -0.00588020942963119 -0.00494823627231457 -0.00460729438197568 -0.00182012236745435 -0.00216647189732765 -0.00127309450697726 0.00153353877201618 0.00318045050369778 0.00323442317448491 0.00264051772389793 0.00277530636474812 0.00203041256950039 0.00197868012763908 0.00141261816908695
-0.0170426596066854 -0.0177644861496997 -0.0183732976176079 -0.0192240933923339 -0.0188198702397006 -0.0185796329474498 -0.018498369098114 -0.0178489613975479 -0.0179575507078371 -0.0183906532711231 -0.0180248504737055 -0.0182860281073979 -0.0154094039219034 -0.0128645208317567 -0.0133177493148939 -0.0144764482347069 -0.0154765297090479 -0.0148541556299273 -0.0110109201161801 -0.00934354002282908 -0.00782744318018142 -0.00874600091370661 -0.00762900296179722 -0.00696720812859633 -0.00763532832161078 -0.00956593241019138 -0.0113228308221889 -0.0122944214049901 -0.0128416416647852 -0.0119151777926479 -0.0129122159225452 -0.0117900291940652 -0.010387684644042 -0.00950772212266955 -0.00796157501622964 -0.0078180879274245 -0.0068836614842059 -0.00615571313034713 -0.00508894191991329 -0.00375649907532449 -0.00108472929116094 -0.00243979640905685 -5.51037124906303e-05 0.0019442388689393 0.00217855135487952 0.00148540727669669 0.000970819200371493 0.00037088250476223 0.000560857658257213 0.00113607434759405
-0.0181609971680913 -0.0181912587493581 -0.0179753529568675 -0.01740210546886 -0.0188636430096312 -0.0183316378262593 -0.0184802232993861 -0.0170708209118237 -0.0159732810268164 -0.017422241591868 -0.017159570076416 -0.0131195644647994 -0.0124800294283286 -0.0126267170226562 -0.0152856156258371 -0.015701723928456 -0.0158750396850499 -0.0147583194295041 -0.0136174477562549 -0.0130954838704111 -0.0121655235842465 -0.0101780726275166 -0.00694761597321925 -0.0052577772345975 -0.00891618381423144 -0.0103758479356579 -0.014440499153722 -0.0160464655678229 -0.0156021199547288 -0.0154088545510514 -0.014913323035056 -0.0128082940368541 -0.0112418657590552 -0.0107888299398106 -0.00879942417375963 -0.00858359096740238 -0.00786907337148682 -0.00698633978109895 -0.00577254864162876 -0.00462715248573868 0.000880691679034399 -0.00304065370526892 -0.00210178466201071 -8.54869544214402e-05 0.000678152912221679 0.000244086131745092 -0.000496726864123828 -0.00109699141029072 -0.000612161534114708 -0.000136914449771424
-0.0174899859472302 -0.0179662003218093 -0.018730325740241 -0.0188462095550605 -0.0185841196391266 -0.0174150120159239 -0.0166760452492539 -0.0137965437772142 -0.0106668329912937 -0.0152386038772549 -0.0142886037651761 -0.014466738268061 -0.0138923864680536 -0.0162044778624308 -0.0165362011388937 -0.0163811846569522 -0.0156651588430433 -0.0148953455222029 -0.0139696769658692 -0.0131631262137522 -0.0112238035249481 -0.00911457021045265 -0.00489531806163863 -0.00294689101139464 -0.00612312840346463 -0.00861278771365797 -0.0122423321482286 -0.0168076808506489 -0.0178165316026585 -0.0162737492965475 -0.0155817543277085 -0.0144163333881562 -0.0124395816662923 -0.0113326429789179 -0.0102377095958498 -0.00943791164511141 -0.00819277657283267 -0.00708705281636216 -0.0055824123778437 -0.00500483913053411 -0.00159168100818717 -0.00274475847247777 -0.00359655973638202 -0.0032727079387618 -0.0028361941672468 -0.0015238370101553 -0.000696648763306787 -0.000382640879504568 -0.000309468509619654 0.00025856358954896
-0.0178059145943563 -0.0181148836421691 -0.0196629144037964 -0.0196877493616913 -0.0191892824128691 -0.0172862710818162 -0.0163109720701621 -0.0117172819552943 -0.0125392254473226 -0.0138007676190534 -0.013035619351032 -0.0143908237755671 -0.0162059373242313 -0.0185638006598279 -0.0180035193173819 -0.017039192712749 -0.0161187276592383 -0.0151513359452992 -0.0140151910067373 -0.0129023243533257 -0.0109385621493021 -0.00880092404226133 -0.00419747737365158 -0.0034366879055955 -0.00606887155198724 -0.0100847209861974 -0.0139275556478871 -0.016078938468565 -0.0175633357230838 -0.0177771379592099 -0.0163964303804816 -0.0156788902032302 -0.0144099837420707 -0.0132584829479026 -0.0120208667209942 -0.0110318345348688 -0.00892934992633995 -0.00789543002413915 -0.00607299085424774 -0.00451057458643232 -0.00229307459828572 -0.00305580782724847 -0.00504808141019068 -0.00532980068104595 -0.00539945318628446 -0.00478515643540308 -0.00351086091235512 -0.00235049393984354 0.000605342248056685 0.000977425535705412
-0.0180502718346143 -0.0184255237505635 -0.0181960225258253 -0.016549523653688 -0.0174494391988808 -0.0154140142880438 -0.0128387616096269 -0.0163245786266429 -0.0187905165639299 -0.0178654030405802 -0.0169035994789302 -0.0182667566123197 -0.0175733569686112 -0.0188932447789751 -0.0182331550763145 -0.0174689321177801 -0.016619090754724 -0.0152770463501651 -0.0147459259454753 -0.0134978801894923 -0.0113938097507102 -0.00981713181979009 -0.00567612736691087 -0.00745864816629962 -0.00912852345148086 -0.0114752191303229 -0.0140113652385163 -0.0164157635897513 -0.0173419653628874 -0.0179402244728956 -0.0172700800657527 -0.0162728497845758 -0.0155225823677236 -0.0144389081277901 -0.0132089126704286 -0.0123514937790606 -0.0106202500378147 -0.00837750393237602 -0.00638376124196343 -0.00543712189875961 -0.00657495174978902 -0.00537516046011255 -0.00794546657945845 -0.00787477156431384 -0.00784312319642554 -0.00729452647666158 -0.00601940056970393 -0.00415038374149305 -0.00240650582046628 -0.000318712794577429
-0.0189590054727441 -0.019194927540155 -0.016995968310665 -0.0169505316597042 -0.0169355432824286 -0.0169283523008177 -0.0158912789198495 -0.018730515244412 -0.0190818241430272 -0.0188121602643359 -0.0182426014172936 -0.018960119248113 -0.0190187420989652 -0.0192493560953842 -0.0187211152807042 -0.0180779882983413 -0.0173298338411186 -0.0167715774621164 -0.0157267356790688 -0.0142521406539664 -0.0120316181220933 -0.0101301993519479 -0.00878562078915817 -0.0107015623709379 -0.0111825705018477 -0.0124987500834594 -0.0150480568022127 -0.0169257759233364 -0.0175504109807056 -0.01857443140334 -0.0188047630054068 -0.0179665889856721 -0.016631949559457 -0.0157483308604158 -0.014932663583674 -0.0137858617746056 -0.0114426581828581 -0.0103973798206732 -0.00698099626408778 -0.0054945453571752 -0.00583344626564407 -0.00778451386631027 -0.00959695927277836 -0.0112080162904675 -0.0108462585003345 -0.00964782600142407 -0.00820097442235103 -0.00680414187064347 -0.00489444886758876 -0.00222407344009754
-0.0157582929720022 -0.0165156389473155 -0.0150084138880742 -0.0184551995214839 -0.0198479705006639 -0.017883701231196 -0.0183709323282238 -0.0196869862939486 -0.0194338863652648 -0.0187119612547931 -0.0187652192517199 -0.0199272793461405 -0.0204267717052765 -0.0198292066125795 -0.0192671238873256 -0.0188069649021311 -0.0183464648079794 -0.0177357532670863 -0.0167872936040226 -0.0154521678940798 -0.013834571203414 -0.00943757978662011 -0.0127167743901426 -0.0140348551678896 -0.0136911462565768 -0.0156845144459238 -0.0168236082752466 -0.0172118269019678 -0.0182070795865396 -0.0185216278082614 -0.0189133835678159 -0.019131426802909 -0.0184328694637828 -0.0164780380585495 -0.0161862070869003 -0.0154381980621157 -0.0137093151433514 -0.0115024491669151 -0.0085494782264363 -0.00456789803036986 -0.00443043999629613 -0.00993956770257605 -0.0127884032111438 -0.0145813785103607 -0.0153637183525514 -0.0138328803752287 -0.0120540903190624 -0.0101141490813935 -0.00707614100245644 -0.00359298213526714
-0.0132425153794712 -0.0147544524584399 -0.0163527562279175 -0.0183363865878881 -0.0187561017658877 -0.0164906058442859 -0.0187554017643121 -0.0200153282058955 -0.0199350377552759 -0.0197205107558632 -0.0199250428279776 -0.0200798214563478 -0.0210126886144538 -0.0206293256759719 -0.0201005473392299 -0.019867427418013 -0.0187151062319643 -0.0184200016286885 -0.0176739522577458 -0.0157040346006354 -0.0144003439359784 -0.0107170169540966 -0.0146182928112334 -0.0153981636752437 -0.0162692766450842 -0.0163300349703153 -0.0175916766485513 -0.017972744952143 -0.0183578514701736 -0.0184776560370284 -0.019309502038425 -0.0194162607257408 -0.0199475447047637 -0.0181668415959532 -0.017732319237938 -0.0168622949414378 -0.0149684188255726 -0.0129229629992336 -0.0118803493919596 -0.010013126530306 -0.0126017723842446 -0.0134265816496614 -0.0164759219733256 -0.0193275009811807 -0.0195728720249031 -0.0189820064863234 -0.016038009593575 -0.0128702036249723 -0.00876800012051845 -0.00536440950599244
-0.0142592187543917 -0.0178808235711498 -0.0189735551156302 -0.0199018675771553 -0.0200192414521079 -0.0190535869122645 -0.0199907249146278 -0.019441129886783 -0.020099588910665 -0.0213224409228017 -0.0208394713309027 -0.0206801271674186 -0.0204539951238311 -0.0200589491332915 -0.0202379229576201 -0.0202862101674149 -0.0195442298373024 -0.0190181267814628 -0.0186115990391554 -0.0170692847678834 -0.0153433764230372 -0.014461967357046 -0.0154447841020593 -0.0165043353993612 -0.0176960206438419 -0.0172934390690881 -0.0182425790576817 -0.018280710475823 -0.0191449113129725 -0.0187612597278398 -0.018696846884737 -0.0204404037394781 -0.0206496651273001 -0.0187972034708979 -0.017279561973639 -0.0162512363235703 -0.0156232295003984 -0.0166602103508968 -0.0144897796011859 -0.0161262725133788 -0.0180807540146368 -0.0170482173300458 -0.0199433062372281 -0.0234832263859085 -0.0224525325651998 -0.0210115794797781 -0.0182123831617078 -0.0147500844517704 -0.0110302503568773 -0.00644857903515987
-0.0185500794687748 -0.0191579938011577 -0.0195467783323847 -0.0202324124486064 -0.0212635690236769 -0.0204938134967389 -0.0215173871511933 -0.0206518288673024 -0.0202948981486106 -0.020864397632032 -0.0212837210136066 -0.0210312569822517 -0.020768516627012 -0.0201205034710035 -0.0207949421267863 -0.0208031967704964 -0.0202679877920204 -0.0199226027698669 -0.0193900437156078 -0.0184189359462195 -0.0175523420776878 -0.0172155028039055 -0.0161201945430533 -0.0166565753651924 -0.0176128977579872 -0.0181638191263275 -0.019919317311111 -0.0200381112651451 -0.0197098981366492 -0.019060950693101 -0.0205793561380022 -0.0205569503158055 -0.0193381631299083 -0.01838869109164 -0.0178582112439665 -0.01784142047987 -0.0174889342680123 -0.0171168746413371 -0.0172187897467445 -0.0189719314541161 -0.0204831442697631 -0.0218311766547785 -0.0232199285260703 -0.0253129766781721 -0.023647954750574 -0.0211475128242475 -0.018180641527592 -0.015201357856976 -0.0127210900393157 -0.00854831886566735
-0.0178227483296713 -0.0198274733110217 -0.019889054356327 -0.0207953087540681 -0.0212577440718805 -0.0220951629967736 -0.0220882430263894 -0.0214377632322027 -0.0220902441579976 -0.0225131140793743 -0.0220805647636644 -0.0213409381265639 -0.0212147870905672 -0.0212188498857014 -0.0213437864765779 -0.0219337307112352 -0.0219405080415807 -0.02164866887136 -0.0211357646156806 -0.0192085304356728 -0.0202200089701874 -0.0190852528512849 -0.0174159119230299 -0.0181380273581983 -0.0191690715989919 -0.0192530424825092 -0.0203287089619632 -0.0214284367387296 -0.018612199723877 -0.0177411099890693 -0.018660047084765 -0.0192438666304136 -0.0189330091891838 -0.0175998774179115 -0.0173095841156864 -0.0173312002565555 -0.0176204596231718 -0.0185178446796153 -0.0195177019145678 -0.0200100407385999 -0.0205102228487176 -0.021248456247279 -0.0229877912408498 -0.0238851564453447 -0.0234395813932402 -0.020621015861703 -0.017526779586039 -0.0145957360528626 -0.0113107006196948 -0.00794306540028315
