data/pcas/pca_proj/PC17.asc
NCOLS 494 
NROWS 529 
XLLCORNER -117.166666666667 
YLLCORNER -55.5 
CELLSIZE 0.166666666666667 
NODATA_value -3.4e+38 
[rows 220 to 241 of 529, columns 250 to 299 of 494]
-0.00201973564184396 -0.00158899462642248 -0.000538236513814194 0.00126023196690566 0.00460229999372555 0.00771800382456303 0.0074766755758369 0.00307224715929323 0.000743440878451571 -0.00179162801129659 -0.00322002238336801 -0.00341258700562783 -0.00148337115093756 -0.000813279269803086 -0.000986078228681337 -0.00124908318264238 -0.00226285494943694 -0.00244298177416145 -0.00278580350859148 -0.00334771924038488 -0.00310832319560202 -0.00270231825593601 -0.00208897899420237 -0.000972665592515015 -0.000290152577974876 0.000250758634825613 0.000150701199702508 0.000582731411298797 0.000690133288963439 0.000342366900680171 0.000253277941995601 0.000564658381096241 -0.000480669312181 -0.000348548609135576 -0.00305762551644485 -0.00369967453898232 -0.00337035463143025 -0.00185571750674586 -0.000469891219979966 0.000880134653012111 0.00128825623392908 0.001830293264947 0.00203102678963398 0.00261609479996572 0.00227643198282115 0.00237065493125355 0.00326397016283334 0.00302976286439017 0.00363200152820995 0.00343539493385715
0.000582333505433702 0.00135593313652225 0.00237143529928005 0.00438082279939824 0.00654318893038513 0.00879396940197299 0.00521306146525865 0.00139419260356104 -0.0012134425959656 -0.00312623567275848 -0.00411487921284111 -0.00416166259905165 -0.00295100769188062 -0.00264787193681459 -0.00234044835538103 -0.00293679101132529 -0.003204983705902 -0.00327928593729762 -0.00344514846587475 -0.00362547873107667 -0.00352061298929968 -0.00311702685145142 -0.00219348656760971 -0.00189860939853258 -0.00133940189313406 -0.00105714697886362 -0.000594649967656107 -2.61847634848354e-05 0.00145754415953702 0.000933755965155995 0.000894864926976855 0.0011684488095819 0.00177475781828828 0.000187523175942715 -0.00201396606934658 -0.00359416645706004 -0.00346895742902639 -0.00240219031266183 -0.00136200622860107 -0.00084795736783706 0.000746953017137244 0.000898537530750915 0.00133509540195237 0.00204821100220899 0.00177586858722605 0.00207950934931051 0.00240939813930395 0.00228412815596166 0.00335384882062211 0.0034415655853144
0.00236046541873489 0.00354202119131449 0.00500720682477222 0.00631516901872165 0.00888221068329473 0.0067292474678024 0.00366979912459393 0.00014738848555324 -0.00263910959490927 -0.00456853348462797 -0.00504007870855172 -0.00474343657423192 -0.00362769968051476 -0.00427693923298802 -0.00415728744821966 -0.00375125379566482 -0.00405578784370509 -0.00372878564296156 -0.0038138731669241 -0.00398410634359767 -0.00439667310871139 -0.00363666517298857 -0.00305017072683874 -0.00262380173320949 -0.00167954405901933 -0.00179118260844023 -0.00145397644898266 -0.00141319123734504 -0.00088892407949064 5.27114043757327e-05 0.00039742757721173 0.000785317813687602 0.00170226325737201 -0.000374704586902322 -0.00142385598075616 -0.00319490263544348 -0.00287243689329599 -0.00298072331139212 -0.00236327972265967 -0.0020598263610035 -0.00116418401432675 -0.000409963598373747 0.00038119391697734 0.00119250791552972 0.000951865914266282 0.00117846931828688 0.000995919362491416 0.00226724106545324 0.00268966320336862 0.00316347674595851
0.00534124578552215 0.0058674041117359 0.00721733887515359 0.0091123754947054 0.0065727398448992 0.00414630655846719 0.00148448336572159 -0.00190100474579717 -0.0040860188614211 -0.00502143614157945 -0.00501295974369783 -0.00502227483620224 -0.00509425045363758 -0.00508866864674045 -0.00487408731987909 -0.00494184766540885 -0.00456583828209159 -0.00478858357886353 -0.00501104688701006 -0.00502551322605036 -0.00484699026205184 -0.00423087113644255 -0.00413758967249911 -0.00382821124586039 -0.00289488291485102 -0.00305150821915636 -0.0023891878218275 -0.00194042995098895 -0.00134667994338392 0.00041396026845496 -6.18295023589154e-05 0.000433363305739257 0.000464530831254647 -0.000526364768773027 -0.00171651269184688 -0.0033449151442449 -0.00348145480903514 -0.00369878598616006 -0.00351842370252617 -0.00293215010570642 -0.00206614564832163 -0.00156236621017853 -0.000930478515165264 -0.000175342227794908 0.000115553106162192 0.000763268251023628 0.00208800898561241 0.0024553442511812 0.00348659519682332 0.00358778655348482
0.00867266219404209 0.00776699109693997 0.00675570225051751 0.00508694909103271 0.00355146334289557 0.00250067349565154 -0.00016999363512529 -0.00261687082163295 -0.00431408112325101 -0.00544707513550998 -0.00511075833161965 -0.00495549278350304 -0.00499906955409383 -0.00517178362787764 -0.00537698412691802 -0.00533322667303082 -0.00588103747484559 -0.00570527693975602 -0.00568305884700734 -0.00510560294684162 -0.00518285107205252 -0.00536818584403949 -0.00473292528308761 -0.00368120082823496 -0.00365573234847814 -0.00336478425578734 -0.00234582238172231 -0.00200998006149643 -0.00180605889058614 -0.00199923146603565 -0.000361444766366975 -0.00184146646632988 -0.000727380610811632 -0.00135607973973125 -0.00253517833603737 -0.00405491143438234 -0.00450319475004317 -0.00401332370411452 -0.00407625895728686 -0.00357661668989675 -0.00288730530526842 -0.00265496657982537 -0.00159610280179808 -0.00107475101338026 -1.69297052267505e-05 0.00080071778598132 0.00223049186205408 0.00243005320543703 0.00398148186991826 0.00427747231464167
0.00714598745623346 0.0052090104298146 0.00360224594992061 0.00286360713433699 0.00112467578068191 0.00045697945751754 -0.00174719265681409 -0.00320710003708291 -0.00443108219740032 -0.0054307267445602 -0.00639509077529218 -0.00625409818703277 -0.00610829687185436 -0.00611440223503784 -0.00631472737930278 -0.00623467426558051 -0.00665548157822114 -0.00635753954041887 -0.00579534289187742 -0.00627057962549834 -0.00637045184727451 -0.00541698328293982 -0.00499628331864144 -0.00427605255931838 -0.00417952444559774 -0.00410289006486195 -0.00301513970586744 -0.00233395008112118 -0.00280978602231545 -0.00327917496710991 -0.0027358459739826 -0.00151041878897432 -0.00208020287540024 -0.00286068293718018 -0.00367460428753638 -0.00526218007920536 -0.00589048889083148 -0.00545592034821794 -0.00512974898189638 -0.00422748957021876 -0.00357278670600591 -0.00268902688295071 -0.00261671572250184 -0.00204856379201332 -0.00105180029303693 -0.000402391676173426 0.000697302366274709 0.00230377193719342 0.00378052861345542 0.00516886538638374
0.00329126625137726 0.00276112598278918 0.00119092895994732 0.000252233526581456 -0.000358613860306408 -0.0013687685003848 -0.00292673825669878 -0.00365348103339497 -0.00473590166544559 -0.00579500886870855 -0.00675148314559621 -0.0071279916073471 -0.00688443820794217 -0.00682460828675187 -0.00676144395842366 -0.00649764431745271 -0.00649449495746652 -0.00638006991774753 -0.0065804501655554 -0.00681067524788602 -0.00660615273212965 -0.00579319333664624 -0.0056320383135561 -0.00557392017036369 -0.00546458563051105 -0.00482284361136056 -0.00429516741308697 -0.00360469719127594 -0.00359709476679487 -0.00345792018876431 -0.00231395417155377 -0.00273584263770564 -0.00340430090394674 -0.00444665723698471 -0.00480329955993591 -0.00605948671643172 -0.00708866538314895 -0.00676644667764376 -0.00563888552623191 -0.00460487479319685 -0.00443744475129426 -0.00395133947266479 -0.00318828814386116 -0.00213906373209101 -0.000942160274201178 -0.000547858457631099 -0.000215511969661762 0.000862004818823844 0.00268125582545762 0.0033960426207566
0.000898978670702554 0.0013778650481065 -1.61032113801767e-05 -0.00177709590523727 -0.00275821799182338 -0.00332082449974885 -0.0040119911827022 -0.00455528876700221 -0.00567604006617833 -0.00605272572057648 -0.0076211820787198 -0.00769835091760694 -0.00780618384496228 -0.00709099059872301 -0.00657902853780668 -0.00618201954150461 -0.00633034604901888 -0.0070977968695775 -0.0074497447643783 -0.00727942936398703 -0.00676555670722247 -0.00625438003568024 -0.00644245128704741 -0.00605848284768085 -0.00595963455161813 -0.00555089415967504 -0.00409700805059573 -0.0031934065535143 -0.00396889730107244 -0.00321328548166195 -0.00389781221243274 -0.0044807871090874 -0.00502451702997104 -0.00636347401866586 -0.0071008583535318 -0.0074106049237928 -0.00754681713019637 -0.00762001769247928 -0.00685520106032445 -0.00553731357928498 -0.00564351490114556 -0.00501123730654126 -0.00356310417873458 -0.00250678653684802 -0.00183175727558246 -0.00149627360103017 -0.000863801851225296 -3.97921949606065e-05 0.0012837002434188 0.00293878894963034
-0.000328064826268567 -0.000723974505549173 -0.00243942525214563 -0.00324163223423633 -0.00362845408843857 -0.00421884575955604 -0.00402692174136621 -0.00507544317622089 -0.00629037435114662 -0.00608391023902061 -0.00758673283066001 -0.00841045231703961 -0.00787035373919329 -0.00760829840716828 -0.006989587844176 -0.00615847097640955 -0.00665230088454018 -0.00730053590803269 -0.00731433943608808 -0.00703749985672617 -0.00702804374436954 -0.00689953344461207 -0.00674255445907726 -0.00677913930572385 -0.00629659544616791 -0.00572041366309431 -0.00505297468313672 -0.00464537190589645 -0.00550330705191036 -0.00428524215400285 -0.00495440255500508 -0.00595742814863262 -0.00703358421833165 -0.00791797088739209 -0.00806008097909801 -0.00843506640046813 -0.00883196663571726 -0.00843112523702826 -0.00768927588978763 -0.0068125325587574 -0.00619476888211394 -0.00504229885474455 -0.00395012634440004 -0.0037869191494378 -0.00324397593204037 -0.00207427273192384 -0.00161665217648157 -0.000264916776379995 0.000770175639578677 0.00131456151437528
-0.00209522675851766 -0.00211228528974993 -0.00274319866223854 -0.00402925903659827 -0.0043918569333717 -0.00502620332024829 -0.00481112112819683 -0.00500375149708657 -0.00547918592304351 -0.00697498005122417 -0.00815658334294083 -0.0083199434660053 -0.00814014824116802 -0.00793263372840639 -0.0073521178640692 -0.00717715652661117 -0.00764117162061421 -0.007230335236167 -0.00708830017701152 -0.00749572107453374 -0.00754329135295554 -0.00781923201432735 -0.00702752262643816 -0.00678352257946856 -0.00605059242719326 -0.00556155340177689 -0.00553420150759845 -0.00560218973646934 -0.00572325446017308 -0.00434727943016506 -0.00588001081834683 -0.00745806429261062 -0.00830636745479647 -0.00927058530336604 -0.00968335557377174 -0.00992934841481731 -0.0102062377473641 -0.00899920549262877 -0.00856085221452209 -0.00782809130674472 -0.00641600423609257 -0.00562796220958812 -0.00482734862115511 -0.00452945324738666 -0.00388932944273948 -0.00285884210025382 -0.00127601054141017 -0.000670382541778086 -0.000887890802142726 -0.000328121476426338
-0.0027629361048576 -0.00256815214913476 -0.00300585052762547 -0.00481480922309742 -0.00491858225546903 -0.00493955614534042 -0.00527521460061004 -0.00542964140815053 -0.00559785251873117 -0.00690820989150832 -0.0077829205906763 -0.00800097528965757 -0.00815172293608391 -0.00778859655749119 -0.00686764248004069 -0.00719134075745708 -0.00736471828813553 -0.00727949801953161 -0.00718177866240677 -0.0074259093239358 -0.0071483581363152 -0.00710139173694339 -0.0068784802198308 -0.00645739814817526 -0.00564727664529777 -0.00573817837468851 -0.00582041423564519 -0.00626298997026142 -0.00426754398011235 -0.00600409518862243 -0.00687489774745072 -0.00841832747658657 -0.00960287916449236 -0.0104963289835935 -0.0106739620288855 -0.0103188472466912 -0.0106609253992583 -0.0105071689425855 -0.00960026133454526 -0.00868109445113684 -0.00751128637241342 -0.00665923250097904 -0.00561746310675501 -0.00501779034038254 -0.00423045175727611 -0.00282348909216341 -0.00116242862405534 -0.00209224920553342 -0.00214821080852628 -0.00151457638640762
-0.0040866138688843 -0.00421912095288053 -0.00425238779863973 -0.00523772893578388 -0.00466326208560832 -0.00542627833825191 -0.00545776148711636 -0.00601289536245533 -0.0068830186300127 -0.0076438746939637 -0.00763752565139893 -0.00802050277550452 -0.00778766800234064 -0.00724081837668854 -0.00688290711442936 -0.00700085385966986 -0.0068343228639913 -0.00702831761867708 -0.0069255111204091 -0.00644310742925765 -0.0068624715888183 -0.00688837562124636 -0.00665324968852053 -0.0062078297809198 -0.00621500342881932 -0.00628951084270082 -0.00661166786536097 -0.00625142993723632 -0.00492032860797465 -0.00603786489769927 -0.00768736576176167 -0.00922264246231092 -0.0107995454497396 -0.0114717444569895 -0.011852596214825 -0.0120245974625204 -0.0115895512511931 -0.0110847949620161 -0.0103203666133101 -0.00956550191033973 -0.00818996337915758 -0.0074616616394507 -0.00666213696368816 -0.00560596707710902 -0.00403760740721602 -0.00256109059897416 -0.00193845087643452 -0.00262066547688311 -0.00247408853872003 -0.00197784104544672
-0.0056046323495865 -0.00573238425861387 -0.00565984334917767 -0.00616847046128675 -0.00646222568517549 -0.00694711126584182 -0.00666066446427102 -0.00563680778897727 -0.00695112165192556 -0.00776389769971375 -0.00763061194727559 -0.00746736476113711 -0.00706475175328436 -0.00663902878727831 -0.00739563899509213 -0.00686960375404359 -0.00599527415476528 -0.00573616308830606 -0.00592931982199003 -0.00599709241935167 -0.00637035176321474 -0.00649867006850441 -0.00664395041910659 -0.00649818773227726 -0.00706508291408184 -0.00694233556274858 -0.00699909196435864 -0.00719758398540798 -0.00477027145954997 -0.00642704901531638 -0.00898549299542457 -0.0104764537790917 -0.0122678401196986 -0.0126208181559039 -0.0132229721459605 -0.0127275901438429 -0.012620363482512 -0.0119611408059931 -0.0105341374074393 -0.0100978875276599 -0.00903692390837995 -0.00796684674976844 -0.0068551366226574 -0.0059792260561972 -0.00411273054356193 -0.0033773241346274 -0.00298964280386996 -0.00279599383254598 -0.00326422632230675 -0.00218672903335186
-0.00809852565380406 -0.00693632617741379 -0.00647755532058198 -0.00713234065453435 -0.00786869992830818 -0.00788767526852197 -0.00751039725826192 -0.00701808895117377 -0.00768766625463006 -0.00791313806761997 -0.00738714275947415 -0.00671695690635342 -0.00733503801852409 -0.00663092813227394 -0.00639686953175465 -0.00610654593686281 -0.00532554325624548 -0.00511574827778155 -0.00457887836133913 -0.00540011442083266 -0.00599856519201753 -0.00658931553879452 -0.00676194025918623 -0.00730517461745516 -0.00813588863547512 -0.0078329545511247 -0.00797365105212907 -0.00790165092734289 -0.00818375073911604 -0.00731043674865931 -0.00907113961471066 -0.0110993231260153 -0.0130053819071552 -0.0136373140919759 -0.0141141706146417 -0.0136906674787574 -0.013526262393691 -0.0128165245524682 -0.0116548015897222 -0.011080380169928 -0.00923598563275975 -0.00764536376026371 -0.00695958799448551 -0.00598420631943945 -0.00460583068045859 -0.00403171285544864 -0.00369189377403975 -0.00380952446637723 -0.00356706825599882 -0.00362328444348942
-0.00994722350085296 -0.00886302760247958 -0.00700815983741588 -0.00857258176904525 -0.00877644449120374 -0.00835146689572519 -0.00753322440542967 -0.00782371556007138 -0.00787306846804088 -0.00819231681424257 -0.00696959096551171 -0.00698336415436402 -0.0060298708841985 -0.00630907487596471 -0.00590144637740337 -0.00538455305054 -0.00499535656551354 -0.00471155264101981 -0.0039924556973152 -0.0044380522503229 -0.00510952769556937 -0.00604895799291143 -0.00666740941639627 -0.00760479617735048 -0.00766456088060847 -0.00746355629882359 -0.00807647624771178 -0.00777887821469356 -0.00858161881072859 -0.0078272314943969 -0.0101617655092852 -0.0117982992900323 -0.0135122955235029 -0.0151090172174962 -0.0153244851562252 -0.0147797511207307 -0.0136287214282851 -0.0126152819694877 -0.0110476300783547 -0.00983228587500177 -0.00839462006420316 -0.00750512920922622 -0.00641420025696835 -0.00566131369844256 -0.00522191343884997 -0.0048042802901928 -0.00429517994620092 -0.00422507110496979 -0.00392313383338148 -0.00393664335247996
-0.0105231373388496 -0.00988178794081252 -0.00785403210209538 -0.00849404766140357 -0.0084405353514845 -0.00878593521500211 -0.00831521628507054 -0.00752140249337139 -0.00723976138899813 -0.00756570878830456 -0.00654174985884516 -0.00652990721338681 -0.00576394147596087 -0.00533822301577768 -0.00597855471209701 -0.00463012602146712 -0.00359137450208757 -0.00353684887851078 -0.0035877954216111 -0.00439559902783867 -0.00431050969457335 -0.00470434649376017 -0.00606199274776865 -0.00787273379534006 -0.0085565637832999 -0.00836463366758973 -0.00818432668628084 -0.00827209109864136 -0.00888134759540522 -0.00705738946634505 -0.00947474529256457 -0.011579957516698 -0.0133353921823232 -0.0156831251758457 -0.0149122240136185 -0.0142355544671868 -0.0128731386836771 -0.0113422531947456 -0.0104379422226845 -0.00910118130041111 -0.00769850236972287 -0.00638563763016709 -0.0061954073987782 -0.00607366438365823 -0.00581573366781088 -0.0044189662110043 -0.00427766008558828 -0.00464987828258596 -0.00443885913331276 -0.00490853213392733
-0.012189438206435 -0.0103849178719642 -0.00822133840700497 -0.00814424469325194 -0.00830808940400782 -0.00870177007113516 -0.00847098935300371 -0.00750328395870853 -0.00823211977697379 -0.00769381709563866 -0.00644427289301066 -0.00527375298141983 -0.00499552162923363 -0.00509973152262114 -0.00482252514656037 -0.00310789995867716 -0.00248802205025742 -0.00311708891023827 -0.00324504600260822 -0.00321756917316567 -0.00320514228213737 -0.00362991307917315 -0.00575916789452331 -0.00705661613205642 -0.00777627523678359 -0.00888667996456468 -0.0080908935062501 -0.00804192694099693 -0.00869058592473869 -0.0085373960485244 -0.00675800841278918 -0.00909481530044869 -0.0111724190183174 -0.0136388311882086 -0.013608329793481 -0.0132273083141284 -0.0122117300034841 -0.0113016789468864 -0.0104320031762863 -0.00862968938633779 -0.00731515262194811 -0.00624456416143634 -0.00538494153798961 -0.00571515053155256 -0.0049940648918197 -0.00445160812177482 -0.00440296374144217 -0.00495991102557705 -0.00442163290258956 -0.00528052828148257
-0.0138388583367274 -0.00950809623371905 -0.00885568047260725 -0.00873841323799262 -0.00841633273300371 -0.00877573178632622 -0.00802017068516961 -0.00692715290505872 -0.00777708154353683 -0.00924838745940738 -0.00708262468420328 -0.00588973823843487 -0.00525057876004558 -0.0052681705885662 -0.00461874676971933 -0.00202808514511684 -0.00209348075461428 -0.00316169860908476 -0.00277875059005193 -0.00239337870763501 -0.00233288817468312 -0.00359842407964854 -0.00504082240725721 -0.00638147971336181 -0.0064390717833076 -0.00774861353461297 -0.00753449940666905 -0.00745439823018376 -0.00802469319288472 -0.00866609712222152 -0.00947511716519576 -0.0074263984833323 -0.0102460884109811 -0.0117336725036109 -0.0114341519830865 -0.0113910608826229 -0.0112417032552008 -0.010416125938073 -0.00892791174337191 -0.00825051307181603 -0.00702274343861071 -0.00638798999331108 -0.00569447640998201 -0.00475397405376757 -0.00491583840151805 -0.00452730291540134 -0.00391383118057361 -0.00386917805405818 -0.00362540446327731 -0.00534644770614747
-0.0109952452211297 -0.00848697082887882 -0.00921253378264684 -0.0103108324303866 -0.00977641758328769 -0.0109333734955748 -0.00798306490084669 -0.00724580497287148 -0.00628971748497112 -0.00883938348410169 -0.0079590741025134 -0.00586921642444998 -0.00452013048004256 -0.00420874740929871 -0.00298008972861053 -0.00175727989483473 -0.00169218276353597 -0.00167558617860307 -0.00133110516642786 -0.00162590331487614 -0.00186699902911247 -0.00250368630077696 -0.00321661692511878 -0.00464121603173311 -0.00649148545879127 -0.0076679133885537 -0.00825737979771724 -0.0087621644666946 -0.00841348098211881 -0.00895498588319052 -0.0100817486009733 -0.010071791140859 -0.00750098648855988 -0.00923668048134011 -0.00915704987257427 -0.00916035773157547 -0.00925658732644201 -0.00794983363031371 -0.00700352147878276 -0.00604260068266127 -0.00619820750513735 -0.00561986462470597 -0.00452190507710438 -0.00431454981575427 -0.00427730577148384 -0.00434102159262133 -0.00428095675725164 -0.00321279138219222 -0.00396929349031907 -0.00573877261750427
-0.00860499984859579 -0.00655505432200357 -0.00756873953222619 -0.0108487594689982 -0.00983195560870877 -0.0116096380066433 -0.0102069735048837 -0.00715200058530047 -0.00616452663406416 -0.0066563236317522 -0.00881652434608885 -0.00614863905415115 -0.00430038042758297 -0.00314677788770389 -0.00253590226078398 -0.000904422305511792 -0.000498721441050045 0.000301448062814359 0.000425409731555894 0.000165858779187028 -0.000554504540806404 -0.00176760812831777 -0.00280352003304742 -0.00447198290699757 -0.00637243190279056 -0.00709224096881115 -0.00805990353973408 -0.00837414775780041 -0.00863483189947217 -0.00983584564065143 -0.00985428199874398 -0.00990904436398879 -0.0102811005962851 -0.00590117927717221 -0.00721911441182293 -0.00629318149536777 -0.00620271000849247 -0.00554489791180723 -0.00528485696118133 -0.00393957444343529 -0.00383039723475495 -0.00351492463437286 -0.00352924585012659 -0.00322376798320723 -0.00276028142379244 -0.00303706792754617 -0.00366502597245536 -0.0027996730068465 -0.00387833311256249 -0.00487009244338496
-0.00758689642478668 -0.0056585692487252 -0.00568999736154967 -0.00703139552439459 -0.00875562417197892 -0.00871480130929355 -0.00957502555760206 -0.0076646132733226 -0.00678328839282196 -0.00588001851851822 -0.0063145099707874 -0.00440023499578361 -0.00354931313237546 -0.00232315560741875 -0.00155981676602251 -6.5886405051138e-05 0.00169380619867522 0.00152251591481323 0.00248747791132969 0.000325783117918434 -0.000398931486535265 -0.00186312439524698 -0.00321283292136138 -0.00423249879109914 -0.00588930791062002 -0.00664131368302855 -0.00706426736352031 -0.00801046204039174 -0.00913115908565569 -0.0096352975133208 -0.00936542530525019 -0.00985736382023902 -0.00893632541518308 -0.00867596417251351 -0.00842703990184148 -0.00844661796804778 -0.00832358660701024 -0.00748081206941908 -0.00311373501948021 -0.00284703814591167 -0.0036125620214319 -0.00288948737662377 -0.0017929958060502 -0.00162260120464482 -0.00176625572409346 -0.00225836100072711 -0.00210665256748433 -0.00304734895313616 -0.0026260420801642 -0.00420538228749955
-0.00650375706491506 -0.00495881178962739 -0.00373164237062276 -0.0046384630753443 -0.00695381400625272 -0.00687316584198477 -0.00674526787640678 -0.00590559826875126 -0.00601112391474061 -0.00553631381864501 -0.00503407267275295 -0.00374182030534289 -0.00355799031367078 -0.00237968104014318 -0.00120890668872626 0.00132787654834264 0.00321463449125419 0.00383877942996985 0.00255601161834796 7.80492107629829e-05 -0.00066554921929579 -0.00114565612172239 -0.00343537765236839 -0.00479219412304576 -0.00534354725131808 -0.00626608600229138 -0.00734046528145484 -0.00858017358040147 -0.00873694299961201 -0.00909805823236323 -0.00874012128872367 -0.00877878946844696 -0.00848783072943042 -0.00835341239423145 -0.00817241816090586 -0.00785013834213261 -0.00741335444540417 -0.00681075265498517 -0.00607815074275859 -0.00601942452510857 -0.00158505480959101 -0.00145840290696656 -0.000579843276227612 -0.0011946517597448 -0.000584719614201938 -0.00101892025187486 -0.00137804904113698 -0.00183761069346914 -0.00198558045984843 -0.00346172650486361
