data/pcas/pca_proj/PC18.asc
NCOLS 494 
NROWS 529 
XLLCORNER -117.166666666667 
YLLCORNER -55.5 
CELLSIZE 0.166666666666667 
NODATA_value -3.4e+38 
[rows 264 to 285 of 529, columns 392 to 440 of 494]
0.00813415151025976 0.00629279285295923 0.00588691826901106 0.00523992927516027 0.0029452363982491 0.00284054945179938 0.00312714731650903 0.00443353667377882 0.00352189255139247 0.0013246559180021 0.00159462572586923 0.00176207466493229 0.0012238222388675 0.00291850551773593 0.00393192788976735 0.00350744478013258 0.00280651771842099 0.00209973629041766 0.00128749172842133 0.000313608635080184 -0.000433608715120372 0.000499562059684982 0.00150403309806368 0.00123907484968168 0.000572954316902852 -7.39286141094059e-05 -0.00139602118124105 0.00117696206925046 -6.78380366072721e-05 -0.000617737259309538 -0.00109016085035828 -0.00488693173701321 -0.00615011948805141 -0.00579097932173806 -0.00104267275070188 0.0012943121236048 0.00529039849122077 0.00862247100290325 0.0128562616366535 0.0146760108560223 0.0146861865204838 0.0152420732704433 0.0154301368199888 0.0154484699744408 0.015185919599885 0.0154760453224046 0.0151283891714887 0.0142566611120339 0.012736557784995
0.00783909193981678 0.00846609735380101 0.00741836639968096 0.00615738758569275 0.00451159613756047 0.00495585290204341 0.00466305879190937 0.00527194963582171 0.00466312460907209 0.00391573800260597 0.00114521613975279 0.00244247409017386 0.000793782631387303 0.0033395883402715 0.0035656173029751 0.00292942244735906 0.00310599291375339 0.00171454889557173 0.00159511943970605 0.000179067468615073 -0.000412365959963141 0.000242259224306279 0.00044523191146154 0.000985540623834915 0.00180550023631514 0.000328587251182406 0.00174016701676625 0.00137511439290152 0.000687892993766418 -0.00132879672719584 -0.00241319396486804 -0.00239915637844803 -0.00429007936111621 -0.00599223076967856 -0.00366250681975433 0.000179920447903631 0.00234599820855421 0.00570669609079217 0.0108324824071399 0.0132517834522865 0.0138459137007562 0.0147007746760533 0.0155486331856371 0.015926946961224 0.0157875179652888 0.0162045356791987 0.0154250756129835 0.0142565678868844 0.0132469599682627
0.00812820060266376 0.00867172344363837 0.00868199682459393 0.0070805938649537 0.00506513331428135 0.00281073119960252 0.00221410934855166 0.00416221058872058 0.00413316248720489 0.00395249504092776 0.00215627877601378 0.00161440055057012 0.00178769324774359 0.0012892690460607 0.00312030518262691 0.00314690314156864 0.00310675494302421 0.00159520125419248 0.000843370320480421 -2.97041240199968e-05 -0.000269167167442553 1.22306198604455e-05 0.000820337114460436 0.00158176068607287 0.00180928419184699 0.00163634468532867 0.002543964698671 0.00246837895601505 0.00128923499371281 -0.00176741055821358 -0.00467218584991407 -0.00346634911833467 -0.00442969720477616 -0.0112766057284169 -0.00584970794010961 -0.00267021667441526 0.00205182106028436 0.0055213662890168 0.00820972343407053 0.0114653034686497 0.0123824893454962 0.0128847018496224 0.0146661817420345 0.0153889162336445 0.0155131045221297 0.0158822095593325 0.0151778765805791 0.0137403072418517 0.0128101167203471
0.00788964644033788 0.00642188668159438 0.00717062248045375 0.00642657712140155 0.00509679160112589 0.00353371206459392 0.00218806860268034 0.00361085354359623 0.00421352565318522 0.00158925157811456 0.000769417317912768 0.00280911946368215 0.0029836161468378 0.0044880177348449 0.00380868685196532 0.00323598174094806 0.00311664942565546 0.00205704591947642 0.00140811766454473 -7.05847040638098e-05 -0.00023431875986995 -0.000248341798636868 0.0015992063721606 0.00225465849136833 0.00202858689307181 0.00297540961829159 0.00288695643238997 0.00208933653872514 0.00122034831830541 -0.000795347850675062 -0.00256406634013578 -0.00761217210126078 -0.00775034098406358 -0.015085794455107 -0.0122426100552709 -0.00330556222782073 0.00103423487440012 0.0043771514206696 0.00760785179191042 0.00822399691224515 0.00981678691257585 0.0117030964860739 0.0135003891336624 0.0140760154247328 0.0153451307705037 0.0150799898501823 0.0140109916957456 0.0131939360652064 0.0111144491233422
0.00705833899231609 0.00645435495141505 0.00657286336145911 0.006227214340874 0.00468176534561058 0.00378402513809001 0.00177547382347636 0.00258542114059532 0.00291036158362785 0.00131663587397305 0.00220299058946693 0.000842861607978087 0.003548729547705 0.00449849962983498 0.0044845233035213 0.00318985576086205 0.00282187708194066 0.00227166677779671 0.00105600559054567 6.84250290314389e-05 0.000425798580606834 0.000940463404255617 0.000873284590432608 0.00127343965976294 0.00122458584179893 0.002807661573079 0.00280142504716001 0.00196356026292604 0.000900390408461329 -0.000759364727822903 -0.00182732278788445 -0.00802126280873595 -0.0148094769583389 -0.0242266311617578 -0.0178357229936496 -0.00826640909014196 -0.00301129594635554 0.00113616463340727 0.0053298131575552 0.00919588631494188 0.0106448782442095 0.0107082890459488 0.0105273663039584 0.0120500719975076 0.0126429150860303 0.0123772731536826 0.01167636477898 0.0108056908860667 0.0108865411705725
0.0049179330466024 0.00684623840315739 0.00549568136429298 0.00447293520156948 0.00202844929491949 0.00240392718755521 0.00262739578518524 0.00226875803870174 0.00228131787943925 0.00152092806039911 0.0017203760505273 0.00200683889798882 0.00501051338935069 0.00400652652383591 0.00395410208296239 0.003622910885307 0.00338253628492376 0.00174922513508033 0.00145181269276227 0.000593020373285675 0.000245087028476071 0.000550498908648623 0.00195021783423278 0.00112833532264643 0.00115312714964406 0.00311783973985188 0.00299686928871455 0.00194473732904222 0.000772439838504366 -0.000878237546892068 -0.00275289894588259 -0.00717501635324234 -0.0166233939790822 -0.024267315191409 -0.0161216804362935 -0.0131023683568078 -0.00736775598790068 -0.00368521161600096 0.00184947687424465 0.00863760550715213 0.0118817161220742 0.0116013956354998 0.00983618701935987 0.0111868660366883 0.0112934508245242 0.0110298232719957 0.0105197564614511 0.00883346379130727 0.011443880520722
0.00616737104201882 0.00668897228232217 0.00548045364135574 0.00261556209089162 0.000606307593719144 0.0022795972502687 0.00194949924235792 0.000466691807318675 0.000998050688378894 0.00199224360874129 0.00236511865723475 0.00443579744153978 0.00505757166801267 0.00389372791846581 0.00363804229439371 0.00342406334629657 0.00322727315394466 0.00206495025686224 0.00131035437256732 0.00138198153269199 0.00111156852660722 0.00078525510475882 0.00203094176717821 0.00181243920381405 0.00162306905638579 0.00275196584972677 0.00303283626262435 0.00319275189142852 0.00179887983655422 -0.000630567097081443 -0.00356676806571595 -0.0110673405253078 -0.0154636938119436 -0.019731905939011 -0.0167376279264261 -0.0138654075205056 -0.0112022402082588 -0.00940799747094198 -0.00368272889190583 0.00624660320676716 0.0110349333127723 0.012872182652201 0.0114049431964851 0.0108794799779307 0.01082902149273 0.0102774328763758 0.0093316686923503 0.0116922298933589 0.0138711401898939
0.00442762423467552 0.00236727708821845 0.00329556336237398 0.00259115452299129 0.00250068953806304 0.00118596850952734 0.00071913567178084 -0.000579891083270787 -0.000118330896109187 0.00147753813322709 0.00244102750563643 0.00567800910612006 0.00508444044643273 0.00404056200764084 0.00358378343169737 0.00357875544907781 0.00307797325599134 0.00233929189867086 0.00158763152931851 0.00155988479100767 0.00117711538101842 0.000967892460699674 0.00244700965240266 0.00161995157772581 0.00139113836973655 0.00322506174444452 0.0041576942756398 0.00405197296175368 0.000969128156533204 -0.00274941467762855 -0.00178600958931107 -0.00953951745694564 -0.0114659998008731 -0.0162144534522782 -0.0204412331765235 -0.0150501861936563 -0.0107369042030887 -0.00878992303038637 -0.00116501807210911 0.00605614982613974 0.0105087262347653 0.0122325440208229 0.0129157618340173 0.0118188130710213 0.0113775540143441 0.0109861967836671 0.0115472025552468 0.0145201615625818 0.0147488270875354
0.00237222684748186 0.001280969866925 0.000893277625980367 0.00176730192900938 0.00259578682473761 0.0015271419099622 -0.000397802023042892 -0.000875630941611411 0.00232346186402794 0.00349690829930124 0.00455033216268936 0.00505904297502938 0.00452807105193097 0.00431826326416006 0.00335554532080279 0.00389561724884463 0.00297897131202991 0.00265278377959905 0.00222370391354501 0.00165364576731475 0.00188825946420783 0.00153633287710381 0.00319038983006301 0.00244570908549321 0.00169311077417073 0.00432063159980574 0.00445608964595429 0.00357001444215196 0.00191290090412099 -0.004643479790805 -0.00526791674259023 -0.0084815850827348 -0.00990538045226562 -0.0147904472135145 -0.0163190710830937 -0.0117979372050711 -0.00934044570826885 -0.00312054303567357 0.0019910077988457 0.0074294389539399 0.0109701236668093 0.0124149266707155 0.0130543417018678 0.0132851614853936 0.0121529287508493 0.0109405129970518 0.0135229187170605 0.015115930148746 0.0152882400853513
0.00352050120597865 0.00313438242614276 0.00167063010253663 0.00155540291554773 0.00199521757570794 0.00226934090103562 -0.000436425072794545 -0.00145372310643946 0.00254708315787731 0.00408501191132486 0.00458057303278707 0.00539066415165704 0.00470974224335343 0.0048779532892413 0.00447297759357453 0.00413685252637235 0.0035896659470103 0.00334763679419074 0.00263962678321969 0.00187758602496542 0.00155636950015385 0.00135600675115535 0.00184033032014621 0.00161755495276217 0.0018679568056677 0.00374209039200844 0.00486743957971879 0.00358358779684885 -0.000383548176504912 -0.00305770051931377 -0.00889136690798632 -0.00808079906971488 -0.00897174595157063 -0.0108450725290004 -0.0124791144530012 -0.0120393648980729 -0.00305437670289661 0.00101516571561669 0.00545122315749515 0.00875922293263792 0.0110126137481518 0.0125915215950294 0.0130908563607574 0.0128782631921029 0.0119876691512481 0.011707051490671 0.0144470798876441 0.0143573077758676 0.0156371016598287
0.00416529238170664 0.00345385752122856 0.00129142165720199 0.000712708767616237 0.00044220930547347 0.00220799551319156 0.0006578385033085 -0.00116249419736699 0.00173743588088636 0.00495098079735429 0.00531716333138843 0.00533467193935486 0.00471712436675352 0.00420276149177517 0.00477231343786405 0.00417366224522587 0.00405266890176888 0.00280325150954099 0.0031221197349482 0.00179664684194269 0.00156847283768432 0.00171713070291107 0.00173404309979462 0.000685703200918406 0.000984626059940249 0.00175158349685912 0.00342242807680868 0.00208414862580843 0.00205683553488412 8.52739625599684e-05 -0.00204983185602008 -0.0070173910435238 -0.00778345668595957 -0.00960005186843643 -0.00787546947814096 -0.00586850240578036 -0.000759161503776682 0.00375713075640348 0.00706660710016135 0.00948131885726621 0.0111410243073685 0.0122080577518857 0.0128673097853765 0.013912973806755 0.011301982792564 0.0130455454775496 0.0146861693459006 0.0135421751845841 0.0136528346335398
0.00426998050468316 0.00355120780385085 0.00209474715895375 -0.000848721584413242 0.00194594697932577 0.001125971143456 0.00167858356824606 -0.00135665995268038 0.00260046310171345 0.00589445085735471 0.00591620564994443 0.00467719494821027 0.00461485881391048 0.00404147928126799 0.00413874105060641 0.00373334312150882 0.00340605446063816 0.00144379430193067 0.00296043612348169 0.0013189184405234 0.000952050227725524 0.000659340148247985 0.00173080151880229 -8.73123482004964e-05 0.000351851742064141 0.00141332311281469 0.00313154994426875 0.00165058797400791 0.00174403940233993 0.00172788571961095 0.000727202157209539 -0.00194153706078104 -0.0068628441498695 -0.00749159580387177 -0.00482045371902031 -0.00170343172451229 0.00115036180427367 0.00459221168872292 0.00788545773994844 0.0093788662315692 0.00978602881867757 0.0106469989170716 0.0113455923362419 0.0151443062371141 0.0136247685634068 0.0141055564017091 0.014803377963318 0.0132635135241749 0.0118862766519991
0.00379323098937812 0.00194439161396617 -0.000535581534840811 -0.00128266490961833 0.00028084582612044 -0.00048262740862279 -0.000480642145134252 -0.00183905002376763 0.00463410016475705 0.00630033707066219 0.00485979605473962 0.00369970251487954 0.00387057164107167 0.00456952603498467 0.00391645824159921 0.00366637341063196 0.00313903783638075 0.0017574411772709 0.0020483296355073 0.00140667911650727 0.00102441976853775 0.00118106918886434 0.000730657139537649 0.00115103497517294 -0.000706776494903028 -0.00171742389157882 0.00134998660553135 0.00295776176061913 0.00377849303483913 0.00100522586759612 0.00311963241167568 0.00117711692468257 -0.00272143774246343 -0.000874924556144871 -0.00209824582799322 0.00171447861227781 0.00353661310887465 0.00526356889222966 0.00638945830136955 0.00823261249276103 0.00926456450462044 0.00906335490565862 0.009524738538281 0.0142936174924795 0.0149482819104212 0.0146327171135868 0.0139119195119713 0.0122258717061407 0.0118289561898527
0.00144025844228327 -0.000773093346175339 -0.0014453747784912 -0.00213091851230005 -0.000614058274486417 -0.00282810693295879 0.000707420597826853 0.00270269194258724 0.00230335838096932 0.00173943442692429 0.00344435537622637 0.00286294682014317 0.00392236062231938 0.00373750023893475 0.00279957764634389 0.00237066448428755 0.00200077083521499 0.0018589595366351 0.00232480162540084 0.000863176618445168 0.00137897109082731 0.00120139203379133 0.000803224895857043 0.00128592038223218 -0.000705494866165391 -0.00236441046498684 -0.000223113156145216 0.00279297067443486 0.0023911167655705 0.00162573344956835 0.00364646122617735 0.00316615436450642 -0.000922989580121002 -0.000100827709586942 -0.000484817639780502 0.00269631298632699 0.00453986758077515 0.00559412370296076 0.00650851843155568 0.00787916252177397 0.00760664924619615 0.00739554151484043 0.00792845985343135 0.0111921577203148 0.013702381521235 0.0134195415521758 0.0110453673285233 0.00879593493726502 0.00968203265086052
-0.00199288626989572 -0.00236756946331855 -0.000510143927240909 -0.00123870569996719 -0.00139628283804052 -0.00424298715108415 0.00152024074503385 0.0037641430336538 0.0025398517495226 0.0029010833076913 0.00330980379708859 0.00251393582875399 0.00275864436612574 0.0015841396051943 0.00247942919126554 0.00233451996374051 0.00183228628230871 0.00228908627886825 0.00134833455303734 0.000726102807796081 0.000397556006334052 -3.26548975812653e-05 -0.000495196037164003 0.00020503101793067 0.000203028053391191 -0.000471638732079515 -0.00147891105736966 -0.00032282679817387 0.000361068627242146 0.00109029973340293 0.00397354654640515 0.00396450106261502 0.00014276466416728 3.67520645338192e-05 0.00205316356244267 0.00398328712044745 0.00470756818250383 0.00588511998659423 0.00606417979405178 0.00657611195362237 0.00647135247120818 0.00488730810421313 0.00442687820718688 0.00665848691337223 0.0104710211986159 0.00937667787918079 0.0072944003109795 0.00779560984057453 0.00884578410171208
-0.00415092611874668 -0.00260802735751105 -0.0003358361974908 0.000319901405551805 -0.000121782826875388 -0.00124035056957208 0.00275175728457782 0.0035524471604842 0.00323414639937993 0.0028189152119304 0.00433236154015905 0.00349273857112062 0.00311757663302712 0.00279429048550804 0.00327850571646234 0.00292188225136004 0.00226347577542033 0.00177603833280887 0.000461791599438666 0.000117222491384808 -0.00262430495113998 -0.00287666646404712 -0.000168268216444938 -0.00123804624084055 -0.000478546897758672 -0.00144481752745057 -0.00369327571612793 -0.00137470281091804 -0.00128771967333091 0.00298618326889887 0.00392077066095355 0.00395149236381992 0.000339962339211768 0.000154744698304481 0.00232170965423527 0.00282368599905179 0.00332702055682985 0.00485044621145593 0.00462642111403084 0.00476249895987313 0.00346342781026444 0.0027069121270277 0.00236885897942235 0.00199681801067373 0.00579599323694508 0.00692640945816876 0.00608428461628751 0.00702246582745247 0.00554464974585372
-0.00280916683408123 -0.00150627074607531 -0.000268633943046946 -0.000495325740111401 -0.000716849165762855 -0.00160150730756981 0.00354067327124185 0.00290142279325735 0.0032982795545681 0.00429723039721027 0.00381077632716664 0.00356834610969815 0.00257271661293023 0.00203024002720665 0.00152100264246911 0.00173888344646738 0.00146788052766527 0.000872956066134253 -0.000848267484479517 -0.00333395757090049 -0.0038716208745592 -0.00626886721914165 -0.000607351538676831 -0.00126166557088413 -0.00211490754118256 -0.00485468596491748 -0.00272956160457651 0.000534729964369986 0.00208155497793879 0.00376614143782502 0.00362664136229231 0.00395755598925766 -0.000836317900067841 -0.000447498417615862 0.00112447940168884 0.00159716050567434 0.0029961100962849 0.00393971380603252 0.00259937721227664 0.0020819074474673 0.00109954977731108 0.000404520373855503 -0.000324588356086333 0.00137110883158244 0.0045804804075979 0.00548893428624968 0.0053916932891488 0.00478719111751724 0.00102307897824089
-0.0026837367681658 -0.00129830262151356 -0.00137279929109015 -0.000808756934494709 0.00088629633660518 0.00066969797689335 0.000915895896525699 0.0034849858335193 0.00351874100582907 0.00344258243543844 0.00358218161850947 0.00313411837190174 0.00294380645873284 0.00216662048706666 0.00181684374698609 0.00185851067998989 0.000975600801522422 -0.00290685295988695 -8.37919761135285e-05 -0.00090102577314298 -0.000639062695180724 -0.00550218965939582 -0.000990328236385782 -0.00191153094932939 -0.00304186770996163 -0.00394900687421382 -0.00363861163868568 -0.00105438754248603 0.00204849684201826 0.00204966847237401 0.0026037389060642 0.0036275117801477 0.0012724363768923 0.000672876736868919 0.00161665642457631 0.00225531758165362 0.00182532263917735 0.00150707973580063 -0.000273416664199417 -0.000697035841804116 -0.000804546112649249 -0.00149560311153032 -0.00160610688519025 0.00126052904992327 0.00112642385874252 0.000673530130931602 0.000122931662327224 -0.00256749341501914 -0.00202251533379176
-0.00229505968829255 -0.00212985750440657 -0.00213961320123125 -0.00216557387272571 0.00256768305810139 0.000692695644000504 0.0010337371363497 0.00372967077691629 0.00420002728513297 0.00265579382651013 0.00327154634872593 0.00288394511531936 0.00234307599309199 0.00240198806882173 0.00258623069808754 0.00148405229346811 -1.10255243349967e-05 -0.00118793301986754 -0.000678048471282239 -0.00141108960491416 -0.0014866063630409 -0.00349701415801161 -0.00333775034907803 -0.00301626271468725 -0.00404307902897881 -0.00468195053014303 -0.00339844945999878 -0.00276516391160713 -8.59805994966187e-05 0.000930537906044679 0.00163803251487535 0.00298401303916169 0.00335394637119078 0.00249458945981195 0.000605362572884468 -0.000297267631295313 0.00122847235682779 4.12844710891852e-06 -0.0014073485152092 -0.00219527639602387 -0.00240043513185864 -0.00281757124409381 -0.00263010415506857 -0.00109427501650388 0.00136530715466197 0.000715889360277981 -0.00228812430701309 -0.00391823221743807 -0.00275218387629693
-0.00215489199982531 -0.00129594985169639 -0.00204951656236862 -0.00189271759594558 -0.000339726270266346 0.000561837062874147 0.00226457729079084 0.00476647829491203 0.00469754608624486 0.00305410697852686 0.00466700668598607 0.00324310550361829 0.00351552175974119 0.00343060683859072 0.0015452838168439 0.00141838029274743 -0.00108307881994048 -0.000354264480864841 -0.000302135117309909 -0.0022639425381179 -0.00266427701978689 -0.00244095021264097 -0.0032234707812668 -0.00442943935261977 -0.00547864673495549 -0.00609072044577062 -0.00399081988324362 -0.00551348398453795 -0.00426727199574791 -0.000746329756093768 -0.000237364190747393 0.00181747797712949 0.000363887157352323 0.0014439697173099 -0.000706721153650855 -0.00172875285609225 -0.00191742616343989 -0.00188983460908074 -0.00282403067006773 -0.00262280787969465 -0.00318226846572357 -0.00369682130573594 -0.00427322249752247 -0.00378946101476461 -0.00243072423074711 -0.00164337252846176 -0.003086313910538 -0.00465638306065177 -0.00260318858686087
-0.00197417885266153 -0.00149350998526735 -0.00150159931462414 -0.000206819956711515 -0.00113447751261645 0.000362085834180342 0.00407389954699613 0.00550826701331536 0.0042457844874557 0.00453344143141957 0.00470153294577957 0.00253537493659436 0.00403661676419132 0.00378485891430877 0.00234778341980773 0.00193088125104709 5.56921801418691e-05 -0.000135960173603975 -0.000967990801924308 -0.00108807148623167 -0.00236465434683805 -0.00337220055495164 -0.00478400465807979 -0.00612127430623068 -0.00789529968606567 -0.0068734622762166 -0.00801977516560312 -0.00851090876624835 -0.00510544247248061 -0.00264448338084367 -0.000434091815059429 -0.00181124451034884 -0.00329756566507797 -0.00359477477092389 -0.00311953274837886 -0.00356761045579948 -0.00417876438858827 -0.00281993264534224 -0.00343214615450572 -0.00379127383520425 -0.00461297445616293 -0.00475536835236012 -0.00513925055098205 -0.00525491155322366 -0.00380659069290187 -0.00232143475947395 -0.00345019495194853 -0.00546016730148523 -0.00501008917231429
-0.0020245161491251 -0.00192007320779646 -0.000946476472071462 0.00210941475990665 3.97067482916809e-05 0.00268443523888806 0.0051451162417547 0.00518857000611671 0.00442175775342018 0.00434596921694406 0.00456739563277522 0.00392227937344706 0.00390597485391603 0.00322882158726911 0.00228038254105196 0.00100256320896761 0.00153763505856356 0.000826187557771236 -0.00117942804643841 -0.00155911932016543 -0.00182587984874971 -0.00264565765590075 -0.00521631547503601 -0.00819736924426736 -0.00894712267980671 -0.00963668029547366 -0.0102218627874426 -0.0108177789582741 -0.00832631223671832 -0.0066411994043623 -0.0049837789103695 -0.00478800931422182 -0.00580988324936348 -0.00739601050057372 -0.00600357566701573 -0.00560417179196639 -0.00557341938759309 -0.00478693118066948 -0.00471662746028388 -0.00482181183435823 -0.00538052879851549 -0.00583142414271162 -0.00620266303492487 -0.00661233270997429 -0.00608338450725988 -0.00455247633476277 -0.0052397671542742 -0.00649961897867562 -0.0054439707454594
