data/pcas/pca_proj/PC18.asc
NCOLS 494 
NROWS 529 
XLLCORNER -117.166666666667 
YLLCORNER -55.5 
CELLSIZE 0.166666666666667 
NODATA_value -3.4e+38 
[rows 88 to 109 of 529, columns 98 to 146 of 494]
0.00448721052735923 0.00106332422316459 -0.00616718050504551 0.00435630258237615 0.00386159981617655 0.0106666948499851 0.0105968439408038 0.00769971935450153 0.00912284444797768 0.0110399674079073 0.00994740614574244 0.00723547654905969 0.00839569579867401 0.011400415191938 0.0146817163346782 0.0135256956258411 0.0140290607344462 0.0104185510441202 0.010241196101507 0.00801789147967558 0.0106868802960777 0.0136154272185761 0.0203509056331465 0.0182269125837948 0.0163508885169055 0.0209429839089151 0.0171151103705375 0.0143524508895096 0.0146219672478267 0.0148434662456008 0.0178066236094617 0.0169803980772462 0.0174462886669793 0.0170470633339844 0.0162549391841956 0.0121818595907463 0.00650695176437159 0.0118221337091702 0.0139151899782131 0.0123914218016851 0.0101716319895711 0.00967437990298346 0.00875339344750261 0.00650567792919127 0.00678049604185439 0.00630495666364967 0.00807590978258109 0.00853615844626201 0.00824510492324605
0.0213967061912624 0.018990203201215 0.0110372179219652 0.00978343592790552 0.00690042736438289 0.00913156282690035 0.0102105432010795 0.0100518098983118 0.00895073852729334 0.012678268528424 0.00804871255587157 0.00713895284709173 0.0091116891981012 0.0144896236554099 0.0129801409344894 0.0108765698492729 0.0112370598108762 0.0108827257377783 0.0129395070492822 0.00709828754255297 0.00993935424471257 0.013156571470671 0.0139875014970987 0.0168812562651835 0.0119776515692489 0.0181787169186661 0.0180755003691007 0.0171597386488553 0.0177143354944289 0.0168035427951463 0.017996695407845 0.0195073650769375 0.017581303929728 0.0140461878474537 0.0121268884800211 0.00867324433295945 0.00461049214071191 0.00839697426576911 0.00960936870479776 0.00901025043099494 0.00665921375078805 0.0056904003013478 0.00586280223759783 0.00503771357962945 0.00636037740264662 0.00580642850632116 0.00722113385237157 0.0101196879319938 0.010695415422678
0.0201070725065702 0.0193074036926299 0.0162687545515145 0.0162449691371468 0.0140855234126256 0.0159192097548523 0.0147705506484286 0.0133418854678368 0.011862066869168 0.014995959329787 0.0162820516263235 0.0136102411464132 0.0120032845742773 0.0142688327618574 0.0149252263936308 0.0132018913629587 0.0124536181132314 0.013406980252425 0.0126224788114007 0.00856319051387639 0.0123449749723193 0.0121199807855735 0.0132379140210897 0.0123979736641317 0.0128097829605669 0.013965462601532 0.0104091398189499 0.0178652771184248 0.0173167779694486 0.0194855143842544 0.0206137087255009 0.0207467735642032 0.0179922273056187 0.0133673763377387 0.0095092876400625 0.00787872332137502 0.00434330375626412 0.00650989042882424 0.0059795226915973 0.00543345496915929 0.0014753487098584 0.00404636206691679 0.00411965245181737 0.00422828368797403 0.00389624869528755 0.00292396809789258 0.0078222858766581 0.00961419574444825 0.0111902332422525
0.0151875699544669 0.0143094087762721 0.0173596285229705 0.0160193824422509 0.00984728132350219 0.0175425426601924 0.0186903746449476 0.0152745627396681 0.0171900082465437 0.0155958838366976 0.0157278317453676 0.0147474396291978 0.0126824584804534 0.0136203360567572 0.0131180570779035 0.0127751333626935 0.0134419997033602 0.0143003520926655 0.0105943512060581 0.00906727125943428 0.0121019878771583 0.00839770319127276 0.00989285437606501 0.0138512413159026 0.0130613571221894 0.0105115665737431 0.0108707659809273 0.0165621900617263 0.0135058535208902 0.0180359942989054 0.0196423844590748 0.0203683491502328 0.0184681587212067 0.0163562442154784 0.0113599330694379 0.00890064808683981 0.00326657297951977 0.00538752241450081 0.00507586278150409 0.0019403771556027 0.00240596169629927 0.00485443308398381 0.00615310457778725 0.00519651553405013 0.00511755594547248 0.00364048732587533 0.00291645324951999 0.00312134681198871 0.00771961767708968
0.00705620920986953 0.00938583756866411 0.0089510807272368 0.0130138632230199 0.0148443978980669 0.0156506765051287 0.0167027547769509 0.017085819779689 0.0160461330674027 0.0165096407248358 0.017306805459483 0.0160760083203357 0.0151395196971105 0.0148131461094195 0.0143273734181435 0.0135098474014974 0.0142990033478682 0.0106119378905201 0.0131306957982804 0.0121181931862139 0.00805873337398282 0.00879721334460029 0.01121770161927 0.0109641152548398 0.0128490331883876 0.0129228107826403 0.0117237376925936 0.01267415460499 0.00900266879984715 0.0168936612670464 0.0191951019708075 0.0175841806987371 0.0184320167282932 0.0172266359611041 0.0150044321201388 0.00832766470337745 0.00427530203096827 0.00713281620003751 0.00566785344986333 0.00220798003321135 0.00293768302914254 0.00248685183365023 0.00787625498013179 0.00826327863093484 0.00667899557753445 0.00430986957979254 5.82693967291601e-05 0.00134204045145408 0.00723316137883829
0.00650195400601775 0.00889450290186749 0.00468393453141937 0.0107370018380895 0.0113129178729989 0.0115359827453831 0.0133687204641291 0.0145498069096598 0.0144035191455555 0.0138840662628841 0.0144551250145782 0.0150948080900058 0.0137089844330839 0.0139106612327902 0.0146749013970102 0.0173383516562235 0.0153813194468339 0.0155239831138884 0.00675534421477064 0.00835652472948543 0.0148353666290332 0.0116736828428753 0.0126494797280655 0.0139808930031354 0.0109622223227783 0.0102834286726591 0.00726761367781324 0.0104798413346734 0.00903365402585115 0.00894893793828022 0.0173955524626917 0.0133013926594343 0.0140810756767628 0.0113364558240387 0.0139261279540258 0.00944005784847444 0.00964353611274028 0.00701067965004377 0.0058366241875683 0.00500511493918906 0.00240255316995919 0.00575354814656787 0.00905185956238338 0.008744421098406 0.0106093977174141 0.00973766795203307 0.00988963726820676 0.00649845906725196 0.00828096235867093
-3.4e+38 -3.4e+38 -3.4e+38 0.00457159247010623 0.00226899848409062 0.0102343670582252 0.014250632136266 0.00964315548967733 0.0105936942235082 0.0104573613711714 0.0114804534583858 0.0101246947642766 0.0121149295460988 0.014780474457159 0.016953385772256 0.0162106912638845 0.0170517742470997 0.0176081996678756 0.014413179825167 0.00980720222188569 0.0153146753517968 0.0106269444604649 0.0144052660378833 0.0146438171835356 0.010956461694653 0.00936272969300363 0.00524420480750105 0.00589306083147288 0.00598959080292469 0.00948448312387814 0.00912990981943578 0.0125935805275341 0.00964522102849569 0.00725605813976872 0.0144385199253554 0.0116509278459597 0.00839548763643679 0.00715566263029903 0.0072546220939715 0.00543844414157034 0.00602854671355739 0.00795483198401861 0.00678306527053933 0.00472070046692081 0.00774877544655432 0.0128509473669555 0.0136143866858197 0.0114625348249914 0.000249856786049563
-3.4e+38 -3.4e+38 -3.4e+38 -3.4e+38 -3.4e+38 0.0048086176434124 0.00691802572965344 0.0128633760454579 0.0118829327836623 0.00982961404109373 0.0096854351131754 0.00788370568676984 0.0116906999712846 0.0151870890111735 0.0169253247686918 0.0184024355048644 0.0193135154325685 0.0156933777233031 0.0131422017001725 0.0137600101620018 0.0114021077574013 0.00359572349983602 0.0113542318507506 0.0132948997121875 0.0104752624435804 0.00647710048452576 0.00667633228808273 0.00563754011523796 0.00510302507246208 0.0149057856207872 0.0118596875896725 0.0104834845600438 0.00833216024074818 0.00818478045277931 0.012066913294952 0.0122794905088403 0.00629000180827289 0.00709553988684907 0.00600891752976538 0.00477710886081409 0.0041210402466282 0.00518107448601161 0.010781555045178 0.0117844577555385 0.0126290943977978 0.0139752960299026 0.0164390071522702 0.0144269079652322 -0.00205603709094324
-3.4e+38 -3.4e+38 -3.4e+38 -3.4e+38 -3.4e+38 -3.4e+38 -3.4e+38 -3.4e+38 0.000158620959971499 0.00359596496860074 0.00691551208593391 0.0112248641280288 0.0137474377139545 0.0152940554297994 0.0137715781558228 0.0172207678788167 0.0180061619663282 0.0130206821995533 0.0144383794295913 0.0177269962882575 0.0155192760158124 0.01069280502715 0.0078890963029683 0.0123384748318163 0.0101321900446773 0.00693799490638342 0.00506022019019465 0.00868529466107724 0.0119924552236016 0.0126464803945495 0.00506348634746806 0.0121854202437679 0.0127734096453943 0.0112110062800328 0.01285672030009 0.010836119255092 0.0123204026418345 0.0134498175001971 0.0127818549770728 0.00457339728643506 0.00321636426882031 0.00754381733503431 0.00973512319170527 0.0130277143802523 0.011477357930967 0.0123731760842213 0.0163219225305278 0.0145863847714541 0.0138186937018573
-3.4e+38 -3.4e+38 -3.4e+38 -3.4e+38 -3.4e+38 -3.4e+38 -3.4e+38 -3.4e+38 -3.4e+38 -3.4e+38 -3.4e+38 -3.4e+38 0.0126860278128251 0.0158858869999285 0.0138441374920334 0.0162451690590056 0.0184358898299657 0.0169124715668674 0.0142690801908868 0.0183977885202768 0.0146938743657735 0.0137623548356505 0.00851432431318452 0.0096497915556998 0.00885410928400524 0.006309758913864 0.00580171511177407 0.00741141249514196 0.0083436246619821 0.01238144330313 0.0113365390466168 0.0132726169813224 0.0135396662202086 0.0119676121431172 0.0115297013437413 0.0114872502609261 0.0126616886960019 0.0146744267910272 0.0138399266535427 0.0131288911991851 0.00858958998944635 0.00558147876573583 0.0103551164603895 0.0100025181760014 0.0144769550665064 0.0136868584551317 0.0161052441723144 0.0131638321318219 0.0125383394394817
-3.4e+38 -3.4e+38 -3.4e+38 -3.4e+38 -3.4e+38 -3.4e+38 -3.4e+38 -3.4e+38 -3.4e+38 -3.4e+38 -3.4e+38 -3.4e+38 -3.4e+38 0.0137873713586129 0.0179530194659017 0.017407601245577 0.017508196073452 0.0137282999426422 0.0164331740482881 0.0171038375366618 0.010842956467681 0.00632541651036095 0.00663494509872341 0.0042813969046993 0.00834455454595641 0.0094221960498929 0.00930143154928657 0.00680783081740149 0.00785944631517168 0.00581064192346177 0.00938881947658479 0.00722492084919934 0.00844849986386433 0.0110300591417486 0.0112628172193515 0.0075182277043487 0.00993010220654688 0.011989660909741 0.0148640143957144 0.0138114955925574 0.0127283927304286 0.0145959033997031 0.00881618579294505 0.0060634652618218 0.0125732185867428 0.0139677247834412 0.0136896859136694 0.0181189898436081 0.0169271507375267
-3.4e+38 -3.4e+38 -3.4e+38 -3.4e+38 -3.4e+38 -3.4e+38 -3.4e+38 -3.4e+38 -3.4e+38 -3.4e+38 -3.4e+38 -3.4e+38 -3.4e+38 -3.4e+38 -3.4e+38 -3.4e+38 0.0162119765794913 0.015767994930574 0.014103889771591 0.0134396145265999 0.0141690923563524 0.0116743293021121 0.0101884534140806 0.00997907028596808 0.00906141602288829 0.00266382019215859 0.00442091060127015 0.00208648133604763 0.00484584959007997 0.00798938072685324 0.00876842099196347 0.00702285436192126 0.00814418678365856 0.00898009981007018 -3.4e+38 -3.4e+38 -3.4e+38 -3.4e+38 0.0113609360103289 0.0129880898804502 0.0129619562414369 0.0145289133497061 0.0136727542135702 0.00940849755860389 0.0100812713349949 0.0126705783117354 0.0139963203289835 0.0139195439462097 0.014981363938889
-3.4e+38 -3.4e+38 -3.4e+38 -3.4e+38 -3.4e+38 -3.4e+38 -3.4e+38 -3.4e+38 -3.4e+38 -3.4e+38 -3.4e+38 -3.4e+38 -3.4e+38 -3.4e+38 -3.4e+38 -3.4e+38 -3.4e+38 -3.4e+38 0.00897297946956789 0.00776981518851286 0.0101625404820669 0.0115319958438638 0.0117355156418092 0.0102598546559861 0.0110920464660054 0.00658179750392959 0.00615992726964365 0.00872600962906398 0.00860965298094843 0.00927870307938942 0.00743741222091432 0.00714218002961204 0.00800407249076921 -3.4e+38 -3.4e+38 -3.4e+38 -3.4e+38 -3.4e+38 -3.4e+38 -3.4e+38 -3.4e+38 0.0133084493010451 0.0151372121560104 0.01483101860679 0.0131299314985518 0.0121472467225212 0.011939609932083 0.0153946772573796 0.0126103456216096
-3.4e+38 -3.4e+38 -3.4e+38 -3.4e+38 -3.4e+38 -3.4e+38 -3.4e+38 -3.4e+38 -3.4e+38 -3.4e+38 -3.4e+38 -3.4e+38 -3.4e+38 -3.4e+38 -3.4e+38 -3.4e+38 -3.4e+38 -3.4e+38 -3.4e+38 -3.4e+38 -3.4e+38 -3.4e+38 0.00789593627712241 0.0111669270740866 0.00958696062705754 0.00892789047355953 0.0106073391045129 0.0126488182382878 0.0119010149175136 0.0115789892878007 -3.4e+38 -3.4e+38 -3.4e+38 -3.4e+38 -3.4e+38 -3.4e+38 -3.4e+38 -3.4e+38 -3.4e+38 -3.4e+38 -3.4e+38 -3.4e+38 -3.4e+38 0.0139825367176243 0.00779818313488337 0.00943312828050458 0.0159534304733333 0.0105783798228078 0.0139997332588019
-3.4e+38 -3.4e+38 -3.4e+38 -3.4e+38 -3.4e+38 -3.4e+38 -3.4e+38 -3.4e+38 -3.4e+38 -3.4e+38 -3.4e+38 -3.4e+38 -3.4e+38 -3.4e+38 -3.4e+38 -3.4e+38 -3.4e+38 -3.4e+38 -3.4e+38 -3.4e+38 -3.4e+38 -3.4e+38 -3.4e+38 -3.4e+38 -3.4e+38 0.0102118040389308 0.0104526861240093 -3.4e+38 -3.4e+38 -3.4e+38 -3.4e+38 -3.4e+38 -3.4e+38 -3.4e+38 -3.4e+38 -3.4e+38 -3.4e+38 -3.4e+38 -3.4e+38 -3.4e+38 -3.4e+38 -3.4e+38 -3.4e+38 -3.4e+38 0.0087776996743578 0.00953357829853246 0.00596094355856684 0.01791666501634 0.00757390770933426
-3.4e+38 -3.4e+38 -3.4e+38 -3.4e+38 -3.4e+38 -3.4e+38 -3.4e+38 -3.4e+38 -3.4e+38 -3.4e+38 -3.4e+38 -3.4e+38 -3.4e+38 -3.4e+38 -3.4e+38 -3.4e+38 -3.4e+38 -3.4e+38 -3.4e+38 -3.4e+38 -3.4e+38 -3.4e+38 -3.4e+38 -3.4e+38 -3.4e+38 -3.4e+38 -3.4e+38 -3.4e+38 -3.4e+38 -3.4e+38 -3.4e+38 -3.4e+38 -3.4e+38 -3.4e+38 -3.4e+38 -3.4e+38 -3.4e+38 -3.4e+38 -3.4e+38 -3.4e+38 -3.4e+38 -3.4e+38 -3.4e+38 -3.4e+38 -3.4e+38 0.0117519658678289 0.00493460894349411 0.00626243830107137 0.0161514719343014
-3.4e+38 -3.4e+38 -3.4e+38 -3.4e+38 -3.4e+38 -3.4e+38 -3.4e+38 -3.4e+38 -3.4e+38 -3.4e+38 -3.4e+38 -3.4e+38 -3.4e+38 -3.4e+38 -3.4e+38 -3.4e+38 -3.4e+38 -3.4e+38 -3.4e+38 -3.4e+38 -3.4e+38 -3.4e+38 -3.4e+38 -3.4e+38 -3.4e+38 -3.4e+38 -3.4e+38 -3.4e+38 -3.4e+38 -3.4e+38 -3.4e+38 -3.4e+38 -3.4e+38 -3.4e+38 -3.4e+38 -3.4e+38 -3.4e+38 -3.4e+38 -3.4e+38 -3.4e+38 -3.4e+38 -3.4e+38 -3.4e+38 -3.4e+38 -3.4e+38 -3.4e+38 0.00432461373503226 0.0123421833604341 0.00689178959345787
-3.4e+38 -3.4e+38 -3.4e+38 -3.4e+38 -3.4e+38 -3.4e+38 -3.4e+38 -3.4e+38 -3.4e+38 -3.4e+38 -3.4e+38 -3.4e+38 -3.4e+38 -3.4e+38 -3.4e+38 -3.4e+38 -3.4e+38 -3.4e+38 -3.4e+38 -3.4e+38 -3.4e+38 -3.4e+38 -3.4e+38 -3.4e+38 -3.4e+38 -3.4e+38 -3.4e+38 -3.4e+38 -3.4e+38 -3.4e+38 -3.4e+38 -3.4e+38 -3.4e+38 -3.4e+38 -3.4e+38 -3.4e+38 -3.4e+38 -3.4e+38 -3.4e+38 -3.4e+38 -3.4e+38 -3.4e+38 -3.4e+38 -3.4e+38 -3.4e+38 -3.4e+38 -3.4e+38 0.0129445157151905 0.0139733419864526
-3.4e+38 -3.4e+38 -3.4e+38 -3.4e+38 -3.4e+38 -3.4e+38 -3.4e+38 -3.4e+38 -3.4e+38 -3.4e+38 -3.4e+38 -3.4e+38 -3.4e+38 -3.4e+38 -3.4e+38 -3.4e+38 -3.4e+38 -3.4e+38 -3.4e+38 -3.4e+38 -3.4e+38 -3.4e+38 -3.4e+38 -3.4e+38 -3.4e+38 -3.4e+38 -3.4e+38 -3.4e+38 -3.4e+38 -3.4e+38 -3.4e+38 -3.4e+38 -3.4e+38 -3.4e+38 -3.4e+38 -3.4e+38 -3.4e+38 -3.4e+38 -3.4e+38 -3.4e+38 -3.4e+38 -3.4e+38 -3.4e+38 -3.4e+38 -3.4e+38 -3.4e+38 -3.4e+38 -3.4e+38 0.00939365619943892
-3.4e+38 -3.4e+38 -3.4e+38 -3.4e+38 -3.4e+38 -3.4e+38 -3.4e+38 -3.4e+38 -3.4e+38 -3.4e+38 -3.4e+38 -3.4e+38 -3.4e+38 -3.4e+38 -3.4e+38 -3.4e+38 -3.4e+38 -3.4e+38 -3.4e+38 -3.4e+38 -3.4e+38 -3.4e+38 -3.4e+38 -3.4e+38 -3.4e+38 -3.4e+38 -3.4e+38 -3.4e+38 -3.4e+38 -3.4e+38 -3.4e+38 -3.4e+38 -3.4e+38 -3.4e+38 -3.4e+38 -3.4e+38 -3.4e+38 -3.4e+38 -3.4e+38 -3.4e+38 -3.4e+38 -3.4e+38 -3.4e+38 -3.4e+38 -3.4e+38 -3.4e+38 -3.4e+38 -3.4e+38 -3.4e+38
-3.4e+38 -3.4e+38 -3.4e+38 -3.4e+38 -3.4e+38 -3.4e+38 -3.4e+38 -3.4e+38 -3.4e+38 -3.4e+38 -3.4e+38 -3.4e+38 -3.4e+38 -3.4e+38 -3.4e+38 -3.4e+38 -3.4e+38 -3.4e+38 -3.4e+38 -3.4e+38 -3.4e+38 -3.4e+38 -3.4e+38 -3.4e+38 -3.4e+38 -3.4e+38 -3.4e+38 -3.4e+38 -3.4e+38 -3.4e+38 -3.4e+38 -3.4e+38 -3.4e+38 -3.4e+38 -3.4e+38 -3.4e+38 -3.4e+38 -3.4e+38 -3.4e+38 -3.4e+38 -3.4e+38 -3.4e+38 -3.4e+38 -3.4e+38 -3.4e+38 -3.4e+38 -3.4e+38 -3.4e+38 -3.4e+38
-3.4e+38 -3.4e+38 -3.4e+38 -3.4e+38 -3.4e+38 -3.4e+38 -3.4e+38 -3.4e+38 -3.4e+38 -3.4e+38 -3.4e+38 -3.4e+38 -3.4e+38 -3.4e+38 -3.4e+38 -3.4e+38 -3.4e+38 -3.4e+38 -3.4e+38 -3.4e+38 -3.4e+38 -3.4e+38 -3.4e+38 -3.4e+38 -3.4e+38 -3.4e+38 -3.4e+38 -3.4e+38 -3.4e+38 -3.4e+38 -3.4e+38 -3.4e+38 -3.4e+38 -3.4e+38 -3.4e+38 -3.4e+38 -3.4e+38 -3.4e+38 -3.4e+38 -3.4e+38 -3.4e+38 -3.4e+38 -3.4e+38 -3.4e+38 -3.4e+38 -3.4e+38 -3.4e+38 -3.4e+38 -3.4e+38
