data/pcas/pca_proj/PC18.asc
NCOLS 494 
NROWS 529 
XLLCORNER -117.166666666667 
YLLCORNER -55.5 
CELLSIZE 0.166666666666667 
NODATA_value -3.4e+38 
[rows 418 to 439 of 529, columns 245 to 293 of 494]
-3.4e+38 -3.4e+38 -3.4e+38 -3.4e+38 -3.4e+38 -3.4e+38 -3.4e+38 -3.4e+38 -3.4e+38 -3.4e+38 -3.4e+38 -3.4e+38 -3.4e+38 -3.4e+38 -3.4e+38 -3.4e+38 -0.0120655562075761 -0.00945134334021438 -0.0035074710303357 -0.00284257269375118 0.000924050860658157 0.00258388891384844 0.00462280944542768 0.00629187061475564 0.00603313221019228 0.0052894547570575 0.00466306987248322 0.00491945440937017 0.00428953436612928 0.00639659134482032 0.00519981481821314 0.000919103960885583 0.00532512563740936 0.00876661826923682 0.00383081600411925 0.00451938142388636 0.00367587382300881 0.000331317750264726 0.00179464035293222 0.00234834242019813 0.00246728736433385 0.00354793073041048 0.00462421528124365 0.00440375558199207 0.00351629634048152 -0.00273515701722071 -0.0024648413748031 -0.00231143124323067 -0.0018491869976375
-3.4e+38 -3.4e+38 -3.4e+38 -3.4e+38 -3.4e+38 -3.4e+38 -3.4e+38 -3.4e+38 -3.4e+38 -3.4e+38 -3.4e+38 -3.4e+38 -3.4e+38 -3.4e+38 -3.4e+38 -0.0146130214339848 -0.0120537590943703 -0.00889649860126979 -0.0059937833976571 -0.00423207812833041 0.000290760546340876 0.00261329386486125 0.00514226566670821 0.00707002235582394 0.0077462988105976 0.00716099076504406 0.00619145998747503 0.00550435765448049 0.00530311151700337 0.00543869271118095 0.00494211259381038 0.00277966225495196 0.00529534765337012 0.00703286360742283 0.00419769879555589 0.00424869903146114 0.00334693122858034 0.000301287624486371 0.000950970610613784 0.00272410632964571 0.00312867044335661 0.00338129418735892 0.00417926613837995 0.00466783799692843 -0.0028318292905752 -0.00164222642142043 -0.00202658235291818 -0.00214695057812956 -0.00170333060952981
-3.4e+38 -3.4e+38 -3.4e+38 -3.4e+38 -3.4e+38 -3.4e+38 -3.4e+38 -3.4e+38 -3.4e+38 -3.4e+38 -3.4e+38 -3.4e+38 -3.4e+38 -3.4e+38 -3.4e+38 -0.0139715776391856 -0.0104610216837483 -0.00805065208687017 -0.0060252347983646 -0.00409139969998986 -0.00110033585297481 0.00146173339347554 0.00460529962438612 0.00733391114509713 0.00832660500259282 0.0073158679006702 0.00611039884390543 0.0056749237871676 0.00547759731713447 0.00331362545128411 0.00611226841378824 0.00482917420703033 0.00581915784343571 0.0081475008656564 0.00523015295728316 0.00386082283438227 0.00421250733136196 0.00267227494642341 0.00260201416392692 0.00265811044747441 0.00311279297582379 0.00356784544481252 0.00457331125159758 0.00496081166499781 -0.00216225475962506 -0.00124969407295031 -0.00217623109739977 -0.00230888577465972 -0.00182718265228683
-3.4e+38 -3.4e+38 -3.4e+38 -3.4e+38 -3.4e+38 -3.4e+38 -3.4e+38 -3.4e+38 -3.4e+38 -3.4e+38 -3.4e+38 -3.4e+38 -3.4e+38 -3.4e+38 -3.4e+38 -0.0126261318957533 -0.0104555021355296 -0.00784802223552713 -0.00774962517228859 -0.00522274509671777 -0.00251698985646926 -0.000442314462463904 0.00298950340068974 0.00494683536988389 0.00630013098726756 0.00581953428391163 0.00569532669631638 0.00577225592850484 0.00567116423836358 0.00455772095322954 0.00448574382483187 0.00469746093898949 0.00736622631067735 0.00737150546134891 0.00539702639947924 0.00241481856021314 0.00333212410889168 0.00292592183833504 0.00253198281241243 0.00166617781116534 0.00278793784132688 0.003888254176259 0.00439713872195568 -0.00330781350911426 -0.00319864016369033 -0.00240790434774053 -0.00173309442343314 -0.00132795352351292 -0.0013587735672842
-3.4e+38 -3.4e+38 -3.4e+38 -3.4e+38 -3.4e+38 -3.4e+38 -3.4e+38 -3.4e+38 -3.4e+38 -3.4e+38 -3.4e+38 -3.4e+38 -3.4e+38 -3.4e+38 -3.4e+38 -3.4e+38 -0.00907542149837385 -0.00694728008935914 -0.0075855805237313 -0.00680816386210993 -0.00401829069598874 -0.00236859016370378 -6.19263555318993e-05 0.00145848210806614 0.00315483247065609 0.0041240328280595 0.00556084055244608 0.00645302136905363 0.00621810850818218 0.00744080508366258 0.00597485740750023 0.00521007037809171 0.00607803807152307 0.00650013540575915 0.00429499902827618 0.0022604887571941 0.00308068111767708 0.00355573990581144 0.00276981133808973 0.00191456177744648 0.00177961766430744 0.00316760248674507 0.00304837209795232 -0.00453376761850806 -0.00616906515185339 -0.00440703853630965 -0.00300814832796823 -0.00191442964223655 -0.00167807921271417
-3.4e+38 -3.4e+38 -3.4e+38 -3.4e+38 -3.4e+38 -3.4e+38 -3.4e+38 -3.4e+38 -3.4e+38 -3.4e+38 -3.4e+38 -3.4e+38 -3.4e+38 -3.4e+38 -3.4e+38 -3.4e+38 -0.00685343470081206 -0.00697034337950402 -0.00712329973796218 -0.00579496995883476 -0.00374743967188425 -0.00337869331802165 -0.00222023453536098 -0.000675403262557012 0.0014359698089631 0.0030761295900574 0.0042351486828599 0.00551014514991699 0.00703170658204655 0.00411916451703937 0.00559804003527935 0.00289520040834642 0.00461606296894328 0.00620293094750245 0.00494624777684621 0.00258106218369175 0.00268939259842631 0.00280316256542047 0.0032005132536125 0.00257052951196334 0.00109634382189594 0.0026081258772514 0.00420977289261646 -0.00326743047043054 -0.0038132343449059 -0.00361344899418192 -0.00182641424334087 -0.00132401503580445 -0.00115045919481211
-3.4e+38 -3.4e+38 -3.4e+38 -3.4e+38 -3.4e+38 -3.4e+38 -3.4e+38 -3.4e+38 -3.4e+38 -3.4e+38 -3.4e+38 -3.4e+38 -3.4e+38 -3.4e+38 -3.4e+38 -3.4e+38 -3.4e+38 -0.00642695154180138 -0.00720204175282689 -0.00497961434538682 -0.00333439155880551 -0.00393571864417798 -0.00314133999433262 -0.00170333722522215 -2.66235883227288e-05 0.00218564788059869 0.00338995026936603 0.00470518022676592 0.00609092289944394 0.00902578098209446 0.00808185964332705 0.00329031988069717 0.00325072994381647 0.00548899939658789 0.00503221685620979 0.00278850197613286 0.00278909372062325 0.00296720549563792 0.00256375443178844 0.00174530185353742 0.000710331520246006 0.000697408707781699 -0.00379924814636962 0.00259457342369612 0.00298907908857574 -1.21052478241779e-06 6.33427778215304e-05 -0.00124492633967682 -0.00108604048199912
-3.4e+38 -3.4e+38 -3.4e+38 -3.4e+38 -3.4e+38 -3.4e+38 -3.4e+38 -3.4e+38 -3.4e+38 -3.4e+38 -3.4e+38 -3.4e+38 -3.4e+38 -3.4e+38 -0.0129910798857414 -3.4e+38 -0.01022514860955 -0.00799845155947786 -0.00675873243360989 -0.00608477972095375 -0.00344976142900126 -0.00379165322214201 -0.00369681370407198 -0.0028499649846317 -0.000961018732604975 0.00216542334902135 0.00362605295057086 0.00334324110852656 0.00541500538268241 0.00687276242834744 0.00879243381977387 0.00475300125673542 0.00288795560434017 0.00417667267322622 0.00491560296198203 0.00266722373789974 0.00247488972571425 0.00257608195859559 0.00240264845969127 0.00135216966948153 0.000267133258898289 -0.000335391932384649 -0.00556606607713066 -0.00179713655862438 -0.00136677402219335 -0.000536696491949748 -0.00109294899143545 -0.00338369675041344 -0.00380450176243589
-3.4e+38 -3.4e+38 -3.4e+38 -3.4e+38 -3.4e+38 -3.4e+38 -3.4e+38 -3.4e+38 -3.4e+38 -3.4e+38 -3.4e+38 -3.4e+38 -3.4e+38 -3.4e+38 -0.0140727644957147 -3.4e+38 -0.0102548352814431 -0.00856371257033838 -0.006884945367836 -0.0053932679913823 -0.00250497289687537 -0.00176863124936973 -0.00189507913528963 -0.00202974833753946 0.000187572064214581 0.00190209723917306 0.00455201853080534 0.00559112908425738 0.00394283681264531 0.00617868539824342 0.0106810340152261 0.00437714310087786 0.00246100047824339 0.00352661523742272 0.00550322791551539 0.00359107363418828 0.00209403074424828 0.00182917496215712 0.000928505700354094 0.000347535038575291 -0.000673716684067174 -0.00128298129089465 -0.0053471427949836 -0.00380318798529126 -0.00259239773028136 -0.00203222780598941 -0.0036148017763303 -0.00388719336998527 -0.00421273144139217
-3.4e+38 -3.4e+38 -3.4e+38 -3.4e+38 -3.4e+38 -3.4e+38 -3.4e+38 -3.4e+38 -3.4e+38 -3.4e+38 -3.4e+38 -3.4e+38 -3.4e+38 -3.4e+38 -3.4e+38 -3.4e+38 -0.0098436273901659 -0.00829258434820522 -0.00627095966812653 -0.00497150460495479 -0.00148262459170583 0.000479625801051959 -0.00112475994399028 0.000676785717082515 0.00120379227376212 0.00227805847847228 0.00254541114569085 0.00448856692773988 0.00268684410520212 0.00566707070217608 0.00835483477068395 0.00912870920720332 0.00322446974337259 0.00232750918354579 0.00426277207912316 0.00408646815922557 0.00281263484546715 0.00102982415554056 0.0004917725867838 0.000305960028871962 -0.00110522394821869 -0.00138063129915992 -0.00796190142584009 -0.00557981941655589 -0.00283664565581433 -0.00286877665123107 -0.00252777667240414 -0.00259825234687806 -0.00360195467412932
-3.4e+38 -3.4e+38 -3.4e+38 -3.4e+38 -3.4e+38 -3.4e+38 -3.4e+38 -3.4e+38 -3.4e+38 -3.4e+38 -3.4e+38 -3.4e+38 -3.4e+38 -3.4e+38 -3.4e+38 -3.4e+38 -3.4e+38 -0.00501061951941378 -0.00376536435697581 -0.00222994415200132 -0.000656959546713117 0.00119685284806309 0.00219593171932437 0.00177858461649445 0.00150969402970134 0.00138679077819125 0.00185351175015019 0.000818906649694176 0.0040317531739081 0.0033860024875109 0.00667208486544575 0.00671929519964647 0.00259541964860078 0.000871782171364474 0.000297992855519696 0.00206812735398683 0.0012683752203184 0.000654940446888684 -0.00102724234899314 -0.00142257337457426 -0.00220374649386802 -0.00379671047627615 -0.00309839313188633 -0.00717053713711276 -0.00550289482936461 -0.00644744137047123 -0.00296103765971516 -0.0027096972644995 -0.00344998409105312
-3.4e+38 -3.4e+38 -3.4e+38 -3.4e+38 -3.4e+38 -3.4e+38 -3.4e+38 -3.4e+38 -3.4e+38 -3.4e+38 -3.4e+38 -3.4e+38 -3.4e+38 -3.4e+38 -3.4e+38 -3.4e+38 -3.4e+38 -0.00392518342317048 -0.00324240012032113 -0.00226416046307275 9.66821400558265e-05 0.00122107257824958 0.000998257026114376 0.000189441095438489 0.00055855166860086 0.00155087982424353 0.00197898377019012 0.00324321340434674 0.00279655959429341 0.00234992368042082 0.00346877714811263 0.00492231837069787 0.00322129952668356 0.00273679938833029 -0.000296255443560651 0.00029988762386914 4.18481933047277e-05 -0.000645884243089046 -0.00160326993948757 -0.00228521176739319 -0.00385981689865269 -0.00607058495884948 -0.00601186892259281 -0.00728079610110094 -0.00546384042953172 -0.0037779310786115 -0.00401061699304584 -0.00291914758005976 -0.00325698601146103
-3.4e+38 -3.4e+38 -3.4e+38 -3.4e+38 -3.4e+38 -3.4e+38 -3.4e+38 -3.4e+38 -3.4e+38 -3.4e+38 -3.4e+38 -3.4e+38 -3.4e+38 -3.4e+38 -3.4e+38 -3.4e+38 -3.4e+38 -3.4e+38 -0.00278089093258941 -0.00189025712264308 -0.000788264535002127 0.000160865008544205 4.89785920071682e-05 -0.000495335847989796 -0.000219574096783763 -2.215285401692e-05 -0.000293814518329202 0.00079375817987838 0.00104526912612238 0.00269122029467762 0.00250256473398096 0.00514124909462333 0.00501126106045977 0.00186914063643053 -0.00129104289711707 -0.00090385774790782 -0.000629367973960251 -0.000887952582572347 -0.00230876352046226 -0.00371970480654579 -0.00425212616477987 -0.00570954703302581 -0.00455712133448196 -0.00719618061110109 -0.00485544713597197 -0.00290861658314094 -0.0025605912552699 -0.00341195850877248 -0.00373141180666015
-3.4e+38 -3.4e+38 -3.4e+38 -3.4e+38 -3.4e+38 -3.4e+38 -3.4e+38 -3.4e+38 -3.4e+38 -3.4e+38 -3.4e+38 -3.4e+38 -3.4e+38 -3.4e+38 -3.4e+38 -3.4e+38 -3.4e+38 -3.4e+38 -0.00233449110734411 -0.00240093931653066 -0.00223280881551473 -0.000645127307493921 0.00026287560086915 0.00013439184893598 -0.000312316839183961 -0.00179863189078098 0.000566475167187683 0.00182136260423769 0.00142818537364073 0.00203210272663225 0.000556595202832914 0.00191582634416867 0.00392231402793464 0.00150026758634401 -0.000407495451352848 -0.00157794685119777 -0.000336638343164707 -5.81014146077964e-06 -0.00202871916441957 -0.00190434287417115 -0.00252233474565141 -0.00331127421773599 -0.00336671380643508 -0.00874944247766109 -0.00634098097211928 -0.00451390829928161 -0.00384234998245438 -0.00447525831805879 -0.00602820189686284
-3.4e+38 -3.4e+38 -3.4e+38 -3.4e+38 -3.4e+38 -3.4e+38 -3.4e+38 -3.4e+38 -3.4e+38 -3.4e+38 -3.4e+38 -3.4e+38 -3.4e+38 -3.4e+38 -3.4e+38 -3.4e+38 -3.4e+38 -3.4e+38 -0.00158252794592684 -0.00150918680341102 -0.000445073880955876 0.000547605040647619 9.29014760385606e-05 -0.000171117746611595 -0.000357182944028201 -0.000402630689229948 -0.00237679109346602 -0.000471261747481542 0.00117543009818123 0.000298083476413347 0.000884507433119786 0.00307755088434111 0.00273241786266738 0.000443974490252557 -0.000610600353634973 -0.00121768529083226 -0.000877883799798531 0.000299448779236928 -0.000688342340145268 -0.000854921748019412 -0.000352983356599124 -0.000463655907728085 -0.000768995077853185 0.000265764614234392 0.00119623603631998 -0.00288194890174307 -0.00566476149283766 -0.00693373008748067 -0.00616828891738514
-3.4e+38 -3.4e+38 -3.4e+38 -3.4e+38 -3.4e+38 -3.4e+38 -3.4e+38 -3.4e+38 -3.4e+38 -3.4e+38 -3.4e+38 -3.4e+38 -3.4e+38 -3.4e+38 -3.4e+38 -3.4e+38 -3.4e+38 -0.00284170696203969 -0.00180106352480591 0.00162912319479318 0.00219661848717699 -1.94597559297137e-05 -0.00107808614332001 0.000620764486818711 -0.000648782314078372 -0.0017565799786697 -0.000938688713986705 -0.00243510689900684 -0.00207931725585829 -0.000253224205540187 0.0015734347535522 0.00168767885154122 0.00100866904860456 -0.000354230652898721 0.000252741142581202 -0.000734682618279248 -0.000498660278914084 -0.000146247265539367 -0.000973823171121863 -0.000813603792066037 -0.00134300580460355 -0.000721141723627493 -0.00069574091571291 -0.000287464620457749 0.000732810293466869 -0.00351492733155519 -0.00609565793258442 -0.00653823732177139 -0.00601374307153676
-3.4e+38 -3.4e+38 -3.4e+38 -3.4e+38 -3.4e+38 -3.4e+38 -3.4e+38 -3.4e+38 -3.4e+38 -3.4e+38 -3.4e+38 -3.4e+38 -3.4e+38 -3.4e+38 -3.4e+38 -3.4e+38 -3.4e+38 -0.00246299780391033 0.00069434927511857 0.00244863768148652 0.00266587975128669 0.00143311408785086 0.0002082594542933 -0.00097357716875623 -0.00361226295339179 -0.00240463522855412 -0.000506900733588872 -0.00129962330574079 -0.00166849909239036 -0.0019185895644106 0.000622844988499097 0.000921009610129997 0.000240711984514197 -0.00026564999090859 -0.00013172541159992 -0.000693943628573602 -0.000977564255816793 -0.000216228279154368 -0.000333034446963419 0.000159033071264221 -0.000799634569225894 -0.000605193871559492 -0.00120163000337379 -0.000891741418534522 1.76656874142715e-05 -0.00528344693152842 -0.0056393337927535 -0.00612651190064886 -0.00622810918900833
-3.4e+38 -3.4e+38 -3.4e+38 -3.4e+38 -3.4e+38 -3.4e+38 -3.4e+38 -3.4e+38 -3.4e+38 -3.4e+38 -3.4e+38 -3.4e+38 -3.4e+38 -3.4e+38 -3.4e+38 -0.00953496360255289 -0.00561874403161377 -0.00314908774743104 0.000413519438502949 0.00120234047938742 0.000340103355290873 0.0020947259427275 0.00143819323843387 -0.00290426152482728 -0.00401071528393021 -0.00286649979588801 -0.00163758354907931 -0.00196809100137548 -0.00162910732153065 -0.00162579756518255 0.00121312066239385 0.000636946704192352 0.000192497691256318 0.000171116082628646 -0.000533444764543089 0.000156613920131269 0.000143934329330366 0.000433755826332148 0.000803350425949543 0.000574434075335816 -0.00101153414816624 -0.00126255401292285 -0.00194072296235241 -0.00129803876206138 -0.000803445542832826 -0.00538385158848227 -0.00625671370210047 -0.00650061561192347 -0.00601218221881906
-3.4e+38 -3.4e+38 -3.4e+38 -3.4e+38 -3.4e+38 -3.4e+38 -3.4e+38 -3.4e+38 -3.4e+38 -3.4e+38 -3.4e+38 -3.4e+38 -3.4e+38 -3.4e+38 -3.4e+38 -0.00950502741958512 -0.00701583400436016 -0.00448310838655476 -0.00157340593563413 0.00101988253677784 0.00226256788145277 0.00225869657685673 0.00196305155159408 -0.00123520287436393 -0.00331008935638851 -0.00336039332009405 -0.0019594609635164 -0.00174023274753536 -0.00123227808508551 -0.000834144454652215 0.000178849127311081 0.00012362452155788 0.000687534229865016 0.000820794485291971 3.85694326406422e-05 0.000735412426453299 0.00134981025636752 0.00147647287101985 0.000261912119410346 -0.000196201531416073 -0.000680505721133244 -0.000716225390660959 -0.00101375146680294 -0.00155924380961213 -0.00504318614304105 -0.00626500954317441 -0.00691014255682912 -0.00647604561933998 -0.00585737960066728
-3.4e+38 -3.4e+38 -3.4e+38 -3.4e+38 -3.4e+38 -3.4e+38 -3.4e+38 -3.4e+38 -3.4e+38 -3.4e+38 -3.4e+38 -3.4e+38 -3.4e+38 -3.4e+38 -3.4e+38 -0.00921227521734076 -0.00688037779430722 -0.00390722616838779 0.000188039473700107 0.00136908587131754 0.00267821716241698 0.0026624658646336 0.00231996560309316 -0.00209331786086689 -0.000587947244489146 -6.84105918684114e-05 -0.00158105641888098 -0.00277063966677402 -0.00196815558271819 -0.000845717611517551 -0.00179549505001229 -0.000963585334273522 0.00106676676531326 0.00196437512526378 0.00147723212043094 0.000487162237528697 0.00101320103625971 0.00109678820577857 -0.000442750393044201 -0.000981536564389006 -0.00116998560238124 -0.00122469952678516 -0.00109957356157621 -0.00122192837120769 3.44297705237973e-05 -0.00675313964651214 -0.00690528907722067 -0.00585610026339646 -0.00577138057508916
-3.4e+38 -3.4e+38 -3.4e+38 -3.4e+38 -3.4e+38 -3.4e+38 -3.4e+38 -3.4e+38 -3.4e+38 -3.4e+38 -3.4e+38 -3.4e+38 -3.4e+38 -3.4e+38 -3.4e+38 -0.00920414251372256 -0.00654553129059213 -0.000665294626995435 0.00102283316163777 0.00203997830810331 0.0030677273002317 0.00347600238058286 0.00298270397955103 -0.00154768187205608 -0.00345538102303653 -0.00204518966791315 -0.00323564558161848 -0.00278875822337098 -0.0023637256636503 -0.000957939250459901 -0.00117935492665642 -0.00128054095361238 0.00147964952177303 0.00262181304313567 0.00181835251056536 0.0010874355997552 0.0015494274823438 0.000799889547603127 -0.000633542408329394 -0.0016544391193295 -0.0014966211703497 -0.00131357191040812 -0.00111859067750453 -0.000683413433904782 0.000580312640595655 0.000142603290093876 -0.00648133077079234 -0.0054367823849194 -0.00583420341731272
-3.4e+38 -3.4e+38 -3.4e+38 -3.4e+38 -3.4e+38 -3.4e+38 -3.4e+38 -3.4e+38 -3.4e+38 -3.4e+38 -3.4e+38 -3.4e+38 -3.4e+38 -3.4e+38 -3.4e+38 -0.0078514695102075 -0.00516785477231832 -0.000956889286997176 0.00121848105579301 0.00304304480418482 0.00378477391835805 0.00364868309459885 0.00245777506042915 -0.00183641973885309 -0.00384767962198565 -0.00507720227145831 -0.00459845603325969 -0.00283485520012933 -0.00240312024524405 -0.00182534810895139 -0.000982467212394222 -0.00161964851411701 0.0011114280735046 0.00223557618898253 0.00232978762212186 0.00227912085426678 0.00217283617340103 0.000805848001394077 -0.000815731257559971 -0.0012999500602859 -0.000795193813553838 -0.000319277041725797 -0.000684350721456059 -0.000128943433023334 0.000433485391935528 -7.3609508970396e-05 -0.00631348117555688 -0.00609135713111469 -0.00577894131229165
