data/pcas/pca_proj/PC18.asc
NCOLS 494 
NROWS 529 
XLLCORNER -117.166666666667 
YLLCORNER -55.5 
CELLSIZE 0.166666666666667 
NODATA_value -3.4e+38 
[rows 220 to 241 of 529, columns 245 to 293 of 494]
0.00185096506608864 0.00246689038044661 0.00309369447722147 0.00340844558242523 0.00350859756478821 0.00384694289322356 0.00312444248900165 0.00165075641391445 -1.67122417951798e-05 -0.00105066443637767 -0.00284511669451276 -0.00240062154366927 -2.97444576771509e-05 0.00181252226695618 0.00309229166148207 0.00366839121184299 0.00411379441650489 0.00419468247231582 0.00417514239053995 0.00429407423692112 0.00447327772336999 0.004762493968022 0.00507219768142069 0.00486774513267227 0.00465456857437058 0.0042597399170811 0.0042417161736501 0.00432630317914793 0.0038814916737692 0.00331363165485753 0.00274708457081531 0.00189619029714194 0.000918221355190821 0.000593337295173377 0.000432818924435671 0.000742998198156606 0.00114472844559806 0.0018330247156099 0.00276781525652719 0.00496524961102912 0.00600998243847254 0.005667478048771 0.0057172868924654 0.0051059654302465 0.00450396953020779 0.0037077009096202 0.0028787302268247 0.00196170566755882 0.000749244501083348
0.00178782514796693 0.00254036756544521 0.00300394355182173 0.00349459315625699 0.00357468584813855 0.00308557316945286 0.00238993956866884 0.000524961412061153 -0.00159487293128597 -0.00230882242563405 -0.00364320425014918 -0.00111401091093069 0.00081842544771736 0.00220320479233837 0.0029490213010743 0.0034390539132049 0.00378343537962937 0.00346453125322512 0.00400093498137528 0.00408649978306899 0.00458121627210872 0.00478662245883656 0.00498869645727809 0.00491536519692947 0.00441176661262791 0.00445875278629264 0.00435257498961209 0.00395701389844298 0.00386996079143497 0.00378590489333966 0.00333025491742502 0.00330157981699059 0.00245219212799429 0.00116816217018225 0.000713571213261065 0.000400824873000957 0.000202322615498473 -0.000699160430025693 0.00117227174992581 0.00299434281721437 0.00394154896302657 0.00494358862928758 0.00492405772198458 0.00451193569785511 0.00377596764812728 0.00308809143388217 0.00223247077377702 0.00158249217912279 0.000393741912521317
0.00138957579904341 0.00182161562649223 0.00241123581562391 0.00231353986487014 0.00279799957945872 0.00247843056787523 0.0012369161134135 -0.000511417954138086 -0.00197695734386752 -0.00382233818229506 -0.00220972205252103 -0.000290660535282399 0.00142218487185465 0.00231266675408365 0.00277877960148616 0.00281247965374325 0.00282631435274821 0.00312898356154747 0.00424147866765535 0.00444740720184543 0.00485590880226307 0.00459892048735485 0.00444543093386659 0.00465306755096307 0.00464195748273057 0.0045401720125922 0.004165997513458 0.00410542511311572 0.00424230717897211 0.00409214101732862 0.00368506826795741 0.00340083971059222 0.00318709775352003 0.00245859248192045 0.00130315960111942 0.000871235266745919 0.000535020989159469 -0.000122352454733453 0.000881685012854621 0.00170707110456297 0.00282326852669856 0.00326825718126555 0.00351483135917841 0.00332463663364001 0.0030690243432447 0.00249850525183727 0.00182906373390067 0.00111335272617695 -0.000431521500455969
0.000813232852164741 0.00107923827818454 0.00127473248790504 0.00153470643655286 0.00141244248304909 0.000964907148591862 -2.44790325511447e-05 -0.00182755777810969 -0.00378581876502873 -0.00229442525702592 -0.00104328739969671 0.000446371968343121 0.00157046548479575 0.00305930498758459 0.00321511096075118 0.00284242550182718 0.00268925781527239 0.00321818591942451 0.00362363637445051 0.00406336888861605 0.00435021240789038 0.00423110466152591 0.00433803226230263 0.00417654372833497 0.00451697421635108 0.00445784340072846 0.0042207549012954 0.00417357585972016 0.0043184370261539 0.00416821268201342 0.00400826327618315 0.00338800710386582 0.00319515444562094 0.00263856829794715 0.0016855006063411 0.00141407917402722 0.000725654676940996 0.000522299708084233 0.00021280855504816 0.000553753185509093 0.00169800361151455 0.00234696349114905 0.00230419311910029 0.00228854824976462 0.00212811237030968 0.00171890165197633 0.0011199360517124 7.59048339147467e-05 -0.000675609763332167
0.00138964957851573 0.00103845263379329 0.000803821014066802 -0.000130567681929844 3.28419409937325e-05 -0.00052512342355061 -0.00118720039852768 -0.00152207971108068 -0.00165548504173401 -0.000770533810388084 -0.000138644638655841 0.00147769922018452 0.0024415060611326 0.00334485166059748 0.00365569580149193 0.00365597570297994 0.00366201060915198 0.00353041431028719 0.00360850947590828 0.00384274446622977 0.00358494991176506 0.00401602175103927 0.00370110516625159 0.00412338798165458 0.00415118941471674 0.0044566150306073 0.00439790223787527 0.00427626791711135 0.00415071834805601 0.00405520519590512 0.0037840043219937 0.00329493370293855 0.00333323272598037 0.00283587200894038 0.00268739714937879 0.00159409062505471 0.00200961732200019 0.00080043815112896 0.000785910625815402 0.000631042041535667 0.00163849274457885 0.00173507523637894 0.00172988561045366 0.0017777003316775 0.00129841771059389 0.000760534268926204 0.000271304250635258 -0.000664893704775651 -0.00126555031394914
0.00150662023689152 0.00140847642610893 0.00128772537252166 0.00117142825930244 0.000849854037934904 0.000588875615030661 0.00076709917295576 0.000226667107067693 -0.000402457891161718 0.000355573332477415 0.00117420007496369 0.00193867757915108 0.00278405163516619 0.00366004237508281 0.00388692126597043 0.00351244274422758 0.00391011606021472 0.00359295837329812 0.00352760335300529 0.00358581220663712 0.00364741620354667 0.00391187509777441 0.0040027224887544 0.00412623256023343 0.00427537083774833 0.00441354024062078 0.00422273335953958 0.00458806931582127 0.00427010133395329 0.00408572524852892 0.00402912879237504 0.00350594140866512 0.00321144352673241 0.00313586846264026 0.00289525338075541 0.00247752078432032 0.00135846580349554 0.0013659772675233 0.00106388735227052 0.00082751547670003 0.000727127651453205 0.00105616348366163 0.00145133346372867 0.00140112725916254 0.00088202453766798 0.000314717814152903 -1.54848486748971e-05 -0.000498246693802668 -0.00157338072388238
0.00225823566891764 0.00185889241423688 0.00160937083700329 0.00154832850639893 0.00188683211324866 0.00212781829421908 0.00180028980203748 0.00147091356035267 0.0010569058653187 0.000696327270000054 0.0015952980935526 0.00282869336539348 0.00340879224430561 0.00357328545033317 0.00393574145518372 0.00384592529128557 0.00406166838329672 0.00374159134731578 0.00359645617971372 0.00337067029790077 0.00359717179062397 0.00362821295084991 0.00400885296216479 0.00461211735362646 0.00427695017831694 0.0042989748529831 0.00443156387906459 0.00442345815219661 0.00432123661403408 0.00398397087744931 0.00373787695236891 0.00370965802677627 0.00336163003317729 0.00299086475704411 0.00240564628856963 0.00135417900104688 0.00141519854037535 0.00144703847396715 0.00151445327424972 0.00110637591815811 0.00101154199395198 0.00091056617104283 0.000948990858961667 0.000842243122462242 0.000473635937744794 0.000618798897041661 0.000153355502792394 -0.000899108207469951 -0.00180055918025455
0.00308373288389496 0.00270492476945548 0.00225256167733283 0.00216972931152847 0.00264511441701066 0.00301679548702531 0.00242837247356088 0.0019435172867146 0.00209009469519439 0.00167763786542584 0.00239117965740552 0.00300641837841616 0.00347264777625489 0.00370403931930585 0.00386071302583598 0.00445147013853061 0.00452856195059076 0.00415487407608303 0.00381128233262648 0.00351500246802647 0.00339843692642498 0.00359440003735582 0.00397940686571173 0.0044762442311698 0.00447000852793539 0.00435293311190603 0.00432410722727469 0.00438200061533209 0.00450989019004677 0.00430140821730649 0.00391667962062712 0.0033791104666983 0.00299461275703133 0.00259937614231858 0.00145894287719508 0.00168195568274655 0.00182228389332636 0.00188590360790356 0.00174107835216972 0.00173366244456653 0.00157596673793797 0.00121357283052271 0.000854674707176279 0.000526354094728192 0.000151142647535045 -0.00013213027434043 -0.000514079130851485 -0.00140657918920393 -0.00163406996123956
0.00305392396744732 0.00293392060863292 0.0029390447176409 0.0028619350759887 0.00204172607565381 0.00283565905074511 0.00325686640208263 0.00294123522666413 0.00277015325901144 0.00226959901637806 0.00223897569333328 0.00272030089326067 0.00350333594819321 0.0038992757573408 0.00399338725566099 0.00436355579502722 0.00463560447830711 0.00433391513813581 0.00386651535613387 0.00400774516419712 0.00411772365636069 0.00394090735117235 0.00425083090198246 0.00439119232786392 0.00445733142792266 0.00439367112490041 0.00434653026188906 0.00461447668951078 0.00445746453226299 0.00438280452570728 0.00399650157473209 0.00357158129519355 0.00312922512695572 0.00261780383695664 0.00143376063856874 0.00161287603370949 0.00192304657546695 0.00210579874675753 0.00221413040955368 0.00181446826850539 0.00192494561323553 0.00150688751185688 0.0010935184584223 0.00100746094074631 0.000730879145685024 -7.35523916804596e-05 -0.000538255932063556 -0.00106799855935058 -0.00106585451544916
0.00284581799444346 0.00307109880477499 0.00328802931378984 0.00313815918084067 0.00247911695078314 0.00254962252963395 0.00300198502419938 0.00285565419144711 0.00300217812210053 0.00210868522359208 0.0023467592536491 0.002643865775905 0.00291873447180834 0.00360622920335138 0.00427021028127967 0.00432681615235805 0.00439954650726814 0.00436367023367635 0.00418231678371662 0.00428110314749569 0.0045540312730225 0.00428469510984918 0.00419108735015736 0.00459180513441049 0.0046262985320471 0.00470991874023631 0.00494386100937253 0.00490273526136757 0.00469437136214352 0.00442398068285632 0.0038923222656474 0.0035520747476294 0.00313193806200751 0.00252351089669753 0.0013604726433895 0.00163537841200532 0.00183940920686266 0.00230097718731924 0.0023150890316418 0.00214468484029795 0.00207768793175196 0.00173950935439285 0.00163750696272154 0.00114154558460706 0.000859451022131894 0.000338968823295998 5.69197644327856e-05 -0.000483245353617206 -0.000863283235016875
0.00390807359456099 0.00311648450946714 0.00303947583074234 0.00283385986230557 0.0026151475153854 0.00224214759138967 0.00240330967935101 0.00246201386537549 0.00306510364195665 0.00193967592025009 0.00136461716261308 0.00164208990752206 0.00274865826621005 0.00356703143348484 0.00397974872860477 0.00418798834642874 0.00433140177780949 0.00464808043218806 0.00450221400045179 0.00454635373519913 0.00458536233379097 0.00460386106698658 0.00439712955252632 0.00468840606244664 0.00472423038578205 0.00487553968359888 0.00490330043414626 0.00480841263816281 0.00493922262865306 0.00450819685744752 0.00390496670944166 0.00338358399305324 0.00295621778328247 0.0013872965069276 0.00154414853020603 0.00163280835000438 0.00210005895304734 0.00232059591863343 0.00243492416895213 0.00197873425146414 0.00195727475016142 0.0018650233099869 0.00169356946760743 0.00127828038717523 0.000903139722386397 0.000705566773578619 0.000394911031566427 -0.000158182454992932 -0.000428209200371611
0.00375367516846849 0.00344838505075163 0.003485772761673 0.00314884338083856 0.00295142383980681 0.00210441757843196 0.00234324985704111 0.00242036694374588 0.00229442637054352 0.00125644593169877 0.00116233925663638 0.00261335104779415 0.003737107037998 0.00361186604371197 0.00393127841287178 0.00384466562625719 0.00410022733191986 0.00445742879951637 0.00469487599503162 0.00479772976056149 0.00465802695496708 0.0047226755343453 0.00482266667762019 0.00474930024304754 0.00475524736152554 0.00500219234703907 0.00467267565234856 0.00482516834551895 0.00480991790609063 0.00453573026482089 0.00429334774194364 0.00370222596740216 0.00305588893273074 0.00140441334261755 0.00143638274278175 0.0015200920354913 0.00198045913290729 0.00217941744410724 0.00229279903930974 0.00199688977660392 0.00170614025956997 0.00183489057318199 0.00161215477860426 0.00133619883211272 0.00127146063492703 0.00106024101553048 0.000709874198992615 0.000358710870219808 5.71100223149134e-05
0.00328058754632714 0.0033110453104912 0.0037045441371541 0.00349225212820779 0.00251616296494398 0.00194586623871833 0.00250713584298491 0.00182485799338526 0.00181908173639451 0.00152042643930584 0.00184877504574476 0.00287501026116482 0.00348788228581978 0.00404881770943676 0.0037453196915181 0.00400761582496694 0.00400875019586214 0.0042820792383484 0.00443848243830163 0.00474114959230334 0.00466611261219022 0.00476768599366529 0.00467457691455668 0.00485172261064112 0.00491115327181439 0.00512904796036035 0.00495317163255381 0.00502175858167257 0.00478598993074288 0.00481203877091396 0.00457978135133163 0.00387236491155027 0.00312449006870517 0.00122060992410547 0.00152259396910847 0.00198394952641492 0.00224165117236894 0.0024040330283967 0.00242395550841813 0.00235607727447304 0.0019414193855839 0.00197721297905971 0.00167118284972942 0.00160972984660766 0.00137017246366715 0.00134938164742975 0.00118625483985708 0.00067201475591126 0.000380459160566009
0.00417214438536277 0.00281703784021769 0.00207794072983773 0.0024189966716921 0.0014794758243908 0.00236559057456771 0.00260514926463315 0.001916000266415 0.00180495364477055 0.00177708821879764 0.00207480901515349 0.00264321091162571 0.00347573185327959 0.00363499246846169 0.00366719031099062 0.00398423347357344 0.00399619027628761 0.0041993455653302 0.0044909074071391 0.00448171355733065 0.00437320295767307 0.00449686362193466 0.0046211242288033 0.00464469659933544 0.00482933332071821 0.00513264309559325 0.00511494546719781 0.00540062138026011 0.0051588178832977 0.00514790071925161 0.00499698686606139 0.00395667865381898 0.00352918534071434 0.00262291373213902 0.00167456507268289 0.00204122559159164 0.00220995059111794 0.00242181489571136 0.00231382046045196 0.00213813795332563 0.0018547281196653 0.00196456085641574 0.00188218039578463 0.00179938151905226 0.00170973032729658 0.00140125455425378 0.00139352975566748 0.00113994487789275 0.00069146569094219
0.00059811569951181 0.000425877115043472 0.00144506265698288 0.00184220277387484 0.00197517320006136 0.00242095786400676 0.00297079001583816 0.00205140229530455 0.00258872118216533 0.00224684779404756 0.00208428986038978 0.00239865124529997 0.00296580436643624 0.00335117363440207 0.0038690761630255 0.00390054076941222 0.00405606380290349 0.00400357413207312 0.00456274134091308 0.00459145809147631 0.00421563163162844 0.00452305240761058 0.00432158047009905 0.00427351482999868 0.00461704232560071 0.00505278491348545 0.00525916947768832 0.0054583824543418 0.00549813110638306 0.00531654263136656 0.00493140548111576 0.00445207848777794 0.00344184064783132 0.00310207652610589 0.0017095216656675 0.00203456644178707 0.00229902439831832 0.00221896184371884 0.00214599345523815 0.00221444243647599 0.00192990089089733 0.00196222943440485 0.00206653222063949 0.00180158504264315 0.0018666736739688 0.00147949121169497 0.000927132267759293 0.000950076341706127 0.000741026719195833
0.00527141907971112 0.00357188921847741 -0.000391173848335722 0.000951535912735204 0.00225440896085717 0.00206397992856377 0.00281487147224174 0.00234592288851212 0.00216782973722142 0.00222381201945008 0.00219047928951145 0.00243598202764716 0.00301895074754761 0.00328000418412127 0.00378606767602512 0.00367378750115592 0.00369315345288157 0.00404700385552821 0.0043507043798543 0.00454195745894796 0.00413355561618939 0.0039082582134119 0.00386846040911938 0.00384543658184211 0.00430776751293132 0.00472268827754305 0.00514236756611049 0.00543044824614273 0.00578746778066091 0.00562716737993246 0.00513123381029444 0.0045691070198719 0.00393609632443132 0.00335250815519051 0.00132792181838271 0.00195431609470434 0.00225139743455894 0.00221398478802318 0.00199827213338526 0.00211311639390831 0.00234707172552751 0.00206843933614515 0.00216904902255887 0.00223706970468623 0.00168785829394564 0.00147048576794145 0.00101403832752319 0.000916306732225737 0.00107473467127127
0.00572809245072724 -0.000759923708572657 -0.00203591720585129 -0.00340670639836339 0.000241744033549131 0.00264641178887085 0.00294086502917329 0.00240253201821414 0.00247773125755726 0.00219067343457699 0.00255313267116911 0.0028358040867671 0.00282749010987352 0.00296735233870376 0.00362878298308083 0.00326822650072189 0.00312792935477915 0.00357292160637017 0.00396599810522857 0.00410071048929446 0.00384535233638124 0.00378916135461009 0.00405636740952765 0.00414725266713643 0.00417579926205898 0.00432012798611026 0.00480173769932608 0.00519059613021753 0.00555957815241784 0.00556657338598266 0.00538281874657531 0.00504343556667905 0.00436651434646726 0.00375485945128781 0.00321062564324709 0.00127047438331449 0.00187255861158719 0.00200547857963978 0.00229944266108119 0.00239211653895897 0.00236294811387943 0.00200870642501964 0.00198609021609061 0.00214436344474624 0.00159676425081269 0.0014890884250354 0.00116315504015934 0.00105399542770668 0.00111084339341494
0.00557601084233967 -0.000619276658804668 -0.00258221287107296 -0.00286604319384301 -0.00257639713566127 0.00285859636099547 0.00300473261369335 0.00298667899312796 0.00295679949424305 0.00278472177675655 0.00294787428878076 0.00304740741943148 0.00298428823532865 0.00324670898245044 0.00338691072967289 0.00330134139520143 0.00299633736233156 0.00334571619318258 0.00393237788540319 0.00396320303102629 0.00344977677485347 0.0035595734265421 0.00409522516770011 0.00409447985330998 0.00417942566868776 0.00406775322134267 0.00457645843561251 0.00495125939045807 0.00532106501152037 0.00529108607395601 0.00541127855313917 0.00506425817348256 0.00466272399378121 0.00387859190332341 0.00361119542162108 0.00343202729978822 0.00143869186161629 0.00220392886975211 0.00258137843511338 0.00254629761637074 0.00222237065307301 0.0021646590579697 0.00185102604962283 0.00189173557892001 0.00161953598403001 0.00159845616078639 0.00160473541315344 0.00129308254046972 0.000807905326778021
0.00409733737389315 -0.00127621068886049 0.00276954339989007 0.00242711028946465 0.001811459125586 0.00337044117335398 0.00343401774314974 0.0031590439297575 0.002763020386842 0.00286337931756035 0.00272261891791619 0.00326419672523858 0.00296510904343672 0.00305789484261617 0.00328610995402835 0.0033789831590653 0.00299958669595017 0.00317670701274723 0.00332137311165744 0.00313337885307708 0.0031941316647093 0.00346537274398254 0.00377446460378495 0.00364225659984108 0.00411632474527539 0.00407144725330152 0.00429603406529402 0.00455968361026594 0.00504606915484522 0.00532641772513473 0.00539196326892408 0.00519397687352048 0.00498055071538409 0.00462214549487831 0.00438112678213914 0.00435788106422867 0.0038654409740658 0.00185581063425083 0.00230303433386528 0.00257560425455246 0.00218027838471956 0.00194878340594078 0.00151292625262363 0.00157700146664473 0.00119617813571285 0.00151096921683253 0.00149418389031607 0.0011288379812237 0.00096071890780849
0.00138866669245438 -0.000120571963370684 6.76458007461656e-05 0.00365198158632217 0.00347833859768069 0.00346985922057859 0.00327807619887881 0.00382845556044643 0.00319969831586663 0.00345636108843374 0.00320722320889644 0.00318466446792941 0.00303670579309671 0.00323923690625019 0.00330928344778057 0.00324981725035474 0.00323382980296003 0.00285557799990335 0.0029030895211053 0.00256966716924717 0.00240441217353412 0.00289652598163709 0.00315744015879546 0.00310875608912804 0.00303897756399078 0.00359447287682605 0.00415552720781249 0.00448556231187273 0.00491626133870549 0.00509715603508401 0.00525548769161075 0.00557005062909827 0.00538462632809227 0.00499604190109522 0.00497154228424801 0.00489579321613008 0.0047836099387471 0.00428702892359988 0.00191808952670449 0.00211299402379735 0.00149292884438998 0.0011028023001107 0.000747007624936418 0.00107428091390319 0.000805235272865534 0.00109888971795178 0.00101552879414847 0.00101525914579701 0.000779986032034192
-0.00370211179942747 0.000527306629731296 -0.00363728375771373 0.00310220551844941 0.00355784321937576 0.00385895795741384 0.00408730333278462 0.00434040025641723 0.00389403347138134 0.00398904939226616 0.00374099708002085 0.00413489575100105 0.0036563408023445 0.00349408282859242 0.00303663840579899 0.00278504703473723 0.00270319791983933 0.00276208532142847 0.00225247847487805 0.00226157720937633 0.00168965370835921 0.0013369244276034 0.0018623991331102 0.00232943021480672 0.00329927638376274 0.00347098177073945 0.00413369850899029 0.00462222578145591 0.00486742440992631 0.00504729336900445 0.00540332813707554 0.00565133093313706 0.00561088822923728 0.00536286929877465 0.00550329896610512 0.00536944708435309 0.00548701780641824 0.00499282296931187 0.00448521199870339 0.00372359263903913 0.00350866217143894 0.0030063891103968 0.00263185128657128 0.000279322880053349 0.000343089113076657 0.000767637624628394 0.000588556694089149 0.000157218918255028 0.000166420078840823
-0.000964027441119519 -0.00221597045269658 -2.98373248477561e-05 9.42418320886277e-05 0.00338779343626662 0.00348710558786716 0.00379031477456988 0.00379268176974388 0.00382179566364841 0.00417347158596333 0.00395409337971129 0.00397112747662138 0.00395978733271874 0.00373448478271617 0.00328503720370859 0.00274027530144795 0.00237005236404792 0.00240552414794144 0.00227117041646262 0.00187257101930264 0.00092608219687355 -0.000131288617346318 0.000241548968761419 0.00166047086606063 0.00276177022907202 0.00331334449943149 0.00368100797424247 0.00467420029961511 0.00515466659140251 0.00530960329982329 0.00568764535609589 0.00599951350083636 0.00585817702583718 0.00569239928015519 0.00585033889557239 0.00564253104493712 0.00597192441109722 0.00571240304121421 0.00506337942011581 0.00448104468434486 0.00400033135513274 0.00357530253615384 0.00303841512757632 0.00265739791068993 0.0024357483004558 -0.000264679467527254 -0.000270268976021828 -0.000452698803212672 -0.000448917438880947
