data/pcas/pca_proj/PC19.asc
NCOLS 494 
NROWS 529 
XLLCORNER -117.166666666667 
YLLCORNER -55.5 
CELLSIZE 0.166666666666667 
NODATA_value -3.4e+38 
[rows 88 to 109 of 529, columns 144 to 191 of 494]
-4.51116143178434e-11 -1.46427219930449e-10 -2.32110922100733e-10 -3.87608326555095e-10 -5.03983462566007e-10 -4.27334236273451e-10 -3.22142652748361e-10 -9.40426200743054e-11 6.49455513598052e-12 -6.84386974315987e-11 -1.13876712309028e-10 -1.88788864987496e-10 -2.44982708280752e-10 -2.6579186564164e-10 -3.00670370563948e-10 -2.30686031577488e-10 -9.1502862029091e-11 8.50238621058049e-11 2.23147173127622e-10 -7.83339066258085e-08 2.77018958527989e-10 3.63612773620582e-10 4.23158835987013e-10 5.14374521931773e-10 6.20590623883725e-10 7.21810801841793e-10 8.30083359297864e-10 8.62794790217147e-10 1.02137530941019e-09 1.10269251414102e-09 1.13509490862827e-09 1.11386828167707e-09 -3.4e+38 -3.4e+38 -3.4e+38 -3.4e+38 -3.4e+38 -3.4e+38 -3.4e+38 -3.4e+38 -3.4e+38 -3.4e+38 -3.4e+38 -3.4e+38 -3.4e+38 -3.4e+38 -3.4e+38 -3.4e+38
-1.63088691784644e-10 -1.94697512084874e-10 -3.05467786923462e-10 -4.87710473287153e-10 -6.63744490102256e-10 -6.28904514287019e-10 -1.89426762346707e-10 -1.0055750861554e-10 -1.33091037951543e-10 -1.46032558493154e-10 -1.73843878806368e-10 -1.52251086735105e-10 -2.07330571588612e-10 -1.6581574071229e-10 -1.99639331043502e-10 -1.32079142865699e-10 -2.60381616358771e-11 1.3675234096875e-10 2.39724542157996e-10 1.866286935552e-10 -7.8238621518856e-08 3.68308866140749e-10 4.54255548784145e-10 5.47281423189015e-10 6.54792828401173e-10 7.65779503969437e-10 8.20084299083346e-10 7.91750169616232e-10 1.03592966700027e-09 1.18969098592899e-09 1.18996936571368e-09 -3.4e+38 -3.4e+38 -3.4e+38 -3.4e+38 -3.4e+38 -3.4e+38 -3.4e+38 -3.4e+38 -3.4e+38 -3.4e+38 -3.4e+38 -3.4e+38 -3.4e+38 -3.4e+38 -3.4e+38 -3.4e+38 -3.4e+38
-2.89205374548171e-10 -2.75983541684758e-10 -3.75327378034873e-10 -5.45790563140013e-10 -6.50235720376502e-10 -5.99032368361997e-10 -3.94370705558163e-10 -1.05395390460115e-10 -2.3201666620216e-10 -2.50009462424154e-10 -2.50505272586791e-10 -2.25955649611956e-10 -2.09135676029948e-10 -2.29364096331669e-10 -1.94346215998418e-10 -1.56608898866326e-10 -1.70453793034885e-11 1.01192336966668e-10 2.05413088471162e-10 3.41121701040517e-10 2.71787148110349e-10 3.98617290132026e-10 4.9380721681316e-10 5.89294222684495e-10 5.436342489408e-10 6.43636584186251e-10 7.59156042650554e-10 7.9134855086638e-10 1.05815827777924e-09 1.24982822024654e-09 1.40718269088997e-09 -3.4e+38 1.27625879618852e-09 -3.4e+38 -3.4e+38 -3.4e+38 -3.4e+38 -3.4e+38 -3.4e+38 -3.4e+38 -3.4e+38 -3.4e+38 -3.4e+38 -3.4e+38 -3.4e+38 -3.4e+38 -3.4e+38 -3.4e+38
2.0148540649205e-11 -1.41231013173663e-10 -5.05220288350853e-10 -7.88730661272467e-08 -4.57302193332246e-10 -5.16528396590927e-10 -4.07470491037697e-10 -4.03339656859387e-10 -2.26102625633094e-10 -2.76038908646436e-10 -2.29059867387879e-10 -2.35564058992629e-10 -2.50647923455366e-10 -2.49800698223699e-10 -2.3402788126798e-10 -1.73869142883417e-10 -5.6078087565182e-11 7.37418398474082e-11 1.59805830439383e-10 3.19165161812987e-10 4.77811875175967e-10 4.06972453909918e-10 5.32658810369935e-10 5.47290842331175e-10 4.72293176233122e-10 5.60645870621421e-10 6.50651307643618e-10 7.28380190473956e-10 8.95010121944705e-10 1.20296452832587e-09 1.27178791776611e-09 1.29444145458296e-09 1.26223646291418e-09 1.20265556668191e-09 1.09989702596864e-09 -3.4e+38 -3.4e+38 -3.4e+38 -3.4e+38 -3.4e+38 -3.4e+38 -3.4e+38 -3.4e+38 -3.4e+38 -3.4e+38 -3.4e+38 -3.4e+38 -3.4e+38
9.07485363899307e-11 -1.26246167973424e-12 -3.833978027849e-10 7.82235930333602e-08 -1.33144471061506e-10 7.83242162704962e-08 -2.81679848373277e-10 7.8325498656785e-08 -2.01899701448942e-10 -2.48059502731629e-10 -2.05390822420032e-10 -1.76505017608265e-10 -1.86714192369827e-10 -2.84983386342731e-10 -2.97388448824136e-10 -2.00788154034645e-10 -7.57852200022299e-11 2.34087092247485e-11 9.92057719746585e-11 2.55857224917529e-10 4.46522060935029e-10 6.00464026315281e-10 7.18295432915697e-10 4.98557699026712e-10 4.83602021200956e-10 5.14711036575934e-10 5.67037679186452e-10 6.6999512466009e-10 8.31917628161646e-10 1.00330436649945e-09 1.27779403574475e-09 1.24644789728774e-09 1.2731633044938e-09 1.12567862864489e-09 -3.4e+38 -3.4e+38 -3.4e+38 -3.4e+38 -3.4e+38 -3.4e+38 -3.4e+38 -3.4e+38 -3.4e+38 -3.4e+38 -3.4e+38 -3.4e+38 -3.4e+38 -3.4e+38
-3.25341852322498e-10 5.62549246906457e-13 -7.88160840477319e-08 -7.89808566917413e-08 -2.61329371188609e-10 -2.26975827298831e-10 -1.77232864638295e-10 7.83922218758871e-08 -1.38031161395957e-10 -1.71599308865489e-10 -2.40369406716612e-10 -1.76299513302124e-10 -1.56653285664962e-10 -3.04557580032017e-10 -3.63434106665794e-10 -2.58569295993362e-10 -1.35351347946119e-10 -1.50740443548282e-11 6.54736288262646e-11 1.43351947419197e-10 3.34534205230311e-10 4.82303838573372e-10 5.65460737761655e-10 6.08463418150141e-10 3.43116436586616e-10 5.62062827093945e-10 7.18413587117475e-10 7.94307522245798e-10 9.51097345347296e-10 1.11046860673998e-09 1.2627351785737e-09 -3.4e+38 -3.4e+38 -3.4e+38 -3.4e+38 -3.4e+38 -3.4e+38 -3.4e+38 -3.4e+38 -3.4e+38 -3.4e+38 -3.4e+38 -3.4e+38 -3.4e+38 -3.4e+38 -3.4e+38 -3.4e+38 -3.4e+38
-4.00751195757605e-10 -1.29243266962035e-10 2.73864258281164e-10 1.89366337674693e-10 -7.85818114066033e-08 -7.86600889892849e-08 -7.86978044315301e-08 -2.9192202816612e-10 -3.04318715081109e-10 -7.87479983252629e-08 -7.87030601734756e-08 -2.36899264958054e-10 -2.26249677013068e-10 -3.42908280418621e-10 -3.64176444798118e-10 -2.37745752708853e-10 -9.97947809878831e-11 1.10332963899381e-11 6.76530676225246e-11 9.2393488185096e-11 1.97326628898908e-10 2.83638586206021e-10 3.31031548777681e-10 3.61938666141164e-10 3.06001873331871e-10 6.00693841846801e-10 8.58146468400294e-10 9.03405617308344e-10 1.02222839077374e-09 1.10674601907137e-09 1.1844411791936e-09 -3.4e+38 -3.4e+38 -3.4e+38 -3.4e+38 -3.4e+38 -3.4e+38 -3.4e+38 -3.4e+38 -3.4e+38 -3.4e+38 -3.4e+38 -3.4e+38 -3.4e+38 -3.4e+38 -3.4e+38 -3.4e+38 -3.4e+38
-7.87686758993011e-08 -7.8715295574912e-08 3.93895332158882e-08 1.75220112394191e-10 2.66814960483661e-10 1.9079249237356e-10 -1.23333369347085e-10 -2.30946546601779e-10 -7.87849774999815e-08 -7.8758787239423e-08 -7.86621159544518e-08 -1.54168519034793e-10 -1.76041249970085e-10 -2.97564471152373e-10 -2.52368819154091e-10 -1.17847089751705e-10 -4.59165993846642e-11 -1.07615114121161e-12 8.99284611540753e-11 1.05714136920978e-10 1.24089111208583e-10 1.17827917546117e-10 1.35452630851771e-10 1.76216594271384e-10 5.75253374640419e-10 4.181381747466e-10 6.28826311882937e-10 8.24445859803256e-10 1.01370415011261e-09 1.09826603912843e-09 1.21158287755926e-09 -3.4e+38 -3.4e+38 -3.4e+38 -3.4e+38 -3.4e+38 -3.4e+38 -3.4e+38 -3.4e+38 -3.4e+38 -3.4e+38 -3.4e+38 -3.4e+38 -3.4e+38 -3.4e+38 -3.4e+38 -3.4e+38 -3.4e+38
-2.27008064331939e-10 -3.14869985273017e-10 -3.39563662658304e-10 -1.7616387408064e-10 3.92954825210603e-08 3.93037483040318e-08 7.85002819443565e-08 -3.26397897304881e-11 7.81969635716828e-08 -2.7764269995189e-10 -1.89721080689547e-10 -7.85710394467911e-08 -1.13498074878103e-10 -1.50774323533298e-10 -7.8035639063168e-11 -1.50105726857429e-11 3.16822519338901e-11 8.49268806639563e-11 1.23923494776605e-10 9.90341640873834e-11 4.25590113824492e-11 9.77095332746054e-13 -3.14558358811883e-11 5.12757594933842e-11 3.60705593418265e-10 6.0790858889527e-10 7.50568600219817e-10 7.09367907063506e-10 9.59183335530445e-10 1.05788503943751e-09 1.02567167613242e-09 -3.4e+38 -3.4e+38 -3.4e+38 -3.4e+38 -3.4e+38 -3.4e+38 -3.4e+38 -3.4e+38 -3.4e+38 -3.4e+38 -3.4e+38 -3.4e+38 5.70352105259601e-10 6.04328970740751e-10 -3.4e+38 -3.4e+38 -3.4e+38
-2.17262160691444e-10 -7.90209348787697e-08 -7.89537335994974e-08 -5.47642034402297e-10 -3.0515551760034e-10 3.93047100596974e-08 -5.60740145950462e-11 -1.76435028547958e-10 7.82941725184746e-08 -3.0665362290882e-10 -3.16235879587569e-10 -1.71543276999644e-10 -9.9375060293193e-11 -4.9663107646078e-11 2.83338006723982e-12 1.86821347046629e-11 9.0935676464282e-11 1.12911385200346e-10 7.05569330359678e-11 -3.55720768162929e-11 -7.9794470630896e-11 -1.39732814430156e-10 -1.86824903249523e-10 2.4450853540986e-11 1.15231766039873e-10 4.04327573982152e-11 3.94513568735988e-11 5.55155302487918e-10 8.8075588638219e-10 -3.4e+38 -3.4e+38 -3.4e+38 -3.4e+38 -3.4e+38 -3.4e+38 -3.4e+38 -3.4e+38 -3.4e+38 -3.4e+38 8.17004709117346e-10 7.58640305938986e-10 6.40717016444754e-10 5.61689237257922e-10 6.242322014553e-10 6.13243031701605e-10 -3.4e+38 -3.4e+38 -3.4e+38
7.82995368570492e-08 -2.36947325770534e-10 -7.88803401980836e-08 -5.07008388004644e-10 -7.89231843707678e-08 -2.08331963819156e-10 -3.5353865823416e-10 -5.70170577358866e-10 -7.88767245394396e-08 7.81899320657073e-08 -3.50938321325897e-10 -2.51756206817032e-10 -5.00204943014422e-11 1.01509195171976e-10 8.41940377260447e-11 8.44993966819522e-11 9.8394745577819e-11 1.61550011069922e-10 6.19001797476308e-11 -8.40131743667193e-11 -1.83677197150315e-10 -2.44387750804925e-10 -3.58847579323943e-10 -3.44749512129163e-10 -3.06238702194309e-10 -8.34972252836199e-10 -3.33241975134271e-10 3.27243274165422e-10 -3.4e+38 -3.4e+38 -3.4e+38 -3.4e+38 -3.4e+38 -3.4e+38 -3.4e+38 -3.4e+38 -3.4e+38 -3.4e+38 -3.4e+38 7.8830654447512e-10 7.86477326860524e-10 -3.4e+38 -3.4e+38 -3.4e+38 -3.4e+38 -3.4e+38 -3.4e+38 -3.4e+38
-7.88270865232719e-08 -7.89789047280033e-08 -4.93637665918345e-10 -7.88572129060765e-08 7.82810120017938e-08 -3.14187887575938e-10 7.81231030189741e-08 -4.96992079400563e-10 -5.42154356910937e-10 -2.88030689838676e-10 -1.66418638581493e-10 -1.05953210204293e-10 -3.06971798835328e-11 1.43745016632815e-10 1.27397862874938e-10 1.43883518555149e-10 1.08811156332423e-10 1.61633173333434e-10 5.62724187156191e-11 -6.78321898973631e-11 -1.73687750293433e-10 -2.48472263775752e-10 -3.52296071840477e-10 -3.25270460741632e-10 -1.00079614693335e-09 -9.60680294981255e-10 -7.25733833084176e-10 -3.4e+38 -3.4e+38 -3.4e+38 -3.4e+38 -3.4e+38 -3.4e+38 -3.4e+38 -3.4e+38 -3.4e+38 -3.4e+38 7.0187974321725e-10 -3.4e+38 -3.4e+38 -3.4e+38 -3.4e+38 2.83911264205631e-10 2.73817791205672e-10 -3.4e+38 -3.4e+38 -3.4e+38 -3.4e+38
-1.87709897992879e-10 -5.32308001530564e-10 -7.9116194046758e-08 -7.89256898976675e-08 -3.44644574823216e-10 -7.88049821781979e-08 -3.61127282241368e-10 -4.58991850259107e-10 -5.5420344542992e-10 -3.95376942307927e-08 -7.85538533517875e-08 7.84225637856932e-08 2.05835883730919e-11 1.78913097184473e-10 1.68033211353184e-10 1.80157963643753e-10 1.92312925718046e-10 2.20879439998114e-10 1.07246302368538e-10 -2.05456659927134e-11 -1.44929756902446e-10 -2.30849670952899e-10 -1.93872151244551e-10 -7.76282424589836e-11 -6.88502298330457e-10 -5.0672362898222e-10 -9.85498104946762e-11 5.46110046099237e-10 7.98335965488839e-10 -3.4e+38 -3.4e+38 2.5286004532499e-10 3.0358442795235e-10 3.02369939912247e-10 6.32506116625008e-10 -3.4e+38 -3.4e+38 -3.4e+38 -3.4e+38 -3.4e+38 4.59021173869861e-10 3.84313182110968e-10 3.0299842930942e-10 3.43258642010613e-10 3.84198494810103e-10 5.44965956106788e-10 6.56065942776785e-10 6.45347228345337e-10
-3.70999509513472e-10 -1.28064807408641e-10 -7.87678249023791e-08 -3.35703663490535e-10 -3.35837997505487e-10 7.80368936726622e-08 -4.18085553783544e-10 -3.91545709180054e-10 7.80362077521033e-08 3.88762450946446e-08 3.89772525961642e-08 7.82302801630147e-08 9.14124454011798e-11 4.0958583549659e-10 2.77151616760251e-10 1.81648798774769e-10 1.6291656814177e-10 3.424886511213e-10 1.34230655120388e-10 4.3695064752388e-11 -7.35771962039252e-11 -1.02508041640543e-10 -9.4370319595493e-11 -4.6886939891894e-11 2.24191184040396e-10 -9.47346081230294e-11 1.46559023109262e-10 6.49832532855354e-10 9.17475291349045e-10 7.50556153945101e-10 6.42821168055217e-10 3.71913672050436e-10 4.31674499726402e-10 4.85717969204213e-10 6.09954000256548e-10 7.15072544621342e-10 6.86858755110245e-10 4.673633856723e-10 4.54782651292219e-10 4.41323123748815e-10 3.6231007270852e-10 4.66197972351345e-10 1.07677428084463e-10 1.89003622329205e-10 4.02167151620783e-10 4.87902014532384e-10 6.88322958509078e-10 7.74088988057351e-10
-1.07211251094673e-10 -5.71870075471906e-10 -2.9357138679223e-11 -1.31492147480924e-10 7.82419231638563e-08 -7.86093548123518e-08 -7.87380808607199e-08 7.82467473404513e-08 -3.9106742683711e-10 -1.01997174070129e-08 5.85311522508537e-08 7.84106274857934e-08 -1.11662615085658e-10 1.55934016998122e-10 4.60095204583817e-10 4.09137494507055e-10 3.47614309352289e-10 2.94377850718757e-10 1.0430353179425e-10 2.26958505374515e-11 -2.15372513158217e-10 -8.66495744812889e-11 -2.10058768499146e-11 1.95674319545047e-10 -4.83429194529831e-11 1.89768042578542e-10 6.37487513442807e-10 6.34414995054264e-10 7.01561824371133e-10 7.30756090386844e-10 5.84677209057281e-10 4.16921102835073e-10 5.47667637614692e-10 6.18550294072159e-10 7.8551147452102e-10 5.25508011259365e-10 5.0673884359786e-10 5.31131933839845e-10 5.36526912612202e-10 5.65373234222971e-10 4.97487566523007e-10 9.11109028462816e-11 1.30840872425801e-10 4.76497607460947e-10 5.06056093991806e-10 3.54074289337957e-10 4.97578685913628e-10 6.93539093319033e-10
-2.50157111485662e-11 -6.05355738601567e-11 -5.12298560205649e-10 -3.49581127875593e-10 -5.85204899452598e-12 -7.87616133270927e-08 -7.90086941726376e-08 -4.34910663684006e-10 -4.60971653665795e-10 -4.08471922886555e-10 1.40804707887945e-08 -3.95764824745206e-08 3.90784923664832e-08 7.8460381980031e-08 1.32079500874818e-10 3.01959038846015e-10 1.50602592562738e-10 1.53173265389704e-10 1.37619618132133e-10 1.39895228535609e-11 -2.5593830657013e-10 -2.45118861488878e-10 6.72714048612094e-11 3.5690887360784e-10 6.20183620806559e-10 7.51234897398401e-10 8.0660556935119e-10 2.60269074922884e-10 2.10745481048477e-10 2.65696587101179e-10 3.95256264130193e-10 4.95747485190236e-10 3.0410063234057e-10 1.43951199042452e-10 2.92322889910234e-10 3.48568342638089e-10 3.25708371143737e-10 3.81646771803711e-10 4.35581687306496e-10 4.52611936446443e-10 4.7496707962677e-10 4.63179386378972e-10 4.24059463146814e-10 4.00827824725172e-10 4.02180575074303e-10 5.57573193817774e-10 6.50469027122203e-10 4.8600379742321e-10
5.42269355365474e-11 -3.1236632137012e-10 4.5128046346746e-11 3.76756199649093e-11 -4.55810088708372e-10 -1.22601831452574e-10 3.90082462537934e-08 3.8879105588559e-08 -7.88923280768502e-08 -3.35577367483759e-10 7.80801395022837e-08 -5.8422450059728e-10 -7.89718250913473e-08 -5.06718273244484e-10 -3.28070398377235e-10 -1.2155202312316e-10 -5.69298898227093e-11 4.24808524958769e-11 8.44553598848017e-11 -3.37854052209061e-12 -3.84634469136055e-11 1.56273959609679e-11 3.55831967133974e-11 2.76752981194345e-10 6.10176639554058e-10 5.6278961308674e-10 1.82563659955186e-10 1.38375113986781e-11 -1.9987239230539e-11 4.59160190270795e-11 7.19994481302855e-11 1.77940066848465e-10 1.37402751187483e-11 8.46135101766872e-11 1.54728757643979e-10 8.0733391428256e-11 1.24346475228449e-10 1.8809434192448e-10 2.34856056295194e-10 2.50340680348044e-10 2.47062822957783e-10 3.23429264293508e-10 2.67159023184848e-10 1.73114031456506e-10 2.3351001814496e-10 4.4931145427474e-10 4.06334738661687e-10 4.57352517793187e-10
-3.4e+38 -1.52674978975429e-10 -2.5160502447195e-10 -3.034046214164e-10 1.29910616618454e-10 -3.78927363861284e-10 -2.2837396112407e-10 7.81520665729857e-08 7.80734201839406e-08 -5.91967219290582e-08 -3.56143540257485e-10 3.87072663196438e-08 3.88248953145188e-08 7.8200739887571e-08 -2.95329849902895e-10 -2.13864732232499e-10 -1.64372539590173e-10 -4.09158540949227e-11 5.32170622672378e-11 4.25460013804929e-11 1.03151166547659e-10 2.02484173273054e-11 1.81902421639975e-11 1.03031887837185e-10 1.10002555728098e-10 8.84548078562554e-11 -9.75517026180981e-11 -1.02566025000229e-10 -7.51221479668793e-11 -5.36043830850855e-11 -4.18322625075505e-11 5.83512421090351e-11 -6.4873314689604e-11 -4.06104622643109e-11 -5.23870602341126e-11 -7.84442641872476e-08 1.79175099676869e-10 -7.85107569408315e-08 4.53696784227921e-11 1.72572520450355e-10 1.35795532244413e-10 3.16081398433202e-10 1.8352448528218e-10 2.64055015609092e-10 3.82260359858917e-10 2.64125875626954e-10 2.95355761895225e-10 3.18772011593057e-10
-3.4e+38 -3.4e+38 -1.13822174428942e-10 -1.60506698420309e-10 1.66878283319108e-10 2.20821234414726e-10 3.20833346186199e-10 -3.26054226353438e-10 -7.87971822250742e-08 7.79421372781443e-08 5.825387559104e-08 -7.88609091637121e-08 -7.87784100425991e-08 -4.6030725250024e-10 -3.9868012858467e-10 -1.68508124903681e-10 -9.43254059760783e-11 -2.76627004280863e-11 1.55201415813807e-11 -1.42211618740843e-11 2.20517151573493e-10 2.60046208210992e-10 -6.20478939363794e-11 -6.5084551717773e-11 -4.50194561142803e-11 -5.18033380466885e-11 -1.50772240156319e-10 -2.40905038025124e-10 -2.02330752822821e-10 -1.15092977691759e-10 -6.55391373309092e-11 -8.60049394237283e-11 -5.86308539388234e-11 -1.53342356810373e-10 3.65855173055995e-11 1.88671768804563e-11 1.05791200645298e-10 2.92851727959882e-11 -7.85795641359416e-08 9.77057774263316e-11 7.86326277582023e-08 1.33044510064615e-10 3.10481788306296e-10 4.53022262642211e-10 -1.69867849850121e-11 1.27005033656068e-10 1.75429661231785e-10 1.4462197832292e-10
-3.4e+38 -3.4e+38 -3.4e+38 2.41233162835423e-10 2.64596121991541e-10 2.1622433699358e-10 2.38888750230291e-10 3.15032702086877e-10 -3.48453292834122e-10 3.87524082986518e-08 3.89914982751437e-08 -3.96230831359125e-08 3.88969996291007e-08 -4.87991752712564e-10 -3.93491614897775e-10 -3.03234924807166e-10 -1.40129156754299e-10 -8.40612374716879e-11 -1.34521549779879e-10 -2.7033570937569e-10 -8.69043318045807e-11 2.19679493426142e-10 -1.8623553779102e-10 -1.57455251487593e-10 -1.23433506549869e-10 -2.05817409947205e-10 -1.93819483635396e-10 -2.77607832971195e-10 -3.38977105002276e-10 -7.88205887600819e-08 -1.710208799555e-10 -1.74651135077552e-10 -7.8688503593974e-08 -7.85973466339663e-08 -8.13876593407256e-11 3.78591994791316e-11 -3.49246253578696e-11 -3.75011219211988e-11 -7.84855478137107e-08 -7.83954383014301e-08 1.83218845004521e-10 -7.83609050383717e-08 5.75213102570053e-11 -3.49965710953758e-11 -5.59825589899246e-11 7.34609096379435e-11 6.20962043964721e-11 8.7161152665068e-11
-3.4e+38 -3.4e+38 -3.4e+38 -3.4e+38 -1.76903243085705e-11 7.86846938635224e-12 3.22080267578948e-10 3.25507367978735e-10 3.50740888712224e-10 3.90674873424676e-10 -4.16344344106872e-10 -4.42080147390282e-10 -3.69307129732543e-10 3.89876004877407e-08 -5.03193752309588e-12 -2.28062247683356e-10 -1.91301905455036e-10 -2.89474869208825e-10 -1.18405121169963e-10 5.87875565192392e-11 2.64310267568404e-11 4.4016032018517e-11 2.32257765791033e-10 -1.33610025927657e-10 -1.21140780852296e-10 -1.83180890793121e-10 -4.63528463197957e-11 -7.87386537367892e-08 -2.10927087529875e-10 -1.57807834769764e-10 -7.87942276378989e-08 -7.87167556749204e-08 7.82885891364903e-08 -7.84988652341242e-08 -7.85166663953721e-08 7.84768973997101e-08 -2.16875520524962e-11 -6.46350349168745e-12 1.24263751060215e-11 6.40609232395507e-11 3.86049838170556e-11 -5.45406256970297e-12 7.35206340917247e-11 3.40271186333933e-11 6.41568681424144e-11 3.89786291029788e-11 5.03678746983073e-11 4.25963803084439e-11
-3.4e+38 -3.4e+38 -3.4e+38 -3.4e+38 -3.4e+38 1.22026171366242e-10 4.34323497807262e-10 4.63025728151727e-10 3.18486099881007e-10 3.35030950083546e-10 4.92795405542038e-10 3.71912886187706e-10 2.06088841923349e-10 -3.33306644313062e-10 -1.52045324483501e-10 2.84058450788888e-10 3.31446555742859e-11 3.6050129319857e-10 -4.35330910424057e-11 6.24285042148023e-11 1.11058352544473e-10 8.63132172482224e-11 1.86126822095631e-10 1.36999204392182e-10 -9.76227365714182e-11 -1.85568127013377e-10 -1.74849824012774e-10 -2.26108843791959e-10 -1.47389190399085e-10 -6.32409126609491e-11 -7.87306641288285e-08 7.81405509000307e-08 7.83603062084443e-08 -8.05600326899756e-11 -8.6028972606807e-12 7.8519368193201e-08 -1.05419925008015e-11 -7.85125330020953e-08 3.64401286165637e-11 1.06230534966036e-10 2.89039057988919e-11 5.2915415666169e-11 1.25547674554257e-10 9.31314943742007e-11 5.62441708306417e-11 7.76807221259436e-11 6.40344791202565e-11 4.12793455812094e-11
