data/pcas/pca_proj/PC19.asc
NCOLS 494 
NROWS 529 
XLLCORNER -117.166666666667 
YLLCORNER -55.5 
CELLSIZE 0.166666666666667 
NODATA_value -3.4e+38 
[rows 0 to 21 of 529, columns 144 to 191 of 494]
-9.35400042989463e-08 -4.93412946734629e-08 3.4248666418608e-08 1.37324927244734e-07 7.35936603375146e-08 -7.84962889249798e-08 -1.56989290021835e-07 -1.56850595076375e-07 -1.17711771493196e-07 7.84321080600418e-08 -6.86840974649349e-08 3.94588419962039e-08 4.89809731999219e-08 5.88952197705203e-08 -7.85135066806419e-08 -1.94894693789617e-08 9.96415362658906e-09 1.5723998911582e-07 1.18055844157151e-07 2.97643179028538e-08 7.52251343689084e-09 1.25299462549219e-07 4.92178292225642e-08 1.20390518569589e-07 3.69404436261481e-08 -1.27417945426187e-07 -8.32323409175945e-08 -3.90381213414712e-08 -9.79095949266863e-08 -1.37267276600528e-07 -1.47123630437348e-07 -9.80559817256743e-09 4.87220741781018e-09 -2.95211189949028e-08 4.8913391029673e-08 -1.98066934692207e-08 -4.93505928193705e-08 5.85772636413282e-08 -6.89954988047436e-08 7.82040508568367e-08 -1.99539657056579e-08 1.9288738605526e-08 9.48768835058843e-09 -3.95072534066174e-08 7.83055303614948e-08 -3.94279054391589e-08 -4.92474094023541e-08 2.92614515730321e-08
5.85886203136337e-08 1.32240812878521e-07 -3.94831512145648e-08 -8.83240730071292e-08 -6.86681758699707e-08 -1.4714691418876e-07 -1.37332694413252e-07 -4.88268004029114e-08 1.00346941083128e-08 -6.87940480966508e-08 -7.84725811083211e-08 -7.82649169606123e-08 1.00102494469311e-08 -4.90340811455964e-08 -4.90219956770203e-08 3.93042444830276e-08 1.00827233303332e-08 1.01605482376409e-08 6.90552986764079e-08 1.42705423109444e-07 7.39056177440841e-08 -1.42129775789563e-07 6.15749484917729e-08 -1.10269754647907e-07 -1.7105777990002e-08 1.48595462118784e-08 1.42516669638857e-07 -4.73693907092017e-09 5.41563958963379e-08 -9.79778809642191e-08 1.42391594452894e-07 -2.45056888162723e-08 1.57012296498268e-07 1.56957065355818e-07 -6.88038621040773e-08 -1.9751671912596e-08 3.90268488517433e-08 -7.87622701998285e-08 -7.87850478289728e-08 -2.80642455347945e-10 3.89409902100617e-08 -5.92039570736398e-08 -3.95238759089071e-08 5.86936347757276e-08 -4.92215006430766e-08 -4.91990064572195e-08 -4.92166341268567e-08 -1.00075172204973e-08
-8.8545181056869e-08 1.17615945530575e-07 -1.47328934939383e-07 8.82335936509233e-08 3.91383041311638e-08 4.89352090814355e-08 -2.94628787339359e-08 -4.88150588319581e-08 -5.86187329163429e-08 -9.55624213536668e-09 4.91061392438198e-08 -6.85759559798623e-08 6.88931587118067e-08 4.92115118653278e-08 9.9516190132522e-09 -4.88974662993644e-08 -3.89047471368096e-08 -5.84697699081256e-08 -2.9016474503772e-08 -6.35311441213175e-08 1.37657402421585e-07 -4.39613614719869e-08 1.32695969174949e-07 4.92019789366709e-08 4.91323836917116e-08 -3.91732821839595e-08 1.97247643454305e-08 -3.41960777439609e-08 -8.32296893635114e-08 1.37559345391317e-07 -1.47088726282473e-07 9.81794795584218e-08 1.17735521309185e-07 5.88059304018122e-08 1.95435490442553e-08 -1.22047672390195e-10 1.93986778202271e-08 -5.91421536310507e-08 -7.87923870585789e-08 1.93187415319911e-08 -5.91758015436261e-08 -7.87891439547944e-08 -5.90937767697873e-08 3.90879694653179e-08 7.8398258855584e-08 -4.92000950443874e-08 -5.90334722071408e-08 -1.38146739870453e-10
-1.97905998521184e-08 -1.47302448611557e-07 -5.88991046827047e-08 5.8857494747468e-08 1.95767431529134e-08 -9.91982519762366e-09 -7.86391008157962e-08 -3.21989361005601e-11 3.9581937509214e-08 4.94492761870892e-08 1.34733527256251e-10 -5.8452694687312e-08 -4.899954806166e-08 3.9583277521587e-08 2.96402085459453e-08 -3.9022923476806e-08 4.93305228028624e-08 2.97279729595994e-08 1.02231594133387e-08 1.99089099451701e-08 2.48098949633205e-08 -4.88335200615487e-08 -4.39566890515416e-08 6.39064065226549e-08 6.87801662764051e-08 -1.17732610081542e-07 -9.77064767428875e-09 8.84381006649574e-08 -1.45560581431403e-08 -9.79833483006878e-08 9.91999465990976e-09 -8.82987591819109e-08 -5.89395333658921e-08 -2.95206209454245e-08 -1.01787270239904e-10 5.87163863936756e-08 -2.50917337137807e-10 5.8577501440058e-08 -3.42163445889395e-10 -1.99731141699806e-08 -3.95887568906913e-08 -2.92038456545945e-10 -7.87366382355939e-08 1.94635175015666e-08 3.91354732542535e-08 3.91071104363983e-08 -6.88630225685422e-08 3.91395841114178e-08
1.47194135388029e-07 -2.16535530862549e-11 9.81867870633581e-09 5.89037538023553e-08 5.88761633432428e-08 -8.09197206414151e-11 5.87971192397392e-08 -9.85026910260099e-12 5.90469983157274e-08 -1.93312215715428e-08 -5.85929247511707e-08 3.93838609059935e-08 2.96465664605091e-08 -3.87920675283818e-08 5.9197430905148e-08 -3.89318833873905e-08 -9.4697883179139e-09 -4.87563465968613e-08 -1.93563324930251e-08 6.89838915350757e-08 1.00717613955157e-08 6.89565340734643e-08 -4.8872750196918e-08 -4.89820429458758e-08 -3.92111558687417e-08 9.85866755154982e-09 -2.93591639309776e-08 -1.07823676841732e-07 -2.93148201933328e-08 1.27684750675965e-07 -6.86517201579693e-08 -3.92456416822871e-08 9.74956058208668e-09 -5.89696171396505e-08 -1.97244018204042e-08 -5.90433611107165e-08 1.94387339411059e-08 -7.87661182761337e-08 1.9276392562128e-08 -2.00116979849845e-08 -3.64649644755578e-10 5.85945481149515e-08 5.87148225057725e-08 -3.93484112061104e-08 -8.9160613183814e-11 5.87478932072234e-08 -3.93796567220866e-08 1.95035705221719e-08
9.10642027234868e-11 -5.87893982902545e-08 3.93147167556827e-08 1.96663798443236e-08 1.96092448919721e-08 -5.89505286247819e-08 -5.89390655191364e-08 -5.8876697339396e-08 -5.8664285570606e-08 -7.81607917176093e-08 -1.93229592023461e-08 -1.94373292546437e-08 1.99178502305474e-08 -1.92712951798559e-08 -4.87099480124821e-08 -9.46564630350315e-09 -6.8341552345183e-08 2.97568619953972e-08 3.96669890523995e-08 -1.93106903034469e-08 -5.85893482098911e-08 3.95012009836879e-08 -5.87560225974179e-08 -6.85711929137476e-08 7.86200887364329e-08 1.97370973752891e-08 -2.92971860095454e-08 9.94416340753909e-09 -6.85963156111636e-08 3.93225996851411e-08 6.87393848715778e-08 6.87253817489904e-08 -9.81822091465712e-09 -2.94845624091556e-08 -3.9369616942762e-08 -1.97456450545442e-08 7.83595440763141e-08 5.86998184396396e-08 1.93835630567624e-08 3.89748706906452e-08 -5.91394355976499e-08 3.90631140874654e-08 -3.93574040485289e-08 -3.92960634220978e-08 -5.89363033811297e-08 -7.02444091575897e-11 -1.96793683774781e-08 -1.97109069269126e-08
-1.95850829923357e-08 -5.87292587364632e-08 3.93140892602174e-08 -3.92431924587668e-08 -1.96580171130978e-08 -5.89476962424246e-08 -5.89541869662663e-08 3.94289969790115e-08 5.91173639599464e-08 1.99718848753234e-08 1.99411068519645e-08 -5.85269892764236e-08 -1.92744723482002e-08 -3.89551253989835e-08 6.89595203011569e-08 1.98641297801374e-08 2.9710965969303e-08 4.93531688515278e-08 5.92716666957813e-08 -1.94133173729031e-08 -9.60467050967612e-09 -9.63064901513579e-09 5.90550798015389e-08 5.9024661551757e-08 9.02908774504844e-11 1.96825578402115e-08 2.95081426077482e-08 -6.85845683858011e-08 -3.91785211174482e-08 9.8440458927657e-09 -5.8844840788171e-08 -2.94363201326361e-08 2.94864760298389e-08 5.88920302094563e-08 5.88537163173967e-08 -1.96984103180834e-08 3.91642943777647e-08 -1.27443000835309e-10 -1.97694293478501e-08 7.83735388067785e-08 -7.86482718228288e-08 -7.7804117743275e-11 3.92301737803347e-08 7.85140059180407e-08 -3.92762046317079e-08 -5.88879940307414e-08 1.96327147048628e-08 -3.92741802232672e-08
6.35351270937661e-11 1.96804175830991e-08 1.97693741112965e-08 5.90835022125075e-08 3.93268552831076e-08 1.96133010929545e-08 1.96051726770399e-08 -5.86182483082066e-08 -5.84831990850063e-08 -1.91869707399652e-08 -1.92960690672321e-08 -1.93328856691732e-08 -3.9026124319439e-08 5.90322309520227e-08 7.86185973724439e-08 -5.87737061209233e-08 -1.95149481400753e-08 1.79166010043077e-10 5.90780922454685e-08 3.94436036720734e-08 3.94422076995994e-08 1.98070959446832e-08 1.97831737832043e-08 1.97378627598086e-08 5.89365526480814e-08 5.8863590378734e-08 4.90159803963067e-08 3.92080794582102e-08 1.96525126681702e-08 3.93239945923613e-08 3.93247413416105e-08 3.32468314801216e-11 5.89205925912097e-08 7.85632672423346e-08 3.93119556935006e-08 9.48558703946771e-12 2.75162860017156e-12 -1.25636956350326e-11 1.60118434878209e-11 -3.92199210647586e-08 7.85426660758083e-08 4.96287842218783e-11 -3.91438426612073e-08 3.94009188101175e-08 -1.94660108016947e-08 -3.91143223390027e-08 7.85572962412688e-08 7.85700803530444e-08
-1.9513630703392e-08 5.89704859467268e-08 5.89885206229048e-08 5.90250991967679e-08 1.9840720481478e-10 7.85894722388187e-08 3.94709881422372e-08 -5.86105742657493e-08 7.87928721457783e-08 -1.94014253342539e-08 3.94746954125511e-08 1.97818677343912e-08 -1.95343859325916e-08 -3.00162405046554e-12 7.85349990126236e-08 -3.92284025507298e-08 5.0631863762932e-11 -3.91144061807423e-08 -1.9433295597483e-08 1.74298581343458e-10 -3.91005320691715e-08 5.90497243010723e-08 1.13884125466974e-10 -1.9618166463339e-08 -5.89085915266421e-08 3.91640387772835e-08 -7.8566295338419e-08 -1.96475400183522e-08 1.96396680408093e-08 1.7033972910123e-11 7.85515296577919e-08 -1.03445917577088e-12 5.89129177910041e-08 1.97105557049642e-08 5.89759858103059e-08 1.97103862256839e-08 3.93331953935732e-08 -1.95529617209449e-08 3.93404517014988e-08 3.93817280346841e-08 -3.91024846309568e-08 -5.87095419761552e-08 -1.93687190952164e-08 1.98338962794673e-08 5.8890102104899e-08 -1.91344772540422e-08 2.00457918516439e-08 -3.91231126356237e-08
-5.88094726648648e-08 5.89816311053299e-08 5.89751098589005e-08 -1.95786728348514e-08 -1.94469100166238e-08 5.90921507685395e-08 -3.9093295175132e-08 -5.86040200307815e-08 -5.87505387929478e-08 -5.88226756403239e-08 5.89906511638182e-08 1.97120937212757e-08 -3.91937529049723e-08 -3.92368031757495e-08 5.89242238683859e-08 -5.88359610964891e-08 7.85846181361019e-08 1.97587471521086e-08 2.1662422510247e-10 -3.90416089913315e-08 1.66939169149596e-10 1.97701076449425e-08 5.90031432682792e-08 -5.88642846202757e-08 5.884094055883e-08 -8.32547027557037e-11 5.88422489388517e-08 5.88570401825646e-08 -3.9269133637455e-08 1.95992466179078e-08 5.88425797981765e-08 3.94952688500686e-08 -3.89886890119038e-08 1.99944008364937e-08 -3.88749762771654e-08 2.00199017266482e-08 3.97222663198785e-08 2.00679934723881e-08 3.96401301761309e-08 -5.84942091790564e-08 4.25630873682816e-10 2.01293904713533e-08 -5.83027492587385e-08 3.98517395793751e-08 5.93245711609781e-08 5.94183379666783e-08 5.94241372645104e-08 5.18945895209308e-10
-7.8407449689922e-08 -5.88140356795977e-08 1.96827975569775e-08 3.93355102210341e-08 -3.91664522590962e-08 -1.94075964099758e-08 3.16394406240639e-10 7.88029505745128e-08 5.91358401225813e-08 1.44125871974795e-11 1.96520264422273e-08 -3.91772655656326e-08 -3.9130008777518e-08 -5.87685099945446e-08 -5.87652211473762e-08 -5.87405363310167e-08 -7.83027121525753e-08 7.86913130062716e-08 -5.87478032285801e-08 1.97895664230417e-08 -5.87499328469345e-08 5.9055014630107e-08 5.90020115097801e-08 5.89133091778282e-08 -5.89372001040606e-08 -7.82851522991997e-08 1.98714283274134e-08 -3.89898864667325e-08 5.91617752585773e-08 -1.93381720806953e-08 5.91427868648555e-08 3.94108930383485e-08 -3.90641132741132e-08 -5.86006961724501e-08 1.99928630754178e-08 -1.92062038607757e-08 -5.84185198620416e-08 -3.88241335250622e-08 5.93020797530706e-08 2.00615524522526e-08 -1.91680229454597e-08 -1.91217407343618e-08 5.94081248832793e-08 2.02214096276935e-08 5.70087707355645e-10 -3.87165923153209e-08 -5.83557175517372e-08 7.8983336043158e-08
-1.96571329935903e-08 3.92250506906172e-08 -5.89363789521874e-08 -5.88324739505969e-08 3.94547030859329e-08 -3.89886617063786e-08 3.49107892010581e-10 -3.89445016855538e-08 -5.86466465264247e-08 -3.91050962551418e-08 3.94079793367742e-08 1.98298352665591e-08 -3.89941191457931e-08 -3.90281446570938e-08 3.94389561199286e-08 -5.86551428987972e-08 5.9090285062111e-08 7.86598620460852e-08 7.86146313305446e-08 5.88524064066801e-11 5.89085606881593e-08 6.88329385861266e-11 -1.96143023138903e-08 -5.86696116524768e-08 -1.9466431378601e-08 1.8487145555526e-10 7.87457045140732e-08 5.91780029824277e-08 7.88554651206349e-08 -1.92671542535863e-08 3.67807047443005e-10 7.88074460273083e-08 7.88585887449406e-08 4.0032706767032e-10 -7.8080838480798e-08 3.97039952995489e-08 -3.87850849244015e-08 3.96946262305373e-08 5.93597758283856e-08 4.98785899604255e-10 -7.8020354482991e-08 -1.91016755952078e-08 3.97843959807674e-08 3.97774517112265e-08 5.00104334886457e-10 3.97646820064297e-08 -7.80611011947091e-08 5.93673072288305e-08
8.55431624707613e-11 3.93008600234592e-08 -7.84510483116458e-08 -7.82956955634617e-08 7.87686265127545e-08 -3.89750412612439e-08 3.96000594655616e-08 3.96241470950464e-08 2.21011315405012e-10 7.88224012175835e-08 7.88545012314516e-08 3.95234759043527e-08 7.88275874570085e-08 -3.90468336823272e-08 5.93495772067722e-08 3.93798174370824e-08 1.4521866255539e-10 3.93420930804016e-08 3.93283789154944e-08 3.9277250040788e-08 5.88346970101213e-08 1.955533703395e-08 -7.83538714420654e-08 1.49318966706676e-10 -7.83493832124554e-08 3.95258154162923e-08 3.96396349896486e-08 3.96341480960851e-08 3.97346113306587e-08 5.25406271652863e-10 3.97072996690769e-08 3.97604807735522e-08 -3.87056634768918e-08 5.50697527725806e-10 5.70404544218376e-10 7.91313453022928e-08 3.98602325398107e-08 3.98466396930871e-08 3.98571794006757e-08 -3.86459089226756e-08 -3.86722300974831e-08 -5.82970636939662e-08 3.9828718794021e-08 5.17467597437844e-10 5.12747834755828e-10 -7.80544800017972e-08 -3.88075987522878e-08 2.01535298357385e-08
5.44538093554859e-10 -3.87596627203598e-08 5.67446243075669e-10 -7.78689554896927e-08 -3.86256836216237e-08 -3.86376412294229e-08 6.76821836760859e-10 -3.85870204316341e-08 7.89757660396246e-08 -7.79855271781271e-08 7.90899462038425e-08 -3.86666762227497e-08 -7.79301498209112e-08 -3.88123131135753e-08 -3.89667806299962e-08 3.94624336145224e-08 2.41064371629207e-10 2.75913807038073e-10 3.95703627249393e-08 3.1648240513355e-10 7.8742465147835e-08 3.9421500557402e-08 2.05577952488646e-10 3.94799143925884e-08 -3.89605416875971e-08 3.70083905758936e-10 3.97701555149463e-08 7.90669707186492e-08 3.99014583790911e-08 -3.85949640914393e-08 7.91367890559603e-08 -3.86186874075914e-08 7.92119303792879e-08 7.92326092362016e-08 7.9206120971789e-08 6.33243846821865e-10 -7.79189861915194e-08 3.99556365351272e-08 -3.85261038009937e-08 -3.85405537243282e-08 6.74663124468817e-10 -7.78569714800171e-08 -3.86174672439571e-08 -3.86605130087816e-08 5.527785299526e-10 -1.90793893289767e-08 3.97899153204177e-08 -1.89489384319569e-08
7.56457676502041e-10 -7.77845172028597e-08 -3.85209587557896e-08 7.92363729149569e-08 -3.8554646963978e-08 -3.8536192396985e-08 4.00011345088058e-08 3.99657443493101e-08 4.93580088574596e-10 -3.88649924963798e-08 -3.88451594370898e-08 3.97661311638832e-08 -7.79945567822775e-08 -7.81253126605074e-08 2.03242679782306e-10 7.341315899629e-11 -3.91944795926911e-08 3.14450390491529e-11 -7.84218875763874e-08 1.75563816013635e-10 -7.83128331418971e-08 2.17481261022169e-10 3.95238663984689e-08 -3.89916487463594e-08 7.88220852058605e-08 3.37658135084427e-10 3.97655042908222e-08 -3.8672234881223e-08 -7.78317104897119e-08 7.89674817468615e-08 -7.79724083882994e-08 -7.78253304848516e-08 7.82874696779189e-10 7.89288190607226e-10 6.90495554966549e-10 3.98530992247636e-08 7.92267161858158e-08 -3.4e+38 -3.4e+38 -3.4e+38 -3.4e+38 6.23366044930978e-10 -7.78365605524519e-08 7.91918574866098e-08 6.13010232245532e-10 5.58330267079633e-10 -3.86418926257216e-08 6.09779381890025e-10
-7.76005947882056e-08 -3.84772724922541e-08 -7.77499077012807e-08 -7.77988487800142e-08 3.99111272023132e-08 6.77677348821519e-10 -3.85027755511693e-08 7.91872218303454e-08 -3.86820260039691e-08 3.48258885671195e-10 3.75224762230473e-10 3.97024036503697e-08 5.65297295472471e-10 -7.80343549829197e-08 7.88528572842315e-08 3.95465316586387e-08 -3.90687930802179e-08 3.93439240208722e-08 3.93550201963005e-08 -3.90967939642528e-08 1.90552919443087e-10 -7.82752203530021e-08 -7.8240420502722e-08 3.49502815525119e-10 -3.4e+38 4.24459611920085e-10 -3.4e+38 -3.4e+38 -3.4e+38 -3.4e+38 -3.4e+38 -3.4e+38 -3.4e+38 -3.4e+38 -3.4e+38 -3.4e+38 -3.4e+38 -3.4e+38 -3.4e+38 -3.4e+38 -3.4e+38 -3.4e+38 -3.4e+38 -3.4e+38 3.98547597417122e-08 7.91216708748392e-08 -7.79239221838234e-08 5.24180509835408e-10
-3.85428927611007e-08 7.91800007058633e-08 5.59283525334745e-10 3.99246704872691e-08 7.91157955096681e-08 3.98028875708681e-08 -3.8674790167133e-08 7.90772049581209e-08 3.98045111147028e-08 -7.81026485688749e-08 -7.81566493175432e-08 -3.88751338989571e-08 -7.80559901000241e-08 -7.80648691232523e-08 -3.89049984531755e-08 -7.8277810753374e-08 -3.90101377597051e-08 -3.90200421727683e-08 3.95720750898906e-08 -7.82711460036852e-08 2.62808802836851e-10 -7.82070215508019e-08 -3.89223235444085e-08 3.58723582127263e-10 -3.4e+38 5.65641580924284e-10 7.90705298557942e-08 -3.4e+38 -3.4e+38 -3.4e+38 -3.4e+38 -3.4e+38 -3.4e+38 -3.4e+38 -3.4e+38 -3.4e+38 -3.4e+38 -3.4e+38 -3.4e+38 -3.4e+38 -3.4e+38 -3.4e+38 -3.4e+38 -3.4e+38 -3.4e+38 7.91336208192036e-08 -3.86949948169011e-08 4.98025872275084e-10
3.99730575638138e-08 7.91832363054632e-08 -7.78956122631372e-08 -7.80070539513977e-08 -3.88344907339622e-08 -3.88710795187429e-08 -7.81342506336763e-08 -3.88679722534678e-08 -7.80719204679718e-08 3.96229524315844e-08 3.96630717659705e-08 -7.81928610502769e-08 3.95440231505572e-08 3.49094786878197e-10 3.963548452474e-08 3.95573058001427e-08 2.69855587556799e-10 7.87437651184597e-08 -3.89582828033495e-08 3.95443396724224e-08 3.95341801520243e-08 3.18569172699022e-10 3.95888619232207e-08 3.36000548228754e-10 -3.4e+38 5.02343994070397e-10 -3.4e+38 -3.4e+38 -3.4e+38 -3.4e+38 -3.4e+38 -3.4e+38 -3.4e+38 -3.4e+38 -3.4e+38 -3.4e+38 -3.4e+38 -3.4e+38 -3.4e+38 -3.4e+38 -3.4e+38 -3.4e+38 -3.4e+38 -3.4e+38 -3.4e+38 -3.4e+38 -7.80149816596947e-08 -3.87613936003586e-08
-3.4e+38 5.2727441841241e-10 -3.87186041369751e-08 -3.88003534533126e-08 3.64041813451093e-10 3.95692252581117e-08 7.87831756940632e-08 3.95806034213991e-08 -3.90165318224384e-08 -3.89578463972392e-08 3.0103923067242e-10 2.70087606809245e-10 2.61963777007804e-10 3.95400589203002e-08 7.88185540749795e-08 3.41657413775248e-10 -7.8173402023722e-08 -3.8937864501858e-08 3.40144854243247e-10 3.96665528769515e-08 7.89388292897392e-08 -3.89073173713128e-08 2.66715993582004e-10 -3.4e+38 -7.78630605432048e-08 -3.4e+38 -3.4e+38 -3.4e+38 -3.4e+38 -3.4e+38 -3.4e+38 -3.4e+38 -3.4e+38 -3.4e+38 -3.4e+38 -3.4e+38 -3.4e+38 -3.4e+38 -3.4e+38 -3.4e+38 -3.4e+38 -3.4e+38 -3.4e+38 -3.4e+38 -3.4e+38 -3.4e+38 -3.4e+38 3.98186129591451e-08
-3.4e+38 -3.4e+38 -3.4e+38 -3.4e+38 -3.4e+38 -3.4e+38 -3.4e+38 7.87515548636318e-08 -3.90083701600626e-08 -3.4e+38 2.36718391008175e-10 -7.82349446135471e-08 -7.82018418757192e-08 3.95664051267122e-08 3.15174031692351e-10 3.12272074187143e-10 7.88589072051094e-08 -7.80845991024441e-08 7.8922647085582e-08 7.89466744384684e-08 -7.80615444068309e-08 5.05654077060036e-10 7.92339902070858e-08 7.6601234883588e-10 -3.4e+38 -3.4e+38 -3.4e+38 -3.4e+38 -3.4e+38 -3.4e+38 -3.4e+38 -3.4e+38 -3.4e+38 -3.4e+38 -3.4e+38 -3.4e+38 -3.4e+38 -3.4e+38 -3.4e+38 -3.4e+38 -3.4e+38 -3.4e+38 -3.4e+38 -3.4e+38 -3.4e+38 -3.4e+38 -3.4e+38 -3.4e+38
-3.4e+38 -3.4e+38 -3.4e+38 -3.4e+38 -3.4e+38 -3.4e+38 -3.4e+38 -3.4e+38 -3.4e+38 -3.4e+38 -7.8333412851286e-08 3.42535957361648e-10 7.88424115244782e-08 3.21547166430171e-10 3.84693419037081e-10 7.89181183349307e-08 4.3437107260455e-10 -7.80101188922284e-08 4.52708557234934e-10 3.8115909905458e-10 4.26360041585821e-10 6.08227894204042e-10 7.92932297323155e-08 -7.76567694655994e-08 7.93801412942119e-08 -3.4e+38 -3.4e+38 -3.4e+38 -3.4e+38 -3.4e+38 -3.4e+38 -3.4e+38 -3.4e+38 -3.4e+38 -3.4e+38 -3.4e+38 -3.4e+38 -3.4e+38 -3.4e+38 -3.4e+38 -3.4e+38 -3.4e+38 -3.4e+38 -3.4e+38 -3.4e+38 -3.4e+38 -3.4e+38 -3.4e+38
-3.4e+38 -3.4e+38 -3.4e+38 -3.4e+38 -3.4e+38 -3.4e+38 -3.4e+38 -3.4e+38 -3.4e+38 -3.4e+38 -3.4e+38 -3.4e+38 -3.4e+38 3.8117365153512e-10 4.44858003143851e-10 -7.79745971763924e-08 -7.797621689428e-08 5.93625267122462e-10 5.49095623615785e-10 -3.4e+38 -3.4e+38 -3.4e+38 7.61972908480598e-10 7.94415335047816e-08 7.94289124444376e-08 -3.4e+38 -3.4e+38 -3.4e+38 -3.4e+38 -3.4e+38 -3.4e+38 -3.4e+38 -3.4e+38 -3.4e+38 -3.4e+38 -3.4e+38 -3.4e+38 -3.4e+38 -3.4e+38 -3.4e+38 -3.4e+38 -3.4e+38 -3.4e+38 -3.4e+38 -3.4e+38 -3.4e+38 -3.4e+38 -3.4e+38
