data/pcas/pca_proj/PC19.asc
NCOLS 494 
NROWS 529 
XLLCORNER -117.166666666667 
YLLCORNER -55.5 
CELLSIZE 0.166666666666667 
NODATA_value -3.4e+38 
[rows 462 to 483 of 529, columns 240 to 287 of 494]
-3.4e+38 -3.4e+38 -3.4e+38 -3.4e+38 -3.4e+38 -3.4e+38 -3.4e+38 -3.4e+38 -3.4e+38 -3.4e+38 -3.4e+38 -3.4e+38 -3.4e+38 -3.4e+38 -3.4e+38 -2.86433008089319e-08 -2.87493124203315e-08 9.16509768562078e-09 6.52737809160276e-10 5.68501892090142e-10 2.02319251557648e-08 -1.89698121286388e-08 -3.4e+38 -2.89737019631095e-08 -9.42560190320686e-09 2.97591858906681e-08 4.31886436688552e-08 5.07813410701052e-09 7.85828773673046e-08 -4.63883960807618e-11 1.95199079214099e-08 7.8362855934269e-08 7.83296671826631e-08 -7.8821986719856e-08 3.89257325186658e-08 -7.88476106052222e-08 7.80671320727169e-08 -3.96556216143886e-08 3.88424157811955e-08 3.88527939459584e-08 7.81091461419918e-08 5.8492793955857e-08 1.92721110931552e-08 -3.95869911232713e-08 -3.55354252849331e-10 -5.92309179492644e-08 7.81605842793377e-08 -4.06172516073657e-10
-3.4e+38 -3.4e+38 -3.4e+38 -3.4e+38 -3.4e+38 -3.4e+38 -3.4e+38 -3.4e+38 -3.4e+38 -3.4e+38 -3.4e+38 -3.4e+38 -3.4e+38 -3.4e+38 -2.85462143144373e-08 -2.86200424055364e-08 -2.86820789364123e-08 -5.81768104294686e-10 1.03935764912679e-08 -1.90182025477576e-08 -2.88764643692184e-08 -1.90978267675225e-08 5.23239022736615e-10 2.00483487374042e-08 -7.51068041806882e-08 7.38843079676664e-08 -5.86376658794015e-08 7.86993549333077e-08 9.11877217569138e-11 -1.96467644804682e-08 -6.40130985952154e-11 7.8393649517259e-08 5.86779785262587e-08 3.90316184619693e-08 1.93315153004249e-08 3.88651476910736e-08 -2.00071661667295e-08 1.92839553225131e-08 5.84956855712371e-08 5.85107273690034e-08 2.9045593153213e-08 -2.00133150551317e-08 -7.88929780289089e-08 -3.94223777896075e-10 7.81255673259097e-08 -3.62668026109754e-10 -3.9531390847654e-08 -3.96561255049357e-08
-3.4e+38 -3.4e+38 -3.4e+38 -3.4e+38 -3.4e+38 -3.4e+38 -3.4e+38 -3.4e+38 -3.4e+38 -3.4e+38 -3.4e+38 9.65301191242353e-10 9.54755703421355e-10 -3.4e+38 2.05685103329519e-08 1.0645141583333e-08 2.53054980985931e-08 3.50006964298872e-08 -2.88138371842445e-08 1.04041273630293e-08 -2.88261503534346e-08 -9.27524592747905e-09 2.74911340004745e-08 -3.14944753355476e-08 4.44976877676128e-08 1.25613015121301e-08 -9.56695097654994e-09 -7.83565457522106e-08 5.89948247784928e-08 -1.95721542681584e-08 2.08856663894466e-11 3.92197503689108e-08 3.91658119768979e-08 -3.94387061565932e-08 3.90734973697121e-08 -3.94740487054863e-08 -3.01381564883022e-10 -3.9600226612663e-08 -4.3843242992792e-10 7.807296403767e-08 -6.90986901421256e-08 1.92502109716047e-08 -3.96734905157074e-08 1.92209700344065e-08 -2.00210377694787e-08 3.89076711541023e-08 -1.9930856223373e-08 -2.98219311244499e-08
-3.4e+38 -3.4e+38 -3.4e+38 -3.4e+38 -3.4e+38 -3.4e+38 -3.4e+38 -3.4e+38 -3.4e+38 -3.4e+38 -3.4e+38 3.04074489663206e-08 1.07836048765177e-08 -3.4e+38 -3.4e+38 -8.94968975215612e-09 -1.8870007229155e-08 -9.18563872947749e-09 1.159585145459e-08 -1.41459127241914e-08 3.00265514937208e-08 -2.88493618899527e-08 3.48927020517714e-08 4.54297973028257e-10 -2.90942369057865e-08 -2.42679187245829e-08 -3.90573422638919e-08 -3.90912954432273e-08 -1.95359804435548e-08 -5.8818294955446e-08 -5.88509418376492e-08 7.85518793810085e-08 5.66340687291312e-12 3.91809663026034e-08 7.84034720687101e-08 3.89714138997335e-08 -1.99718302081944e-08 3.89094382917594e-08 -7.89229918077251e-08 -3.88808816164128e-10 -4.94514148338192e-08 6.82878397113144e-08 -5.93098176347989e-08 3.87944531670841e-08 1.92199920999391e-08 -3.95725607785802e-08 -3.95919486766648e-08 -2.97996087126548e-08
-3.4e+38 -3.4e+38 -3.4e+38 -3.4e+38 -3.4e+38 -3.4e+38 -3.4e+38 -3.4e+38 -3.4e+38 -3.4e+38 -3.4e+38 -3.4e+38 -3.4e+38 -3.4e+38 -3.4e+38 2.03837707028886e-08 1.05468502496851e-08 3.99347927667486e-08 -1.16837248131354e-08 1.64128566150351e-08 -4.44910527198618e-09 -1.90612086191048e-08 -3.38513225929861e-08 3.73258934230726e-10 3.95117779439219e-08 6.89532377851704e-08 3.9467537503511e-08 3.94330010703456e-08 -7.83810731087276e-08 9.48419816473043e-11 5.89165560871284e-08 5.88986973401592e-08 -2.64311565331939e-12 -7.86280906567618e-08 -2.56518119190388e-10 5.85788716505014e-08 1.93152420977323e-08 5.85716554578943e-08 -3.95685672860667e-08 -5.92253157607667e-08 -3.66927860681588e-10 6.82899598563599e-08 4.8667560267036e-08 4.86954631256645e-08 -5.93100670261805e-08 -1.99353554358686e-08 -7.88493451846201e-08 -7.88413564622856e-08
-3.4e+38 -3.4e+38 -3.4e+38 -3.4e+38 -3.4e+38 -3.4e+38 -3.4e+38 -3.4e+38 -3.4e+38 -3.4e+38 -3.4e+38 -3.4e+38 -3.4e+38 -3.4e+38 -3.4e+38 7.601383823363e-10 2.02757106387466e-08 3.00489127715678e-08 5.43319147870299e-09 2.37290118981248e-08 1.02151126057794e-08 -3.87428055664665e-08 2.74414943339836e-08 -3.03037613524105e-08 -3.89441525047741e-08 -3.90118447615859e-08 5.90771242942455e-08 1.9811459182928e-08 7.86641141499474e-08 -1.95659717197808e-08 5.89283620661026e-08 3.93149454363465e-08 -2.2897728032937e-12 3.90852897122328e-08 -5.91111361533157e-08 -7.87654433341534e-08 -2.79354259125674e-10 5.85968325459133e-08 -7.88165780793292e-08 -7.88268491217921e-08 3.89316200462189e-08 5.85105488540453e-08 2.90554622523715e-08 3.88489483500359e-08 -2.00390422911164e-08 -3.16263091758051e-10 -5.92437292062001e-08 -2.72698802015186e-08
-3.4e+38 -3.4e+38 -3.4e+38 -3.4e+38 -3.4e+38 -3.4e+38 -3.4e+38 -3.4e+38 -3.4e+38 -3.4e+38 -3.4e+38 -3.4e+38 -3.4e+38 -3.4e+38 -3.4e+38 7.36526171970621e-10 3.25324755433284e-08 -1.90305137034326e-08 -9.23826615421323e-09 -1.42820240362206e-08 2.00949772601121e-08 -1.92022401639247e-08 1.51130402545196e-08 4.93358394867055e-08 1.98696806279014e-08 -1.93879572881529e-08 -3.9087415756803e-08 6.14745589457802e-08 4.91918452129096e-08 -3.91347789654126e-08 3.93468462202671e-08 3.93238217256246e-08 1.39356088079734e-11 -5.90201481781347e-08 -1.98525283250787e-08 -7.87371505783462e-08 -1.98692543696344e-08 -7.87482934206991e-08 5.86321261942917e-08 1.93277472139133e-08 1.93102773784129e-08 -4.9383085223255e-08 7.81867983619359e-08 5.85028838859567e-08 -3.96464187548275e-08 -5.92449928714675e-08 2.90862528140377e-08 -1.73542764303973e-08
-3.4e+38 -3.4e+38 -3.4e+38 -3.4e+38 -3.4e+38 -3.4e+38 -3.4e+38 -3.4e+38 -3.4e+38 -3.4e+38 -3.4e+38 -3.4e+38 -3.4e+38 -1.8796654702415e-08 -2.87137724303106e-08 -9.10827112748406e-09 2.76125165740457e-08 -6.77967647809544e-09 3.00145715249899e-08 2.25067909704487e-08 -1.92396438362446e-08 -2.66554802860649e-08 1.99837684386238e-08 5.9165926751792e-08 6.8968634372961e-08 5.90925702601577e-08 -7.83264353048669e-08 3.94185030707066e-08 1.36442104348775e-10 -1.94831978361084e-08 9.80440461448342e-09 5.88767917694449e-08 -4.69678159499579e-11 1.94463049624876e-08 1.9416231851495e-08 5.86942568921805e-08 3.90576720199455e-08 -1.98496628863269e-08 5.86425786798582e-08 -7.87932149960614e-08 5.85997334740428e-08 -1.0133025578353e-08 -1.01570042449961e-08 -4.94385058708232e-08 9.4389061132429e-09 -7.88489884725463e-08 -3.95856048127888e-08 4.63633336195392e-08
-3.4e+38 -3.4e+38 -3.4e+38 -3.4e+38 -3.4e+38 -3.4e+38 -3.4e+38 -3.4e+38 -3.4e+38 -3.4e+38 -3.4e+38 -3.4e+38 -3.4e+38 -1.87880836335642e-08 -3.85115453130392e-08 2.5250112244444e-08 3.00636124184696e-08 2.01736540034259e-08 2.99503987346485e-08 -9.38716428552717e-09 -9.38729192546911e-09 1.14659992937134e-08 -1.9301248261513e-08 2.97491673843168e-08 2.96683969760714e-08 -7.82884980868347e-08 -3.90634875821495e-08 1.97694101512642e-08 -5.87543816063257e-08 -3.91466289270677e-08 -6.87533465621169e-08 5.88032313732221e-08 -5.88729263041516e-08 -3.23103672974536e-11 -5.27257597749693e-11 3.91306804882473e-08 -1.92586666109645e-10 -5.90981431579162e-08 -1.98749011954158e-08 -3.95412356269234e-08 5.85887779102223e-08 3.89108298332606e-08 1.92651710373438e-08 6.8337892036425e-08 3.3986368788829e-08 3.89188549440742e-08 -2.96414515516089e-10 -1.75882693405515e-08
-3.4e+38 -3.4e+38 -3.4e+38 -3.4e+38 -3.4e+38 -3.4e+38 -3.4e+38 -3.4e+38 -3.4e+38 -3.4e+38 -3.4e+38 -3.4e+38 -3.35204652041153e-08 1.54473874708649e-08 1.05034401456304e-08 -1.9016741426461e-08 1.28666293062358e-08 1.02881702858844e-08 -2.9006005904734e-08 -9.39562241107178e-09 1.0226520761183e-08 5.27780517029718e-09 1.98708112248042e-08 -3.90503503007516e-08 -1.9413243645099e-08 -3.89720881664986e-08 -3.90920839814043e-08 1.71609958907171e-10 7.86240333041092e-08 1.23173336332912e-10 1.16159944048932e-10 7.85230179562799e-08 -7.86903699897607e-08 -2.19935196841899e-10 -3.93665526630283e-08 -7.86077622493328e-08 -5.90311486292192e-08 -7.87185789207997e-08 -7.87375577324262e-08 -3.9557500094345e-08 -1.99533327840529e-08 -3.9619050446087e-08 -2.98375273127814e-08 -2.98286538936183e-08 9.45550047254779e-09 7.81626798550271e-08 -4.69476152568681e-08 -6.41726490478512e-08
-3.4e+38 -3.4e+38 -3.4e+38 -3.4e+38 -3.4e+38 -3.4e+38 -3.4e+38 -3.4e+38 -3.4e+38 -3.4e+38 -3.4e+38 -3.4e+38 2.03835013225363e-08 1.30011587468336e-08 -6.62135324821227e-09 -2.51477885197875e-08 -1.42043521288205e-08 -3.39402625648094e-08 4.0447388383642e-09 -3.39165070636691e-08 2.61632047290812e-08 -9.43615563511472e-09 2.8380443424e-10 1.83851533037632e-10 -5.86033540062395e-08 -3.90899854527758e-08 7.85406227138633e-08 -3.91729467234641e-08 -3.91390421088738e-08 3.93635106694599e-08 3.92800399732992e-08 3.92097036046569e-08 -3.93038736022995e-08 -3.94700592424967e-08 7.83058345473078e-08 3.91005601148412e-08 7.83548318779111e-08 -1.98554895851919e-08 -3.95109323182413e-08 1.93247133974622e-08 -5.92260047901168e-08 -7.8881056053517e-08 9.45528896357153e-09 -3.73332573710305e-10 4.38250857461943e-08 -3.83564757517265e-08 -3.59240708954488e-08 5.7979327717206e-09
-3.4e+38 -3.4e+38 -3.4e+38 -3.4e+38 -3.4e+38 -3.4e+38 -3.4e+38 -3.4e+38 -3.4e+38 -3.4e+38 -3.4e+38 2.0474566484129e-08 4.00907331644519e-08 3.51211969097619e-08 1.0485844607702e-08 -1.94503946856774e-08 -2.64427564248726e-08 2.25073571432584e-08 5.33035608404492e-09 7.80790681729391e-09 -2.41027340821127e-08 2.83406405129122e-09 -3.90082232355007e-08 2.28919652111412e-10 3.94673916954007e-08 3.93778711739066e-08 -3.9194141102968e-08 8.34804033536338e-11 3.93150163749759e-08 7.86473755867439e-08 -3.9152289608369e-08 -3.91812769592739e-08 8.24124857330456e-12 -1.97594304718297e-08 -1.71359439684433e-10 5.86713247664251e-08 1.93902303714335e-08 -3.95091414796731e-08 -2.96205804687476e-10 -7.88035484493387e-08 1.93041708721689e-08 6.83731457048238e-08 -7.88431203261256e-08 -7.88452446102327e-08 1.93141027729149e-08 -1.50225229119302e-08 -1.80964713037735e-08 -7.6986816153855e-08
-3.4e+38 -3.4e+38 -3.4e+38 -3.4e+38 -3.4e+38 -3.4e+38 -3.4e+38 -3.4e+38 -3.4e+38 -3.4e+38 2.0538689826738e-08 7.86464257064665e-10 1.05359507275142e-08 -2.87079403595266e-08 -1.89310147034789e-08 2.52217491383814e-08 -3.85429785093146e-08 3.4995797243978e-08 1.03715036539051e-08 5.20814567046428e-10 -2.59221594554597e-08 -1.92778706806298e-08 7.8752287270938e-08 -1.94808393415596e-08 3.9408192044194e-08 1.58912940542175e-10 -5.88401455848101e-08 3.93494398294287e-08 -7.84159523658815e-08 -3.92543341130338e-08 5.9904637545169e-11 1.00208144890282e-08 -6.83678946614858e-08 7.64222023308517e-08 -1.68664447212797e-08 -3.91312844655216e-08 -1.3072532816078e-10 1.94376548266392e-08 -5.91050465507639e-08 -3.95117800507357e-08 -1.99022907348471e-08 -4.44501233270695e-08 -5.08551656153294e-09 5.62340719378959e-08 -3.22024297362987e-08 -5.17744148601432e-09 2.79386745619174e-08 7.08907350872881e-08
-3.4e+38 -3.4e+38 -3.4e+38 -3.4e+38 -3.4e+38 -3.4e+38 -3.4e+38 -3.4e+38 -3.4e+38 2.05377642591631e-08 -1.88136600692279e-08 1.0563267984578e-08 1.05758927905144e-08 -1.8916258495082e-08 -2.87182980797434e-08 2.03470074195298e-08 -9.10931279863494e-09 -1.90154520152685e-08 -9.32020170618375e-09 1.03269666802055e-08 4.97830805931605e-10 -1.90570626845798e-08 -3.87209396443544e-08 3.73554455745677e-10 -7.83331036207329e-08 -3.91134218133231e-08 -7.8427125947602e-08 -9.65748602948027e-09 3.94075641918943e-08 -3.91586074948939e-08 3.93514972308665e-08 3.92497097317521e-08 5.88306708966932e-08 9.85246733204434e-09 -1.45012133935279e-08 -5.86627626278314e-08 -6.87663074813075e-08 -1.97795127328399e-08 -1.98155956175624e-08 3.90496145660203e-08 2.43027043154863e-08 4.89365065383407e-08 -1.73010992522687e-08 3.91418199440924e-08 -6.39052170144956e-08 -9.9171684842353e-09 5.88146098364295e-08 -1.00037334599454e-08
-3.4e+38 -3.4e+38 -3.4e+38 -3.4e+38 -3.4e+38 -3.4e+38 -3.4e+38 -3.4e+38 -3.4e+38 -2.85455218545155e-08 -8.93833953743201e-09 -3.82971345247451e-08 2.05404255259325e-08 1.05785983669414e-08 -9.01196375768914e-09 -2.86895723375569e-08 2.03293327643294e-08 2.02056045463183e-08 -9.32548631630302e-09 -8.13042410618387e-09 -1.91176219738238e-08 6.58236223345218e-10 5.87496444966835e-10 4.00877267295841e-10 -3.90440094675257e-08 -3.92198543225497e-08 6.87544517059865e-08 9.98912671696149e-09 -1.95626844642667e-08 -3.91962642323032e-08 -7.8569401992532e-08 7.83144090467455e-08 3.9064937183248e-08 -2.16756854437659e-10 -7.88033182509519e-08 -2.85303943449567e-10 -2.18877452316157e-10 -2.14845694154427e-10 -2.63835165557906e-10 2.9180680688296e-08 1.94899565425656e-08 4.76193723844433e-09 5.37310860343728e-08 3.42355029764835e-08 -3.93456047123864e-08 1.95940195451532e-08 -6.87023499780247e-08 1.94818341332026e-08
-3.4e+38 -3.4e+38 -3.4e+38 -3.4e+38 -3.4e+38 -3.4e+38 -3.4e+38 -3.4e+38 -3.4e+38 1.07565821720824e-08 3.03513127144842e-08 9.58780812402141e-10 -3.4e+38 -3.4e+38 4.01612680063602e-08 2.04394767492678e-08 3.99992825586294e-08 2.02534784445302e-08 4.96347930055146e-10 7.81376993221279e-09 -1.91029938522663e-08 6.11505208980187e-10 5.1561817135215e-10 -7.81174518295028e-08 1.60314154971309e-10 1.08974012564225e-10 1.96828742543153e-08 -3.92156374792175e-08 7.8557400498929e-08 -3.15935304439227e-14 -9.29207947507594e-11 -3.93953323480473e-08 -2.60167944677965e-10 -2.97078604682298e-10 7.8126353728958e-08 -3.4548822706582e-10 -7.87991128510738e-08 3.89945576553461e-08 1.93372366917975e-08 -5.91641354767326e-08 2.92936341190557e-08 -1.00458444532914e-08 3.90363560140167e-08 1.45335005527126e-08 -1.47962661035628e-08 2.20748108703266e-08 -3.45042382768207e-08 4.40151383296635e-08
-3.4e+38 -3.4e+38 -3.4e+38 -3.4e+38 -3.4e+38 -3.4e+38 -3.4e+38 -3.4e+38 -3.4e+38 -3.4e+38 -3.4e+38 -3.4e+38 -3.4e+38 -3.4e+38 -3.4e+38 -3.4e+38 -3.84163280926997e-08 4.00754807294094e-08 6.42603783851187e-10 -9.37057395080472e-09 2.01318227444637e-08 5.09638677350092e-10 3.97494062552162e-08 -3.90147941238186e-08 1.44175432347466e-10 -3.9184212787355e-08 -1.96586671835549e-08 7.84530462876183e-08 3.91249971189669e-08 -3.92934372985832e-08 -5.41544102121439e-11 7.8426154377013e-08 3.90350183773662e-08 -2.48289784770846e-10 -7.87954858108652e-08 3.89334625580058e-08 -2.61588631338799e-10 5.85879641976285e-08 -3.04418863339714e-10 -5.90851821106901e-08 -1.6254179085939e-10 5.8659390341854e-08 3.90472495015385e-08 9.64832784971421e-09 -5.90540257241373e-08 -5.89086250480248e-08 -9.99245936843823e-09 6.85672817721201e-08
-3.4e+38 -3.4e+38 -3.4e+38 -3.4e+38 -3.4e+38 -3.4e+38 -3.4e+38 -3.4e+38 -3.4e+38 -3.4e+38 -3.4e+38 -3.4e+38 -3.4e+38 -3.4e+38 -3.4e+38 -3.4e+38 8.60811510092172e-10 -2.87116643682614e-08 -2.15488944423652e-08 3.97108736493101e-08 2.01167255918761e-08 3.97362162670913e-08 -3.88254803274565e-08 -1.93805514225276e-08 7.86701172119869e-08 -3.9258534309252e-08 -7.55914320382517e-11 9.71022645070834e-09 -5.8878378291183e-08 5.15799402154697e-11 7.85879375590422e-08 -5.88548126309247e-08 -5.89573230751986e-08 3.92455965637138e-08 -7.86234337503009e-08 3.91094108892995e-08 -5.90403905376244e-08 1.94919225196539e-08 -3.93807535705619e-08 3.91177195979941e-08 5.87458688805387e-08 7.82994507213632e-08 3.92465712697717e-08 6.87075575308049e-08 -9.9542303602273e-09 3.41961150002771e-08 -6.88533647594385e-08 5.87609408711783e-08
-3.4e+38 -3.4e+38 -3.4e+38 -3.4e+38 -3.4e+38 -3.4e+38 -3.4e+38 -3.4e+38 -3.4e+38 -3.4e+38 -3.4e+38 -3.4e+38 -3.4e+38 -3.4e+38 -3.4e+38 -3.80008058989874e-08 2.05579587099955e-08 -3.60886906585905e-08 -1.90755797123457e-08 2.9853039009298e-08 -1.91832578077313e-08 -1.92228894770769e-08 4.29940999728124e-10 -3.89383068148363e-08 1.65811804338238e-10 -2.93913025963115e-08 -1.96022209298001e-08 5.12570079864238e-11 3.92983162658107e-08 3.93395794097762e-08 3.92707584492527e-08 -2.93149137640197e-08 2.94387485267534e-08 -7.85611496018057e-08 -4.76329258886168e-11 3.91644433876014e-08 -1.97483671075077e-08 3.91276967408975e-08 5.87598928097889e-08 5.87847478141566e-08 -1.99653489928183e-11 1.96189192660186e-08 3.90841918343732e-08 5.87409086699271e-08 3.9146329464308e-08 4.8959017629106e-08 9.70611252608525e-09 -2.95704329677876e-08
-3.4e+38 -3.4e+38 -3.4e+38 -3.4e+38 -3.4e+38 -3.4e+38 -3.4e+38 -3.4e+38 -3.4e+38 -3.4e+38 -3.4e+38 -3.4e+38 2.08468142096207e-08 -3.4e+38 -3.80704796390934e-08 2.05519831629926e-08 4.00525651434392e-08 -2.38784286476479e-08 2.36474729835808e-09 1.99813031482845e-08 -9.55385758968173e-09 -3.90765368928755e-08 -5.87108347589703e-08 -3.90319795087207e-08 3.94198312633804e-08 1.45748669956197e-10 3.93558475434985e-08 3.92922063212974e-08 9.31906019333901e-11 -3.91909946681063e-08 3.91625472660139e-08 -7.86506989673496e-08 7.83954353189659e-08 -1.02324705331128e-10 -1.97681134342656e-08 -1.77970103885438e-10 1.94990981438691e-08 -7.86180830904134e-08 3.91724331057195e-08 1.95598358510479e-08 1.95538145783444e-08 -7.85047123536146e-08 4.17728699910911e-11 3.91617788809138e-08 -5.89551375272263e-08 9.74727687334819e-09 1.95644149867867e-08 -2.95223872650915e-08
-3.4e+38 -3.4e+38 -3.4e+38 -3.4e+38 -3.4e+38 -3.4e+38 -3.4e+38 -3.4e+38 -3.4e+38 -3.4e+38 -1.8477334219289e-08 -3.81671434766546e-08 2.06810242433242e-08 -1.86031508996408e-08 2.06987931377095e-08 -2.84962642507066e-08 2.04313337513318e-08 -8.98318778489981e-09 3.15224011222527e-09 2.97578576174424e-08 -2.91461652491537e-08 1.98303208625923e-08 1.00684403506998e-08 -6.83571860517235e-08 -5.86637233635944e-08 1.01014230601993e-10 7.85844633725253e-08 -3.90987128970021e-08 7.86003225818163e-08 3.56248855630811e-11 -1.29610152875763e-10 3.91209510061544e-08 7.8462249021611e-08 3.91999883735053e-08 7.84133508486179e-08 5.87717897731098e-08 -3.93257626883858e-08 -3.93282964491697e-08 -1.07200525791537e-10 -5.89420688680635e-08 3.92192147231033e-08 5.88423681360981e-08 -5.88874413995896e-08 3.93415193281581e-08 5.88541326982016e-08 4.90373923301533e-08 6.86567885405239e-08 9.76192134603353e-09
-3.4e+38 -3.4e+38 -3.4e+38 -3.4e+38 -3.4e+38 -3.4e+38 -3.4e+38 -3.4e+38 -3.4e+38 -3.4e+38 1.0735543319828e-09 -3.81676054877307e-08 2.06058940023028e-08 -1.86563989371981e-08 9.74533027692723e-10 2.05164929526152e-08 -9.11078240023865e-09 2.52237926518577e-08 6.66466538887597e-10 -2.17743855800299e-08 3.43026577876441e-08 -2.29528026550326e-08 -1.92374080356589e-08 1.98828111387436e-08 5.89972063954779e-08 -1.95277248278461e-08 3.94058198923412e-08 -1.66900747716584e-12 7.86115077944589e-08 1.43747521604342e-10 -3.92331977293575e-08 -3.93847955078468e-08 -7.85787390903699e-08 -3.93043784144376e-08 -2.89019066956124e-11 -5.5808281162174e-11 1.96055251684433e-08 5.88384540503856e-08 -1.9650642753915e-08 2.93952690704006e-08 3.927162619648e-08 -4.90191020579195e-08 -5.87664742891218e-08 1.4319524694421e-10 -5.8923752829603e-08 7.84853595751188e-08 5.8851186470677e-08 6.86491838566897e-08
