data/pcas/pca_proj/PC19.asc
NCOLS 494 
NROWS 529 
XLLCORNER -117.166666666667 
YLLCORNER -55.5 
CELLSIZE 0.166666666666667 
NODATA_value -3.4e+38 
[rows 220 to 241 of 529, columns 240 to 287 of 494]
-1.32960512580968e-10 -2.02365895552861e-10 -2.5925040873636e-10 -2.429134613033e-10 -2.98336096705446e-10 -3.36333195177198e-10 -4.43861280174811e-10 -3.81302166719543e-10 -3.7673514667484e-10 -3.68398676035554e-10 -3.3935128986546e-10 -3.02748483085018e-10 -2.35190552302644e-10 -1.73896132832703e-10 -1.04366171305106e-10 -8.1813768618651e-11 -5.04185082410058e-11 1.8628295441811e-11 4.49707345675434e-11 1.46672676820345e-10 1.17989897073566e-10 6.6936494172331e-11 7.30124569082659e-12 2.80136737063659e-13 6.46510585532724e-11 1.22352101516987e-10 1.36034547104685e-10 1.52292117395882e-10 1.34977617648426e-10 1.34687368330919e-10 7.69008100228839e-11 7.71984608590614e-11 5.35892834083449e-11 8.72345552332407e-11 8.30359881913244e-11 1.05812146329393e-10 1.14126809947589e-10 2.29802165402651e-10 2.43106327329759e-10 2.11965004721509e-10 1.81699917527708e-10 1.89528081831548e-10 2.09251113277727e-10 2.1297238455849e-10 1.89046150716164e-10 1.93036675380948e-10 2.02105214863048e-10 2.84349025211447e-10
-1.39245311670283e-10 -1.52610344047859e-10 -2.21389606518885e-10 -2.31501487536254e-10 -2.70398397829477e-10 -3.35436283479001e-10 -3.95062054505502e-10 -4.12442676293117e-10 -3.83722791431332e-10 -3.44185839924694e-10 -3.2442624955918e-10 -2.97345789880931e-10 -2.37229200289206e-10 -1.95656362376267e-10 -1.69959834496185e-10 -1.00146012678357e-10 -1.01770835556771e-10 -1.52619259221627e-11 7.28319338940467e-11 8.81599174825491e-11 5.92237918447718e-11 6.3995931882533e-12 -5.54705842270758e-11 4.35926038039061e-12 9.72897071748956e-11 1.05632498021888e-10 8.40560043462558e-11 4.28517702859283e-11 8.18403713483943e-11 8.67249119784564e-11 8.83980742907148e-11 7.59902840698668e-11 5.34406439949744e-11 5.36182111707365e-11 6.79036403479082e-11 7.4735801232304e-11 1.04590944389195e-10 1.43768119846773e-10 2.38672383588895e-10 2.21104630684e-10 2.42023895014932e-10 2.51056682663744e-10 2.7314063848191e-10 2.06575284038161e-10 1.71697717327044e-10 1.81342523487736e-10 2.2151363411266e-10 2.18500583102668e-10
-1.01769164514416e-10 -1.33905174403325e-10 -2.35239102919926e-10 -2.70919895431244e-10 -2.70049726184768e-10 -3.35579196831074e-10 -3.86882781237438e-10 -3.85527627289586e-10 -3.72561643158575e-10 -3.47792781993952e-10 -2.94147635994471e-10 -2.85806383760741e-10 -2.32682049309997e-10 -2.25256595637944e-10 -2.11606118724631e-10 -1.85995940883065e-10 -1.91852497506378e-10 -4.53217482207394e-11 4.60008025183627e-11 1.51722812657256e-11 3.08471843008466e-12 -5.57681646103526e-11 -7.30172076014987e-11 2.44022677078853e-11 8.92378084585196e-11 7.70359146455797e-11 6.02906686093122e-11 2.84407991844076e-11 5.18248717140377e-11 6.33803686447723e-11 8.97534582857598e-11 8.57108378276811e-11 6.71792590669504e-11 3.87336330986161e-11 8.06521408879265e-11 1.15436650212652e-10 1.07413787740753e-10 1.33826136778664e-10 1.88110863315684e-10 2.33358313684088e-10 2.27778420175215e-10 2.26174069014476e-10 2.57821483974376e-10 2.38686975872578e-10 1.86678851912242e-10 2.20879037166889e-10 1.86786716533129e-10 1.75341320506663e-10
-8.6621853159734e-11 -1.18226505767883e-10 -2.03420636900011e-10 -2.82058205894759e-10 -3.68635986559238e-10 -3.18358859302946e-10 -3.30832801221657e-10 -3.50970980095376e-10 -3.55119773782638e-10 -3.47467977375528e-10 -3.16682669936417e-10 -2.54386997967531e-10 -2.05426858553177e-10 -1.93694185508964e-10 -1.78424127958651e-10 -2.0842515338516e-10 -2.56236917028962e-10 -4.75599023417427e-11 2.35931015032471e-13 1.22019203765346e-11 -4.85588983433094e-11 -7.4897327978198e-11 -2.57842798086494e-11 6.75484127414234e-11 8.77758223768446e-11 7.84630175492819e-11 6.97641748816766e-11 8.4301109089401e-11 7.37889365053377e-11 7.00528074428277e-11 4.65317900337729e-11 5.18209140474345e-11 6.98754305582528e-11 6.68191430694818e-11 7.44737356152218e-11 6.80141717670745e-11 8.06711626428451e-11 9.40886783822094e-11 1.03872674292606e-10 2.16747806397219e-10 1.910016460957e-10 2.0300471613023e-10 2.57875948560955e-10 2.63324071573139e-10 2.50162583018912e-10 2.25667774139546e-10 2.31401215941423e-10 1.91329384933568e-10
-6.86100895382375e-11 -1.48263575639475e-10 -2.10153565730362e-10 -2.7583711540023e-10 -3.94983231165801e-10 -3.76364337007035e-10 -3.89763303495123e-10 -3.89408010306158e-10 -3.3958431751913e-10 -3.45853783050481e-10 -2.76969211609625e-10 -2.34013567827577e-10 -2.12582644793357e-10 -1.83188351043985e-10 -1.56254022029194e-10 -1.70991366209383e-10 -1.42583265440245e-10 2.62037530732404e-12 7.80798412148235e-11 6.51384644027516e-11 4.20762926761378e-11 1.87280776253951e-11 8.21611403829135e-11 1.17943936995318e-10 8.21128964064543e-11 9.00097610615754e-11 4.768817612391e-11 1.06509115346789e-10 8.38981970902676e-11 9.65958278480744e-11 5.33188404530065e-11 1.88000056214983e-11 5.16941020772524e-11 2.43063685284145e-11 1.9091990838193e-11 2.05108542951062e-11 5.04200637041126e-11 6.51856433887844e-11 1.06964442430292e-10 1.09636962780986e-10 2.28728295300164e-10 1.24943917745057e-10 2.68291361779633e-10 2.14987394952321e-10 2.16273306920602e-10 1.84435838354315e-10 1.7434947319831e-10 1.70457491146258e-10
-4.64691341453514e-11 -1.26036041929642e-10 -1.95191162804041e-10 -2.40012781798156e-10 -3.38515621196148e-10 -3.49510118345989e-10 -3.66517388922071e-10 -4.10404110659318e-10 -4.35687495874238e-10 -4.12446111329053e-10 -3.24437696326441e-10 -2.43362279260362e-10 -1.66920110027372e-10 -1.5637216479933e-10 -1.05554131482619e-10 -1.13221917314372e-10 -2.42715904933455e-11 7.91430999092753e-11 8.45611335362586e-11 9.10401802094994e-11 7.17802800714216e-11 1.7044988072351e-10 1.55855856784559e-10 1.18473142076886e-10 8.3581002327114e-11 9.6859729019792e-11 7.51638587203477e-11 8.1836335887312e-11 9.03910257217306e-11 4.83936622071929e-11 5.98200525784762e-11 2.79475451244277e-12 9.39306364027152e-12 -1.98250891892401e-11 6.52819667592958e-12 -3.43957519683159e-12 2.63270535588359e-11 5.7378994995662e-11 1.08122740845081e-10 1.39147794550112e-10 1.7690908744309e-10 2.7828576192327e-10 2.5204175634538e-10 2.44911632574443e-10 2.2400565361195e-10 1.90458853197335e-10 1.61257199874556e-10 1.64523211117182e-10
-4.47120579297494e-11 -1.19908975426829e-10 -2.22318072937526e-10 -2.56784383632484e-10 -3.21420333325725e-10 -3.4983278648343e-10 -4.04004817768458e-10 -4.34535500870536e-10 -4.50338309437855e-10 -4.08249014032652e-10 -3.36691943673447e-10 -2.2384783397923e-10 -1.3807891919082e-10 -6.50650368820297e-11 -1.10999391575552e-11 1.78038701441688e-11 8.75070149348645e-11 7.49770083324239e-11 2.06449372878179e-11 6.1328199024635e-11 1.15918508245018e-10 2.03197364060938e-10 1.4923958106368e-10 1.39702415357092e-10 1.3412365644347e-10 1.12846980999637e-10 1.20957010459473e-10 9.72068580131238e-11 6.34915179919796e-11 2.58046645340938e-11 3.17337826430282e-11 2.0690712010135e-11 -7.644163059e-13 -4.95364725620622e-12 1.14766710863406e-11 1.01129344630733e-11 5.66895189875033e-11 8.20438695242466e-11 1.15673646698062e-10 9.99711077184885e-11 2.45767717617928e-10 2.36600542929495e-10 2.3432804855461e-10 2.18073504467049e-10 2.06931292269421e-10 2.30598312970427e-10 2.53133391682632e-10 2.2876001763789e-10
-8.76454741714488e-11 -1.59341268293453e-10 -1.99270875773184e-10 -2.91097293082227e-10 -3.45798466260849e-10 -3.74961331434751e-10 -4.20279291795782e-10 -4.79064086904298e-10 -4.40840371974791e-10 -3.87064190132495e-10 -2.9101261051422e-10 -1.75115789507834e-10 -1.05340928384988e-10 -2.98700497101863e-11 1.53426068871919e-11 4.03763685762892e-11 5.44927396380244e-12 9.99903156460915e-12 1.88648492322705e-11 7.9697878240462e-11 1.59483103700581e-10 1.72187540215211e-10 1.78603155001329e-10 1.61318805615622e-10 1.33755394771547e-10 1.23770503733626e-10 9.72156600969187e-11 6.10220858708545e-11 3.53315910333606e-11 8.38936779460823e-12 1.79820167069154e-11 -5.38797045433738e-12 3.37835153224565e-11 1.37774613387294e-12 3.13716053209149e-11 5.28351476664478e-11 8.85141963894193e-11 9.28161689787723e-11 7.9017026374035e-11 2.20140110281911e-10 2.59951878739529e-10 2.39346134042198e-10 2.02771102663882e-10 2.38210917407293e-10 2.41576384658109e-10 2.23524010677594e-10 2.12578310760973e-10 2.81481171102056e-10
-2.02306321877236e-10 -2.3752349791333e-10 -1.5741499750688e-10 -2.41020904409178e-10 -3.32941200779851e-10 -3.56904459585106e-10 -3.94411934890294e-10 -4.71200612959802e-10 -4.22772842091437e-10 -3.49225506436652e-10 -2.62803670380783e-10 -1.35812532699674e-10 -4.45829158864294e-11 -1.05457084167047e-11 1.58651742721586e-11 -2.37467400978898e-11 -5.41978429552423e-11 -2.03752850091315e-11 -4.2733378706488e-11 5.05625354402191e-11 1.13844273040607e-10 1.58760463640088e-10 1.17768388923167e-10 1.50064324905831e-10 1.09130403052745e-10 8.79798048069806e-11 5.68401220609283e-11 5.31833803194781e-11 8.38141414410786e-12 -1.05658083122973e-11 3.57478529545425e-11 -9.10053108297442e-14 1.90395212118752e-11 -5.47075824017836e-12 2.08438605454477e-11 5.79578348738792e-11 4.88021392952851e-11 8.78268817843529e-11 8.30286295546892e-11 2.39104636278307e-10 2.4989434998661e-10 2.42658890277551e-10 2.19883596925253e-10 2.13212658982148e-10 2.18160022763658e-10 2.15961899714811e-10 2.20513616141404e-10 2.64585652890524e-10
-1.47318576326211e-10 -1.20239500251732e-10 -1.73606429722724e-10 -1.11462638749321e-10 -1.88523747316222e-10 -2.40054994551411e-10 -3.03800726050188e-10 -3.9093698411764e-10 -3.64020031714622e-10 -2.7088971932704e-10 -2.17313455927582e-10 -8.73491365657942e-11 -8.67872028448801e-11 -9.01303033782034e-11 -1.02893666637667e-10 -6.94116500126496e-11 -8.9338796910252e-11 -1.17761957813209e-10 -7.25327681260955e-11 1.51562736279573e-11 7.10976506042277e-11 8.80191366072158e-11 9.1944956470268e-11 1.02097945932762e-10 1.13393198608158e-10 8.35348443527607e-11 1.26608064061534e-11 3.10151776345736e-11 -1.5908883301389e-11 2.55601916899611e-12 2.32028711735424e-11 7.40867615242624e-11 8.66966399921616e-11 6.3644933759915e-11 3.72758862502442e-11 3.94476564102918e-11 5.14018468621357e-11 6.79964513873471e-11 8.84771387371666e-11 2.23070973010464e-10 2.40546791518129e-10 2.04702733136072e-10 1.83424039179301e-10 2.46939385770531e-10 2.35996503203561e-10 1.98927728069779e-10 2.19309002554082e-10 2.42815359816395e-10
-1.40644656345814e-10 -1.71867069653952e-10 -1.06132206342905e-10 -8.50850628893392e-11 -1.19899897998219e-10 -1.10994085920462e-10 -1.66156295145529e-10 -2.36895148323439e-10 -2.15754631823031e-10 -1.48343087177948e-10 -2.92597388010261e-11 -1.27626693085106e-10 -1.54361084973757e-10 -1.74605446296365e-10 -1.68975955740745e-10 -1.85701152152998e-10 -1.79358218667396e-10 -2.16052869345633e-10 -1.68554749972752e-10 -8.87880825931918e-11 2.3608282615022e-11 7.52356514608808e-11 8.16509654035755e-11 6.87338296845851e-11 9.2932011674163e-11 6.39735995027966e-11 2.57451881681877e-11 1.58441670591178e-11 1.84715064361303e-12 4.55165122304465e-11 6.06665678555283e-11 7.6359511063833e-11 1.27420322474507e-10 9.87586487385482e-11 7.51303770636143e-11 2.94885508511648e-11 7.05341804677158e-11 1.03378180720068e-10 2.17073723941832e-10 2.14171315230759e-10 2.17858673424109e-10 2.08243725523285e-10 1.95805473349075e-10 1.95072819952644e-10 1.81368178287094e-10 1.68268660704139e-10 1.87532658066244e-10 1.97450583338466e-10
-7.68973481660282e-11 -1.69217029751987e-10 -7.07669460430994e-11 -5.68649672241353e-11 -8.98053131795706e-11 -2.50871664892883e-11 -1.87708141303718e-11 -1.07863648955862e-10 -1.19996621531806e-10 -7.91597172069919e-11 -5.81462220012094e-11 -1.73517679114164e-10 -2.26318170486082e-10 -2.67281522768372e-10 -2.64266046631659e-10 -2.26805102604737e-10 -2.10273001792787e-10 -1.93288437668565e-10 -1.97596859075961e-10 -1.57201452879177e-10 -7.16780083777707e-11 4.22968594944793e-12 1.91355707430397e-11 1.04110296100605e-10 9.13568921246412e-11 5.79023157877052e-11 3.71489683316329e-11 5.6179059140684e-11 4.42196719862296e-11 6.50333383478185e-11 1.04455559377315e-10 1.39029049005327e-10 1.8607773112822e-10 1.20956579779634e-10 1.22541326725104e-10 1.01496035003424e-10 8.82978964364875e-11 9.20640155317084e-11 2.24355563380168e-10 2.06874865808509e-10 1.9266030208963e-10 1.95730752274996e-10 1.92619298093875e-10 1.87131271384227e-10 1.56352465296868e-10 1.2959221002043e-10 1.3157423671971e-10 1.33738483070591e-10
-8.84420678898996e-11 -1.61746316781784e-10 -5.18131968323834e-11 -8.33917293857365e-12 -4.46745578973578e-12 1.16896409090292e-11 1.66695444927006e-11 -3.9397073401348e-11 -6.02563184060851e-11 -7.41448525825824e-11 -9.89400341837387e-11 -2.44360969367344e-10 -2.62109749533147e-10 -3.02916685924217e-10 -2.47850617562071e-10 -2.24009425303512e-10 -2.3300178850208e-10 -2.14433376621456e-10 -1.61256800035535e-10 -1.48903113955847e-10 -6.54012194883229e-11 -2.88872482982811e-11 1.24806542373143e-11 8.04494750619673e-11 1.00330089460444e-10 5.9355780287629e-11 5.58101192677505e-11 8.94908756233908e-11 8.48846574905295e-11 1.19259528888476e-10 1.39412723426583e-10 1.55650908095718e-10 1.88898908481876e-10 1.34992540432193e-10 1.23376662285763e-10 1.29072965751225e-10 8.66478116283051e-11 9.57862430142126e-11 2.27840235065972e-10 2.00231670562387e-10 1.95019308124291e-10 1.93149987883723e-10 2.01614258098641e-10 2.01739314350904e-10 1.44203800476021e-10 1.02115968506864e-10 5.53962681516354e-11 7.56254329607099e-11
-1.46808524547191e-10 -1.03137368841772e-10 -2.45029559173088e-11 3.14097663817219e-11 3.00029285022251e-11 2.63870701544837e-11 -7.463404750042e-11 -5.54084747167439e-11 -1.09778901678722e-10 -9.33372047014463e-11 -2.17063373987247e-10 -2.25731712046868e-10 -2.60377873749619e-10 -2.4866041236967e-10 -2.47514386440773e-10 -2.39679646304747e-10 -2.36033478901237e-10 -2.09299031053909e-10 -1.5297919315639e-10 -1.10219583711591e-10 -8.98148915320895e-11 -2.7653997048876e-11 3.47013607120206e-11 5.36210565624922e-11 9.4363011601427e-11 1.07253038522186e-10 8.70229587554714e-11 1.20475372030361e-10 1.38666775632272e-10 1.32107313998279e-10 1.45273525394945e-10 1.64897908922732e-10 2.22585672056088e-10 1.73629690851366e-10 1.62443894816298e-10 1.33734026959556e-10 8.47222345214694e-11 6.31626947425063e-11 7.39773097786315e-11 2.09242219716965e-10 1.83441490754972e-10 1.95951086680674e-10 1.92152153576979e-10 1.74784373643544e-10 8.89205628481274e-11 7.10853717533761e-11 2.27428972480462e-11 5.2336599904368e-13
-9.4617136523693e-11 -8.33424405923259e-11 -9.66596838587965e-11 2.22304384159369e-11 6.91606590402274e-11 1.59381259237484e-10 5.37028216622528e-11 -1.34859960633029e-10 -2.12149757870079e-10 -1.84031018927243e-10 -1.7719257440929e-10 -1.88349349763854e-10 -2.20081012112513e-10 -2.15878704584553e-10 -2.08326068823695e-10 -1.94673842900104e-10 -2.20874950507224e-10 -2.03785881486308e-10 -1.82326442729435e-10 -8.35381554046948e-11 -4.93759927722099e-11 -2.67931504200385e-12 -5.70789884977732e-12 5.53330410680055e-11 1.19727167522852e-10 1.20348315486415e-10 1.44029012579039e-10 1.84002798476816e-10 1.83120849297903e-10 1.77445987894161e-10 2.12001287556714e-10 1.99174308979456e-10 2.45544069049114e-10 2.00705715487636e-10 1.60507165218984e-10 1.22302978494428e-10 9.47385720310598e-11 5.93190461258168e-11 4.80432144577511e-11 1.97411124287405e-10 1.84596719447949e-10 1.88919823208554e-10 2.10183916941071e-10 1.82787238699827e-10 1.15186059310321e-10 3.88676127310712e-11 -3.57303694982229e-11 -8.32895968575533e-11
-1.26578377566869e-10 -7.40267770974758e-11 -3.58872905933654e-11 -4.05108431733451e-11 1.08662130698884e-10 4.67695507102846e-11 -2.02686675563808e-11 -3.13344992306429e-11 -1.01556570590685e-10 -1.38673908055212e-10 -1.27403380643374e-10 -1.13553600001989e-10 -1.68985613767642e-10 -2.116869616822e-10 -1.87572878030178e-10 -2.12628377395205e-10 -2.39700210559369e-10 -1.97204850714469e-10 -1.54536142123641e-10 -1.06211987448795e-10 -5.86435396272123e-11 -2.14718213620194e-11 4.63834661926354e-11 8.26521175282855e-11 1.44510826122054e-10 1.59368234533044e-10 1.96758706697368e-10 1.86315163108676e-10 1.90005724600769e-10 1.9790949800156e-10 2.24883400550501e-10 2.28798255301947e-10 2.19818911568671e-10 1.97114764150246e-10 1.41709168019752e-10 8.54914612660756e-11 5.22970832304937e-11 3.67626867423168e-11 2.1871703931071e-11 1.8173927038538e-10 1.71007589030614e-10 2.13150166454283e-10 2.15192981364797e-10 1.50469817077758e-10 1.06783645589186e-10 5.9033288671118e-11 -3.28433720626173e-11 -8.10867648961273e-11
-5.61677498457381e-11 -7.99813940280521e-11 -3.26685407338075e-11 8.02397323195532e-11 9.69777684996132e-11 2.87696372408107e-11 1.44187527512946e-10 1.48336343020113e-11 5.15968524211211e-11 6.30399002785849e-12 -4.54985856837651e-11 -5.13611891025082e-11 -1.10388589472256e-10 -1.4126580427865e-10 -2.08796381499499e-10 -2.08220127520207e-10 -1.88228428861698e-10 -1.99436577993702e-10 -1.30783473696511e-10 -1.27341983875278e-10 -8.06115116137546e-11 -3.85199521207082e-11 4.30145955750831e-11 1.20519431455442e-10 1.49068081732279e-10 1.58632283149137e-10 2.00854600126638e-10 1.94365394759122e-10 2.1750486801133e-10 2.1959978711972e-10 2.4379886560975e-10 2.2937776746575e-10 2.00472807520638e-10 1.80828151696512e-10 1.1478221709726e-10 3.92719531243676e-11 -7.47217607304514e-12 7.86647309585381e-12 -3.04487507750147e-11 -3.78741274740027e-11 2.13944691306748e-10 2.44924821202821e-10 2.52458950590979e-10 1.8215362334999e-10 1.41620168067332e-10 6.13171201745311e-11 -2.10193690187821e-11 -4.02480723394738e-11
-3.93655784411364e-11 -1.159707593198e-10 9.42429745224807e-12 7.45858556883112e-11 1.09472791813191e-11 1.05112965048548e-11 1.5510821839779e-10 9.52307774209152e-11 6.20237965653997e-11 9.35124454024852e-11 8.15611995408865e-13 -1.74411536683307e-11 -2.75066055143578e-11 -1.32050595791456e-10 -1.779632712764e-10 -1.73661493921215e-10 -1.52777091487965e-10 -1.64841380604689e-10 -1.15419227796377e-10 -8.10269789647108e-11 -7.35865876195158e-11 -4.58815002717525e-11 1.22294037724449e-11 8.00592966708795e-11 1.16112943531489e-10 1.66554237580887e-10 1.92303475756936e-10 2.24536180378527e-10 2.62107938687471e-10 2.56319073343995e-10 2.37880800320366e-10 2.1468509667076e-10 1.8855595224339e-10 1.73445533753846e-10 5.98371239597907e-11 1.02705226347742e-11 -4.94254984877066e-11 -2.98874947561651e-11 -6.54054187396871e-12 1.76103463568836e-11 7.14706204180055e-11 2.66442407268088e-10 2.72941327161147e-10 2.48188740834134e-10 1.792166588092e-10 1.07932463522939e-10 8.13095810843696e-11 4.26997883312712e-11
6.28558695387834e-11 3.00620422530709e-11 1.55200847692673e-10 4.91669415935894e-11 4.34964914502654e-11 2.58701669081014e-11 1.34167425375008e-10 -3.97825482688208e-11 -3.20365747979491e-12 5.01730042521239e-11 1.03968935259679e-10 3.33773398642993e-11 -5.27667218750051e-11 -1.13067449372469e-10 -1.84598280402747e-10 -1.55619057493485e-10 -1.64223814959465e-10 -1.47587441790068e-10 -1.21918800593753e-10 -7.09041210638764e-11 -6.46621872084009e-11 -5.35122878797318e-11 -1.86587440410697e-11 3.15495940918966e-11 8.1523791461142e-11 1.36975526646326e-10 1.96029463235124e-10 2.74679042366071e-10 3.06468511403017e-10 2.80850778872236e-10 2.65520493658862e-10 2.18743529423361e-10 1.9260050984319e-10 1.30981110040759e-10 4.55707887284811e-11 -4.66342620496733e-11 -1.30237919291304e-10 -1.15964147366775e-10 -4.80958292481732e-11 4.89308622337619e-11 9.95379057673195e-11 8.88424506108851e-11 2.83700212269099e-10 2.72758965939693e-10 2.5113704128518e-10 1.73474354132027e-10 1.2274222110465e-10 1.09144030626703e-10
7.49053297000047e-11 1.14263502488937e-10 1.79526767153876e-10 6.47741927766562e-11 3.91163386517257e-11 9.34547740369316e-11 1.23129645450357e-10 4.20829754036263e-11 -1.27664534992785e-11 4.68054548439675e-11 1.03460017187531e-10 3.00176804380895e-11 -8.46318710325599e-11 -1.60821947590641e-10 -1.71287366548646e-10 -1.56732360963099e-10 -1.38635357169077e-10 -1.35633950245882e-10 -1.28228853823621e-10 -1.08253885442625e-10 -5.93503276940361e-11 -5.75065902455672e-11 -5.1796284585739e-11 4.01458123371872e-12 5.20908264095881e-11 1.09235582730705e-10 1.96492340014e-10 2.69943468358423e-10 3.18049191280596e-10 3.30605775712011e-10 3.04303811354163e-10 2.63779158034918e-10 1.84956238546205e-10 1.24252699880176e-10 3.06825698267369e-11 -3.86590253461689e-11 -5.73205619501412e-11 -7.39589179281466e-11 -5.11209781128732e-11 2.48596053374125e-12 6.83105941467806e-11 8.80399019819142e-11 1.26660071035452e-10 3.34867131442756e-10 3.08776874604349e-10 2.37974064326147e-10 1.87497451897618e-10 1.96643376132512e-10
-1.9331503809968e-11 4.54799567933244e-11 1.75736018747943e-10 8.74151846049199e-11 5.47589563071887e-11 2.29038522841701e-10 5.2846736465259e-11 1.36127950484948e-10 -2.93043544002312e-11 1.24075334292801e-11 4.17692115070744e-11 -1.48735616133949e-11 -1.50383225207532e-10 -1.82582306385182e-10 -2.06653720172061e-10 -1.8777638050479e-10 -1.54333610513525e-10 -1.34482366355135e-10 -1.07643662801234e-10 -1.05975176439472e-10 -1.06533186975633e-10 -6.68720001515603e-11 -7.11541074843202e-11 -3.66586872351397e-11 3.71488221313297e-11 1.06122994097564e-10 1.46452143281311e-10 2.0274737017392e-10 2.50112824436941e-10 2.674064089696e-10 2.6625993537965e-10 2.36700784441966e-10 1.81866472098298e-10 1.05950151427275e-10 5.1386163502033e-11 2.83232664128677e-11 6.27042888127099e-12 -7.15423692398595e-12 -8.55470710025519e-12 9.54971342857302e-11 1.53097400024146e-10 1.70337363027955e-10 1.55032878529171e-10 1.59652519802484e-10 1.23316819439296e-10 8.86891824327448e-11 5.8837738500816e-11 2.12096544907683e-11
-4.3606059985638e-11 2.20015739172144e-11 1.16608965779106e-10 1.73263255501245e-10 1.14869251067935e-10 1.95634055860093e-10 1.39817086212627e-10 3.82691130312421e-11 7.45823056562131e-12 -3.92422132589858e-11 -3.70447407841496e-11 -9.12335588685405e-11 -1.73123497455296e-10 -1.77213885765773e-10 -1.57012457504531e-10 -1.66104232788327e-10 -1.46852160458454e-10 -1.34760603937144e-10 -1.21904833477754e-10 -1.0478966892789e-10 -1.06710331946056e-10 -5.65982680147119e-11 -7.69735746735507e-11 -2.73327074910732e-11 -1.16153265259285e-11 4.82484688437187e-11 9.27355182756417e-11 1.48581740794516e-10 1.60218625907027e-10 1.88455209852719e-10 1.86146710721389e-10 1.77919560658203e-10 1.57397267459274e-10 1.26541841876109e-10 6.7405232474103e-11 4.54237231043448e-11 4.95728523246726e-11 1.53495705833721e-11 8.47136580324629e-11 1.60171343694895e-10 2.02917627635922e-10 2.30002564318193e-10 2.41000685830349e-10 2.14916662897498e-10 1.91053265778533e-10 1.42809249304511e-10 9.71553883621368e-11 8.57441473781318e-11
